//
segsites: 39
positions: 0.020300000000000 0.035800000000000 0.037600000000000 0.050780000000000 0.055560000000000 0.152900000000000 0.153980000000000 0.157760000000000 0.175240000000000 0.179920000000000 0.206560000000000 0.257280000000000 0.267060000000000 0.271700000000000 0.297500000000000 0.371280000000000 0.414160000000000 0.426620000000000 0.451680000000000 0.455580000000000 0.455900000000000 0.480220000000000 0.500000000000000 0.515120000000000 0.530240000000000 0.560520000000000 0.587880000000000 0.592520000000000 0.603320000000000 0.604980000000000 0.625340000000000 0.649940000000000 0.698400000000000 0.740660000000000 0.755380000000000 0.904240000000000 0.916400000000000 0.940560000000000 0.991460000000000
000110000111011010110001000011111010010
000110000111011010110011000011110110010
111000001000100001001000000101110110010
000000100010000100000000000001110110010
000110000111011010110001000001110111111
000110000111011010110011000011110110010
000111010010000100000100111001000110010
000110000111011010110011000011110110010
000110000111011010110011000011110110010
000110000111011010110011000011110110010
