//
segsites: 38
positions: 0.002960000000000 0.020560000000000 0.069200000000000 0.083760000000000 0.093420000000000 0.140920000000000 0.205320000000000 0.214880000000000 0.291640000000000 0.292020000000000 0.309780000000000 0.362120000000000 0.423840000000000 0.426520000000000 0.432300000000000 0.457880000000000 0.460280000000000 0.461260000000000 0.481160000000000 0.500000000000000 0.520720000000000 0.533020000000000 0.536760000000000 0.547080000000000 0.564080000000000 0.579300000000000 0.600700000000000 0.631200000000000 0.633400000000000 0.711480000000000 0.742300000000000 0.757380000000000 0.762260000000000 0.772840000000000 0.844260000000000 0.856940000000000 0.935020000000000 0.989840000000000
01111101000101010000000101010001000001
10000010101000011000000100010011000001
10111101000000000011101000101000001010
00111101010101100100000010000100001010
10111101000000000011101000101000001010
00111101000101100100000010000100001010
01111101000101010000000101010001000001
00111101000111100100010010000100001010
00111101000101100100000010000100110101
10111101000000000011101000101000001010
