//
segsites: 42
positions: 0.015840000000000 0.052800000000000 0.068040000000000 0.112480000000000 0.144920000000000 0.150420000000000 0.155680000000000 0.174520000000000 0.203520000000000 0.224920000000000 0.232800000000000 0.285100000000000 0.302400000000000 0.307440000000000 0.312780000000000 0.314920000000000 0.317620000000000 0.332680000000000 0.364420000000000 0.370240000000000 0.371560000000000 0.415540000000000 0.500000000000000 0.507280000000000 0.558380000000000 0.559860000000000 0.561860000000000 0.598920000000000 0.630660000000000 0.647360000000000 0.699200000000000 0.739340000000000 0.775460000000000 0.778100000000000 0.803560000000000 0.854060000000000 0.868740000000000 0.871260000000000 0.876680000000000 0.888120000000000 0.963880000000000 0.972420000000000
000000000010000100010100001011001001101000
111000000010000000010000100100000110110001
111000100000001001001110001011001001101001
000010001100001001001100011011001001101000
111001100000001001001110001011111001101000
010110011001110010101001100100000110110101
111000100000001001001110001011001001101000
111000100000001000010000001100000110110011
111000100000001001001110001011001001101000
111000100000001000010000001100000110110011
