//
segsites: 31
positions: 0.109760000000000 0.112140000000000 0.140300000000000 0.172320000000000 0.186320000000000 0.215220000000000 0.253280000000000 0.321520000000000 0.360780000000000 0.401940000000000 0.494800000000000 0.500000000000000 0.506660000000000 0.555680000000000 0.566980000000000 0.600980000000000 0.602440000000000 0.604340000000000 0.614620000000000 0.688820000000000 0.773860000000000 0.785560000000000 0.798160000000000 0.822300000000000 0.864320000000000 0.871420000000000 0.886920000000000 0.898600000000000 0.909220000000000 0.925320000000000 0.943700000000000
1100000111010100110100100101110
1100000111010100110100100101110
1100000111010100110100100101110
1100000111010100110100100101110
1100000111101010000011100101110
1100000111000000110100011000000
0010110100101000000011001010011
1001001100101000000000100101110
1100000111101001001011001010011
1100000111010100110100100101110
