//
segsites: 42
positions: 0.083080000000000 0.118300000000000 0.120640000000000 0.121740000000000 0.128220000000000 0.138060000000000 0.151200000000000 0.167980000000000 0.168220000000000 0.222140000000000 0.255340000000000 0.271480000000000 0.287580000000000 0.323160000000000 0.323980000000000 0.345180000000000 0.382440000000000 0.395380000000000 0.395720000000000 0.420360000000000 0.429260000000000 0.444300000000000 0.446840000000000 0.480700000000000 0.500000000000000 0.509800000000000 0.641840000000000 0.647640000000000 0.669200000000000 0.681940000000000 0.689480000000000 0.772540000000000 0.781480000000000 0.802740000000000 0.822900000000000 0.827860000000000 0.834840000000000 0.853920000000000 0.882440000000000 0.901580000000000 0.945140000000000 0.974400000000000
110000100100010010111010100101100000010010
110000100100010010111010100101100000010010
000110000100010010111010100101100000010010
001000101110110010100000001010001111010100
110000100100010010111010100101100000010010
110001100100010010111110000101100000110010
110000110101001111000001011010011111011101
110000100100010010111010100101100000010010
110000100100010010111010100101100000010010
110000100100010010111010100101111111010101
