//
segsites: 28
positions: 0.015460000000000 0.031080000000000 0.034300000000000 0.058100000000000 0.058620000000000 0.092900000000000 0.159440000000000 0.178160000000000 0.200940000000000 0.285560000000000 0.312180000000000 0.316960000000000 0.326020000000000 0.348960000000000 0.383340000000000 0.383920000000000 0.406180000000000 0.411600000000000 0.439440000000000 0.500000000000000 0.502860000000000 0.592000000000000 0.705600000000000 0.747840000000000 0.841080000000000 0.875400000000000 0.981680000000000 0.999040000000000
0101001010010010100011001000
0101001010010010000111001000
1011110001101101000111001000
1001010001101101001000111111
0101001010010010000111001000
0101001010010010000011001000
0101001010010010000111001000
0101001110010010100011001000
0101001010010010000111001000
0101001010010010010111001000
