//
segsites: 38
positions: 0.042620000000000 0.121220000000000 0.122040000000000 0.131380000000000 0.177820000000000 0.214800000000000 0.251380000000000 0.265320000000000 0.306160000000000 0.312360000000000 0.312420000000000 0.341380000000000 0.373020000000000 0.383680000000000 0.388800000000000 0.423080000000000 0.469500000000000 0.500000000000000 0.566300000000000 0.567460000000000 0.571300000000000 0.597600000000000 0.603980000000000 0.645840000000000 0.683900000000000 0.701000000000000 0.706000000000000 0.727100000000000 0.757180000000000 0.763760000000000 0.764320000000000 0.772820000000000 0.778560000000000 0.899760000000000 0.911860000000000 0.914360000000000 0.934600000000000 0.949880000000000
01011001010110101100000001000000000011
01011001010110101100000001000000000011
00000000100010101100000001000000000011
01011101010110101100000001000000000011
00000000100001010010010001000000000010
11011001010110101100000001000000000011
00100010001000000000101110010111001100
00000000100000010010000000101000111100
01011001010110101100000001000000000011
01011001010110101101000001000000000011
