//
segsites: 57
positions: 0.005960000000000 0.007920000000000 0.022460000000000 0.025200000000000 0.026940000000000 0.079040000000000 0.081880000000000 0.086840000000000 0.100760000000000 0.133820000000000 0.188600000000000 0.190800000000000 0.193000000000000 0.213420000000000 0.215600000000000 0.229340000000000 0.262500000000000 0.275640000000000 0.290660000000000 0.298100000000000 0.317840000000000 0.354280000000000 0.358700000000000 0.375300000000000 0.381400000000000 0.382660000000000 0.401760000000000 0.407420000000000 0.428580000000000 0.500000000000000 0.510920000000000 0.538220000000000 0.539880000000000 0.545780000000000 0.562240000000000 0.568940000000000 0.607060000000000 0.610320000000000 0.616480000000000 0.633120000000000 0.633780000000000 0.638740000000000 0.659840000000000 0.660980000000000 0.669840000000000 0.695680000000000 0.698200000000000 0.705640000000000 0.708260000000000 0.714180000000000 0.716960000000000 0.721480000000000 0.734560000000000 0.765900000000000 0.774580000000000 0.833680000000000 0.959160000000000
000000000101000000011001000011001101000001000001000101000
110000100000000101001001000010001101000000010000000000011
001001000100010000000000000010001101000001001001000110000
001001000100001010100100110000100000100000010010010000001
000000100000000100001001000010100000000010110000000000001
000000001101000000011001000011001101000001000001000101000
000000000101100000011001000011001101000001000001000101000
000000000111000000011001000011001101000101000001000101000
110000000100000000000110001100010110011000000100101000100
000110010100000010100100110000100000100000010000000000001
