//
segsites: 39
positions: 0.006900000000000 0.017860000000000 0.035020000000000 0.039620000000000 0.044640000000000 0.067120000000000 0.101580000000000 0.131980000000000 0.134620000000000 0.145500000000000 0.183680000000000 0.203760000000000 0.212440000000000 0.224680000000000 0.228220000000000 0.244260000000000 0.248020000000000 0.265060000000000 0.266920000000000 0.270560000000000 0.311300000000000 0.321420000000000 0.337160000000000 0.483820000000000 0.500000000000000 0.570900000000000 0.596180000000000 0.653420000000000 0.674460000000000 0.714660000000000 0.716520000000000 0.733940000000000 0.740120000000000 0.751760000000000 0.807640000000000 0.844140000000000 0.916680000000000 0.935200000000000 0.952600000000000
000100101011010100000011011110100010001
011011000101101011101011100000010001010
011011000101101011101011100000010001010
011011010011010100000111011110100010001
100000000001010100000011000001101100110
011011000101101011111011100000010001010
011011000101101011101011100000010001010
000100101011010100000011011110100010001
000100101011010100000011011110100010001
011011000101101011111011100000010001010
