//
segsites: 58
positions: 0.014200000000000 0.015360000000000 0.082440000000000 0.102620000000000 0.151800000000000 0.187660000000000 0.196740000000000 0.198700000000000 0.206760000000000 0.217400000000000 0.234080000000000 0.237660000000000 0.248720000000000 0.258060000000000 0.264000000000000 0.302200000000000 0.309260000000000 0.327920000000000 0.332280000000000 0.361440000000000 0.385200000000000 0.398180000000000 0.405180000000000 0.405380000000000 0.457840000000000 0.460340000000000 0.479760000000000 0.490620000000000 0.500000000000000 0.524160000000000 0.533760000000000 0.562000000000000 0.569840000000000 0.579560000000000 0.616420000000000 0.643100000000000 0.698760000000000 0.700220000000000 0.736420000000000 0.743700000000000 0.745920000000000 0.750460000000000 0.776760000000000 0.783360000000000 0.789860000000000 0.848740000000000 0.860780000000000 0.879760000000000 0.890200000000000 0.893700000000000 0.920940000000000 0.922680000000000 0.934080000000000 0.951540000000000 0.953860000000000 0.954960000000000 0.979120000000000 0.997780000000000
1111110000000100000100000110011000100000001000010000000000
1001101101111001001000010000101001000000000010101110100010
1001101101111001001000010000101001000000000010101110100010
1001101101111001001000010000101001000000000010101110100010
1001101101111000110010000110000011000001000010000000000001
1001101101111001001000010000101001000000000010101110100010
0000000000000010000001100001001001010000100011000001011000
1001100000000100010010001110000100001110010100010000000000
1001101101111001001000010000101001000000000010101110100010
1001100010000100010010000110000011000001000010001010100110
