//
segsites: 39
positions: 0.055040000000000 0.078000000000000 0.146840000000000 0.156540000000000 0.177700000000000 0.183040000000000 0.218820000000000 0.243320000000000 0.248320000000000 0.251740000000000 0.268140000000000 0.278580000000000 0.294820000000000 0.346560000000000 0.406300000000000 0.415700000000000 0.454000000000000 0.483820000000000 0.500000000000000 0.511860000000000 0.513160000000000 0.541600000000000 0.557060000000000 0.564740000000000 0.575740000000000 0.599220000000000 0.615920000000000 0.627180000000000 0.653980000000000 0.655740000000000 0.659820000000000 0.711860000000000 0.793320000000000 0.812460000000000 0.836960000000000 0.873120000000000 0.903140000000000 0.916240000000000 0.987220000000000
001001100010000101001011000110100010110
010000001100110000000000000001000010001
010000001100110000100000000001000010001
010000001100110000100000000001000010001
010100001100110000010000000001000010001
100010010000000000000100010000000000110
010000010001001010000000101110011111001
000001000010000001001011000110100010001
010000001100110000100000000001000010001
010000001100110000100000000001000010001
