//
segsites: 40
positions: 0.040520000000000 0.047500000000000 0.065400000000000 0.075240000000000 0.086800000000000 0.090040000000000 0.094700000000000 0.108280000000000 0.121560000000000 0.142220000000000 0.221400000000000 0.260380000000000 0.286240000000000 0.347240000000000 0.368640000000000 0.376460000000000 0.388180000000000 0.397840000000000 0.433560000000000 0.458020000000000 0.500000000000000 0.502400000000000 0.513700000000000 0.572500000000000 0.635160000000000 0.650580000000000 0.715880000000000 0.756460000000000 0.771180000000000 0.797860000000000 0.824760000000000 0.841360000000000 0.860400000000000 0.865420000000000 0.881180000000000 0.902220000000000 0.981020000000000 0.982140000000000 0.982320000000000 0.987820000000000
1100100101100010011011110100001101110000
1100100101100010011011110100001101110000
1100100101100010011011110100001101110000
0010111100100000100000000010000001000011
1100100101100010011011110100001101110000
0001000010011101000100000010100001000011
1100100101100000011000001001000011011100
1100100101100010011011110100001101110000
0010101100100000100000000010010001000011
1100100101100010011011110100001101110000
