//
segsites: 47
positions: 0.027440000000000 0.035340000000000 0.156420000000000 0.166800000000000 0.205960000000000 0.220080000000000 0.226840000000000 0.239440000000000 0.242800000000000 0.282100000000000 0.283740000000000 0.332280000000000 0.332920000000000 0.395620000000000 0.457440000000000 0.470420000000000 0.500000000000000 0.529280000000000 0.543280000000000 0.554400000000000 0.568480000000000 0.629960000000000 0.654820000000000 0.661560000000000 0.665780000000000 0.676140000000000 0.690560000000000 0.702840000000000 0.733420000000000 0.746860000000000 0.756860000000000 0.759360000000000 0.768880000000000 0.825500000000000 0.848800000000000 0.852020000000000 0.865700000000000 0.896260000000000 0.906280000000000 0.916220000000000 0.921820000000000 0.944340000000000 0.944540000000000 0.947220000000000 0.963100000000000 0.966560000000000 0.974980000000000
00000110111100000000011001000111101000101110000
01010010111100000001011000000111101000101100000
10101001011111011100000100101000011001000001100
10000000000000010000000010101000011001000001011
10101001011111011000000010010100000110010000000
00000010111100000001011000000111101000101100000
10000010011100100010100100001000011001000001011
00000110111100000000011001000111101000101110000
10000000000000010000000010010100000110000000000
10101001000000010000000010010100000110000000000
