//
segsites: 61
positions: 0.012120000000000 0.042160000000000 0.043980000000000 0.070700000000000 0.072420000000000 0.073960000000000 0.079920000000000 0.092700000000000 0.093280000000000 0.104960000000000 0.108080000000000 0.116180000000000 0.142120000000000 0.160580000000000 0.163140000000000 0.164680000000000 0.166640000000000 0.172060000000000 0.175600000000000 0.186960000000000 0.188280000000000 0.196560000000000 0.203720000000000 0.204940000000000 0.204960000000000 0.206840000000000 0.318260000000000 0.329840000000000 0.334260000000000 0.357700000000000 0.363240000000000 0.405520000000000 0.406340000000000 0.414680000000000 0.416640000000000 0.430100000000000 0.438120000000000 0.462560000000000 0.466540000000000 0.500000000000000 0.513640000000000 0.524180000000000 0.524580000000000 0.532840000000000 0.543560000000000 0.543720000000000 0.648320000000000 0.657740000000000 0.779880000000000 0.814840000000000 0.826720000000000 0.876920000000000 0.903780000000000 0.908500000000000 0.916180000000000 0.940440000000000 0.946200000000000 0.955380000000000 0.986400000000000 0.993960000000000 0.994740000000000
0000000001000001000001001010010110011000010110100001000100000
1110000100011010100000110100000000000001100000010010000011000
1110000100011010110000110100000000000000100000010110000011000
0000000000000010100000110100000000000001100000010010000011000
0000000000000000000000000000000000100010100001010110100011100
0001110010100100001110000001001001000100001110001000011000001
1110000100011010100000110100000000000001100000010010000011000
1110000100011010100000110100000000000001100000010010000011000
1110000100011010100000110100000000000000100000010000000000000
0000001100011001000001001000100000000000100000010110000011010
