//
segsites: 45
positions: 0.043660000000000 0.067840000000000 0.118120000000000 0.127840000000000 0.128260000000000 0.132020000000000 0.139760000000000 0.146220000000000 0.160940000000000 0.173980000000000 0.183240000000000 0.183460000000000 0.240620000000000 0.250920000000000 0.274380000000000 0.281560000000000 0.282060000000000 0.289640000000000 0.329880000000000 0.331460000000000 0.344960000000000 0.346880000000000 0.373600000000000 0.380920000000000 0.417760000000000 0.420040000000000 0.421680000000000 0.455640000000000 0.462040000000000 0.487080000000000 0.500000000000000 0.521460000000000 0.565060000000000 0.713700000000000 0.775620000000000 0.789700000000000 0.793460000000000 0.871300000000000 0.916800000000000 0.930560000000000 0.937100000000000 0.944120000000000 0.956380000000000 0.957100000000000 0.992780000000000
001010000001101001101101101000111101100000011
110101010010101001101101101010001000110100011
001010000001101001101101101000111101100000011
000100000100110000010010010010001000110100011
001010000001101001101101101000111101100000011
001010000001101011101101101000111101100000011
001010000001101001101101101000111101100000011
001010000001101001101101101000111101100000011
001010000001101001101101101000111101100000011
001000101000000100000000000101001010001011100
