//
segsites: 48
positions: 0.024200000000000 0.029900000000000 0.164820000000000 0.215740000000000 0.227760000000000 0.233100000000000 0.243280000000000 0.257300000000000 0.291000000000000 0.297660000000000 0.306860000000000 0.310160000000000 0.320620000000000 0.335400000000000 0.367300000000000 0.367620000000000 0.374920000000000 0.401160000000000 0.429200000000000 0.457780000000000 0.474240000000000 0.500000000000000 0.508160000000000 0.520900000000000 0.532900000000000 0.549500000000000 0.577700000000000 0.619620000000000 0.642420000000000 0.660340000000000 0.666340000000000 0.694680000000000 0.707200000000000 0.722580000000000 0.723280000000000 0.729160000000000 0.757200000000000 0.767000000000000 0.787740000000000 0.802140000000000 0.814280000000000 0.823780000000000 0.871920000000000 0.894200000000000 0.900280000000000 0.975120000000000 0.975840000000000 0.976300000000000
110111111010001000000100100000000000010000000100
111000000101100111100011001111100000100001001000
110111111010001000000100100000000000010000000100
110111111010001000000100100000000000010100000100
000000000010011000001000100000011001001000000001
000000000010011000011000100000011011001000010011
110111111010001000000100100000000000010000000100
110111111010001000000100100000000000010010000100
110111111010001000000100110000000000010000000100
001000000101100111100011001010100100101000100000
