//
segsites: 34
positions: 0.033740000000000 0.038980000000000 0.094620000000000 0.146740000000000 0.228440000000000 0.235500000000000 0.251920000000000 0.252140000000000 0.279660000000000 0.297620000000000 0.306900000000000 0.365480000000000 0.399340000000000 0.434740000000000 0.457820000000000 0.464960000000000 0.485500000000000 0.500000000000000 0.520280000000000 0.524360000000000 0.538700000000000 0.541660000000000 0.583280000000000 0.595220000000000 0.604900000000000 0.744220000000000 0.746760000000000 0.789540000000000 0.805640000000000 0.828040000000000 0.859400000000000 0.900440000000000 0.938300000000000 0.998260000000000
1010010010000000010110101101011001
1010010010000000010110101101011011
1010010010000000010110101101011001
1010010010000000000000000000011001
1011010010000000010110101101011101
1010010010000000010110101101011001
1010010010000000010110101101011001
0000110000111001001001010010110000
0100011101000110100000000010110000
1010010010000000010110101101011001
