//
segsites: 22
positions: 0.017120000000000 0.019180000000000 0.039280000000000 0.057980000000000 0.076620000000000 0.103720000000000 0.114480000000000 0.146980000000000 0.165380000000000 0.273500000000000 0.440060000000000 0.443980000000000 0.500000000000000 0.595220000000000 0.609400000000000 0.624380000000000 0.631360000000000 0.685460000000000 0.710840000000000 0.865900000000000 0.957540000000000 0.985520000000000
0001111001101101001000
0001111001101101101000
0001111001101101001000
0001011001100101001000
0001011111100010001010
0101011001110010010101
0001111001101101001000
0001111001101101001000
0001111001101101001000
1011111001101101001000
