//
segsites: 50
positions: 0.009480000000000 0.016700000000000 0.024700000000000 0.098080000000000 0.121020000000000 0.141640000000000 0.187080000000000 0.201940000000000 0.216320000000000 0.233240000000000 0.234140000000000 0.246440000000000 0.291460000000000 0.329560000000000 0.344180000000000 0.354360000000000 0.391060000000000 0.422600000000000 0.445840000000000 0.453520000000000 0.456680000000000 0.483840000000000 0.499440000000000 0.500000000000000 0.511520000000000 0.540720000000000 0.550680000000000 0.579820000000000 0.591540000000000 0.596580000000000 0.597160000000000 0.601300000000000 0.604000000000000 0.638440000000000 0.639420000000000 0.661800000000000 0.724540000000000 0.733460000000000 0.754560000000000 0.776940000000000 0.793100000000000 0.809800000000000 0.813360000000000 0.828800000000000 0.838740000000000 0.841480000000000 0.877180000000000 0.935060000000000 0.947660000000000 0.970080000000000
10001011100001000110011100000100000010000100000000
00110001000100100001110000000100000110000000100000
10000001000000100100010000001010100010111000000000
01001000011000100100010000001010100001000000000000
10001011100001000110011100000100000010000100000000
01000101000000100000010000000100001010101000001010
10001011100001000110011000000100000010000000110011
10001011100001000110011100000100000010000100000000
00110001000011011000010011100101010010000111000100
00110001000011001000010011110101010010000100000000
