//
segsites: 45
positions: 0.039940000000000 0.047840000000000 0.055040000000000 0.066500000000000 0.077580000000000 0.091080000000000 0.127960000000000 0.150380000000000 0.163700000000000 0.172680000000000 0.176240000000000 0.177460000000000 0.209860000000000 0.213620000000000 0.224880000000000 0.258520000000000 0.270980000000000 0.293420000000000 0.339960000000000 0.372760000000000 0.379840000000000 0.445060000000000 0.469640000000000 0.500000000000000 0.534880000000000 0.536200000000000 0.567980000000000 0.572180000000000 0.596600000000000 0.601740000000000 0.658500000000000 0.670400000000000 0.720440000000000 0.741120000000000 0.741420000000000 0.750960000000000 0.775480000000000 0.797580000000000 0.807060000000000 0.824900000000000 0.853200000000000 0.879260000000000 0.907620000000000 0.925900000000000 0.962120000000000
010001000100101011000100011000100101000100101
010000000100101010010101000000001000100011000
000100010000010000100010011000110001000001000
010000000100101010010101000000001000100011000
101100000011000100001100100111000010011000010
010000000100101010010101000000001000100011000
010000000100101010010101000000001000100011001
000010101000000001000100011000100101000100101
010000000100101010010101000000001000100011000
010000000100101010010101000000001000100011000
