//
segsites: 60
positions: 0.023360000000000 0.038360000000000 0.040980000000000 0.076880000000000 0.101060000000000 0.149580000000000 0.152500000000000 0.173140000000000 0.199580000000000 0.203220000000000 0.211700000000000 0.214320000000000 0.226400000000000 0.298100000000000 0.348360000000000 0.349060000000000 0.379420000000000 0.386960000000000 0.403260000000000 0.417520000000000 0.423740000000000 0.431000000000000 0.483040000000000 0.490780000000000 0.494240000000000 0.500000000000000 0.517200000000000 0.518060000000000 0.520580000000000 0.545160000000000 0.580840000000000 0.584040000000000 0.635840000000000 0.639040000000000 0.657880000000000 0.674020000000000 0.676460000000000 0.696520000000000 0.769320000000000 0.779580000000000 0.786940000000000 0.790160000000000 0.800240000000000 0.812680000000000 0.848960000000000 0.852460000000000 0.861580000000000 0.863580000000000 0.868160000000000 0.869760000000000 0.877920000000000 0.894100000000000 0.895660000000000 0.912440000000000 0.923400000000000 0.965880000000000 0.977560000000000 0.984000000000000 0.990240000000000 0.996200000000000
000101000001010000000100101000010110010000000000001100100101
100001000001010000000001000010101000100000000010100001000000
010000001100001000101010000010100001000000011100000000000101
001000000010010010010001010011101000000000000000000010000000
001010000010010110010001010011101000000000000000000010000000
000101000001010000000001000110101000000000000000000010000000
000101000001010000000001000010101000000000000000000010000000
001100110000110001000000101000010110010001000000011100100010
001000000010010010010001010011101000001110100001000000011101
000000000000010000000000101000010110010000000000001100100010
