//
segsites: 53
positions: 0.022260000000000 0.028100000000000 0.056920000000000 0.059220000000000 0.070400000000000 0.072120000000000 0.115580000000000 0.118700000000000 0.156440000000000 0.171780000000000 0.199480000000000 0.233780000000000 0.237200000000000 0.253200000000000 0.291480000000000 0.294800000000000 0.320520000000000 0.337420000000000 0.348060000000000 0.382380000000000 0.460280000000000 0.475780000000000 0.500000000000000 0.566600000000000 0.598540000000000 0.611920000000000 0.628460000000000 0.630460000000000 0.653460000000000 0.665100000000000 0.669860000000000 0.707880000000000 0.731200000000000 0.755960000000000 0.770060000000000 0.818500000000000 0.831300000000000 0.844000000000000 0.848940000000000 0.860480000000000 0.862080000000000 0.905580000000000 0.910380000000000 0.911740000000000 0.914360000000000 0.941680000000000 0.954020000000000 0.955260000000000 0.959780000000000 0.962060000000000 0.972980000000000 0.985660000000000 0.999300000000000
00010000100111110000001100010000010000100110000001000
00000110100000110000001100010000010000100110000001000
01010000100111100011000001001000010000010011010110000
00010000100111100011010001001111000000000010010100000
10001110011000001101100000100000101100001000000000000
00000111100000110000001100010000010000100110000001000
00000110100000110000000110010000000011000000100000111
00000110100000110000001100010000010000100110000001000
00000110100000110000001100010000010000100000101000000
00100110100000110000001100010000010000100110000001000
