//
segsites: 53
positions: 0.014940000000000 0.015120000000000 0.019860000000000 0.102560000000000 0.111220000000000 0.115680000000000 0.131160000000000 0.154700000000000 0.188420000000000 0.210220000000000 0.217420000000000 0.217700000000000 0.297460000000000 0.301020000000000 0.309020000000000 0.349860000000000 0.384920000000000 0.393580000000000 0.399720000000000 0.408360000000000 0.417980000000000 0.451800000000000 0.479000000000000 0.500000000000000 0.537080000000000 0.540500000000000 0.579560000000000 0.581140000000000 0.585240000000000 0.621520000000000 0.648020000000000 0.649940000000000 0.677280000000000 0.699080000000000 0.722760000000000 0.727540000000000 0.747860000000000 0.758900000000000 0.767420000000000 0.772220000000000 0.777360000000000 0.788380000000000 0.830480000000000 0.867060000000000 0.907200000000000 0.922320000000000 0.928480000000000 0.940960000000000 0.945720000000000 0.946580000000000 0.957980000000000 0.983140000000000 0.991500000000000
10010101011001001001010000000000100000001010001001010
10010101111010101000000010000000010100000000110000100
10010111000101001000100001101111000001010110000010001
10010101011010110100001000000000010000000001001000010
10011111001010101000000000000000010010000000001000010
10010111000101001000000100000000100000100010001100010
11110101000101001010000000000000101000000010001000010
10010111000101001000000100000000100000100010001000010
10110101000100001000000000010000100000000010001000010
10110101111010101000000000000000010000000000110000100
