//
segsites: 48
positions: 0.038040000000000 0.042060000000000 0.045420000000000 0.049040000000000 0.049700000000000 0.075800000000000 0.096460000000000 0.099660000000000 0.101660000000000 0.134260000000000 0.136940000000000 0.147300000000000 0.211200000000000 0.213080000000000 0.219240000000000 0.223380000000000 0.263740000000000 0.269200000000000 0.271220000000000 0.291400000000000 0.300780000000000 0.311740000000000 0.315360000000000 0.352480000000000 0.355700000000000 0.372920000000000 0.415480000000000 0.415680000000000 0.459240000000000 0.490500000000000 0.500000000000000 0.555460000000000 0.587800000000000 0.595100000000000 0.600500000000000 0.687720000000000 0.705460000000000 0.718580000000000 0.740280000000000 0.742640000000000 0.747000000000000 0.806640000000000 0.839780000000000 0.851340000000000 0.866440000000000 0.877580000000000 0.951340000000000 0.972120000000000
001100111110001000000001000000001000010010010011
000010000000000000001000100100100000011011000111
010100100001110010100010001001010000000000011000
000010000000000000000000100100100000011011000111
100000111110001000000000100100000000011111000111
000010000000000000000000100100100000011111000111
000010000000000101010000001001010001110011000111
000010000000000000000000100100100000011011000111
010100100001110010100010001001010000000000011000
001101111110001000000100010010000110011111100100
