//
segsites: 43
positions: 0.037220000000000 0.043720000000000 0.049760000000000 0.059840000000000 0.093000000000000 0.106940000000000 0.134680000000000 0.187640000000000 0.207180000000000 0.211760000000000 0.215740000000000 0.244840000000000 0.339280000000000 0.370200000000000 0.388760000000000 0.393600000000000 0.396920000000000 0.483780000000000 0.500000000000000 0.516380000000000 0.521780000000000 0.522240000000000 0.534540000000000 0.535280000000000 0.538960000000000 0.557520000000000 0.562780000000000 0.678760000000000 0.730360000000000 0.769160000000000 0.770740000000000 0.791020000000000 0.796280000000000 0.815900000000000 0.817560000000000 0.831800000000000 0.844880000000000 0.880300000000000 0.889060000000000 0.926120000000000 0.942300000000000 0.959960000000000 0.985280000000000
0100000100110100101010010000011011001111110
1000000100110100100010010000011011001111110
0001110100110100101010010000011011001111110
0010001011001011000101001101111010010001000
1000000100110100110010110000000101101101001
1000000100110100101010010000011011001111110
0100000100110100101010010010011011001111110
0100000100110100101010010000011011001111110
0100000100110100101010010000011011001111110
1000000100110100100010110000000101001111110
