//
segsites: 42
positions: 0.009420000000000 0.035240000000000 0.068420000000000 0.121180000000000 0.129860000000000 0.200280000000000 0.261560000000000 0.278640000000000 0.285980000000000 0.309420000000000 0.313140000000000 0.313480000000000 0.315020000000000 0.333060000000000 0.362400000000000 0.379100000000000 0.398600000000000 0.468220000000000 0.478700000000000 0.481420000000000 0.500000000000000 0.525780000000000 0.548520000000000 0.564720000000000 0.583720000000000 0.596600000000000 0.621860000000000 0.631520000000000 0.669660000000000 0.691340000000000 0.692640000000000 0.722200000000000 0.722680000000000 0.794120000000000 0.812260000000000 0.826260000000000 0.826340000000000 0.867480000000000 0.874720000000000 0.879520000000000 0.938160000000000 0.993820000000000
100000001100000001000000100110001001000010
010001001100000000000001110001011001001010
000000101111101000010000100010001001100010
100010000000010010110100100010001001100011
100000011100000001001000101110000111010010
000100101111101100010010100010001001100011
100010000000010000010000100010100001000010
000000000000010000010000100010100001000010
100000011100000001001000101110000111010010
101010101111101000010000100010001001000110
