//
segsites: 40
positions: 0.004060000000000 0.034360000000000 0.049660000000000 0.061440000000000 0.098860000000000 0.115560000000000 0.122700000000000 0.124020000000000 0.173300000000000 0.267840000000000 0.283340000000000 0.343300000000000 0.347940000000000 0.351280000000000 0.356640000000000 0.359780000000000 0.446860000000000 0.476820000000000 0.497680000000000 0.500000000000000 0.514080000000000 0.561740000000000 0.587160000000000 0.607980000000000 0.624220000000000 0.662520000000000 0.716540000000000 0.735940000000000 0.739120000000000 0.750620000000000 0.770680000000000 0.797820000000000 0.811480000000000 0.812160000000000 0.861280000000000 0.908640000000000 0.920220000000000 0.938980000000000 0.952920000000000 0.975320000000000
0010011011000000001000001000000001000000
0001100101101001000000011111000010000000
0000000001000110100001100000000010000110
0000000011000000000110011010111000000000
0000000011000000000110011010111000000000
0000000001000100100001100000000010000110
0000000011000000000110011010111000000000
1001100101001001000000011111000010100001
0001100101011001010000000011000110011000
0110011011000000000110011010111000000000
