//
segsites: 34
positions: 0.026240000000000 0.090400000000000 0.136240000000000 0.136960000000000 0.141920000000000 0.201320000000000 0.217800000000000 0.234060000000000 0.326040000000000 0.342100000000000 0.394060000000000 0.415600000000000 0.440080000000000 0.500000000000000 0.566680000000000 0.572440000000000 0.573560000000000 0.590200000000000 0.631500000000000 0.662420000000000 0.703140000000000 0.725840000000000 0.758700000000000 0.767480000000000 0.767640000000000 0.781140000000000 0.806980000000000 0.836700000000000 0.839500000000000 0.937200000000000 0.939440000000000 0.972820000000000 0.977000000000000 0.998680000000000
1010000010011000100010001101011110
1010000010011010000010001101011110
0100010111101101001000110010110010
0101011111101001001000100010110010
0100010111101101001000100010110010
1010000010011000100010001101011110
0100110111101101001000100010110010
0100010111101101001000100010110010
0100010111101101001000100010110010
0000000010011000010101000001011111
