//
segsites: 33
positions: 0.012300000000000 0.065380000000000 0.105460000000000 0.114240000000000 0.166620000000000 0.241000000000000 0.298700000000000 0.299060000000000 0.321420000000000 0.335760000000000 0.352160000000000 0.368760000000000 0.421540000000000 0.450240000000000 0.451560000000000 0.484500000000000 0.500000000000000 0.593320000000000 0.626440000000000 0.668520000000000 0.694060000000000 0.715220000000000 0.788340000000000 0.793980000000000 0.811600000000000 0.846860000000000 0.847120000000000 0.878200000000000 0.879380000000000 0.906360000000000 0.935300000000000 0.951280000000000 0.963120000000000
000101001111000011001001100110100
000000110000100000110101111000001
111111001111010100001011100110010
000000110000100000110101111001000
000101001111000011001001100110100
000001001111000000001001100110100
000101001111000011001001100110100
000101001111000011001001100110100
111111001111011100001011100110010
111111001111010100001001100110010
