//
segsites: 45
positions: 0.061300000000000 0.103240000000000 0.135040000000000 0.150460000000000 0.170160000000000 0.198440000000000 0.198980000000000 0.214440000000000 0.220480000000000 0.270960000000000 0.279400000000000 0.293060000000000 0.318320000000000 0.324080000000000 0.341840000000000 0.375160000000000 0.436100000000000 0.440660000000000 0.450740000000000 0.500000000000000 0.530760000000000 0.538620000000000 0.550880000000000 0.560340000000000 0.566720000000000 0.582760000000000 0.595900000000000 0.620860000000000 0.657660000000000 0.660680000000000 0.697180000000000 0.698120000000000 0.708920000000000 0.713200000000000 0.724460000000000 0.750340000000000 0.753500000000000 0.772940000000000 0.815900000000000 0.838700000000000 0.841320000000000 0.895520000000000 0.897160000000000 0.952380000000000 0.980960000000000
001100100010011000000010100100011110000010000
001100100010000001000101010011101001100010000
001110010000100010111000001100001110001010000
001110010000100010111000001100001110001010000
001110000100000000101010100100011110000010000
001100100010000001000001010011001001100010000
001110000000011000101000000100011110000010001
001110010000100010111000001100001110001010000
000000000011000100000010100100011110010010000
111111001000000000101000000100011110000111110
