//
segsites: 46
positions: 0.067360000000000 0.118720000000000 0.121480000000000 0.125360000000000 0.128640000000000 0.151020000000000 0.220540000000000 0.272980000000000 0.283640000000000 0.304660000000000 0.305340000000000 0.368640000000000 0.385200000000000 0.440020000000000 0.458480000000000 0.500000000000000 0.521480000000000 0.522800000000000 0.528080000000000 0.564820000000000 0.580020000000000 0.582340000000000 0.602120000000000 0.614020000000000 0.641580000000000 0.645800000000000 0.654360000000000 0.676080000000000 0.681760000000000 0.704980000000000 0.733380000000000 0.744460000000000 0.765240000000000 0.779000000000000 0.782420000000000 0.808880000000000 0.828920000000000 0.852680000000000 0.888520000000000 0.888600000000000 0.931700000000000 0.933680000000000 0.954280000000000 0.968360000000000 0.990020000000000 0.993040000000000
1000100011010110001001010000110000000100011000
0111000010100001000100001110000100011000000000
0111000011010100001000010000010000000100011000
0111000010100001000100001110000100011000000000
0000011100001000010010100001001011100110100011
0111000010100000000100001100000100011000000000
0111000010100001000100001110000100011000000000
0111000010100001000100001110000100011000000100
0111000010101000110010100100000100011001000000
0111000010100001000100001110000100011000000000
