//
segsites: 33
positions: 0.026360000000000 0.040280000000000 0.136000000000000 0.136020000000000 0.175920000000000 0.192780000000000 0.193960000000000 0.212440000000000 0.230220000000000 0.246340000000000 0.286660000000000 0.329740000000000 0.364400000000000 0.400320000000000 0.438700000000000 0.446900000000000 0.452080000000000 0.469100000000000 0.481680000000000 0.484680000000000 0.500000000000000 0.510460000000000 0.554640000000000 0.623000000000000 0.696560000000000 0.710520000000000 0.769420000000000 0.847220000000000 0.872940000000000 0.944480000000000 0.955600000000000 0.986020000000000 0.998480000000000
110010010000011000111001111010100
000010010000100011100000000111101
110010010000011000111001111010100
110010010000011000111001111010100
111011011101000000100001110010110
000100100010000100100011111010100
110010010000011000111001111010100
110010010000011000111001111010100
110010010000011000111001111010100
000010010000100011100100000111100
