//
segsites: 34
positions: 0.036280000000000 0.056540000000000 0.070720000000000 0.097540000000000 0.108760000000000 0.121840000000000 0.157860000000000 0.167280000000000 0.225680000000000 0.232860000000000 0.267460000000000 0.295420000000000 0.331580000000000 0.342100000000000 0.415000000000000 0.500000000000000 0.538540000000000 0.618440000000000 0.625220000000000 0.706060000000000 0.706400000000000 0.709760000000000 0.748920000000000 0.758080000000000 0.815940000000000 0.823320000000000 0.826500000000000 0.833560000000000 0.878280000000000 0.889660000000000 0.907220000000000 0.932880000000000 0.982520000000000 0.988140000000000
0010100000110100110101110001100010
0000010101001011100101110101010000
0111100000001000100111101000100111
0000010101001011100101110001010000
0000010101001000100111101010100111
0000010101001011100101110001010000
1000010101001000100101110001011000
0000000010110100101101101000100111
0000010101001011100101110001010000
0000011101001011100101110001010000
