//
segsites: 30
positions: 0.017340000000000 0.035540000000000 0.166220000000000 0.182120000000000 0.195840000000000 0.205900000000000 0.251560000000000 0.259800000000000 0.300400000000000 0.392140000000000 0.398200000000000 0.429480000000000 0.487920000000000 0.500000000000000 0.538980000000000 0.555280000000000 0.566700000000000 0.589620000000000 0.604720000000000 0.614800000000000 0.627020000000000 0.680460000000000 0.682080000000000 0.765800000000000 0.899820000000000 0.908640000000000 0.946960000000000 0.971440000000000 0.997680000000000 0.998060000000000
011010100010101101000100010010
000100010101010000111000101100
000100010101010000111000101000
000100010101010000111000101000
001011100010101101000101000001
101000100101000000111000101000
101000100010101111000010101000
001010100010101101000100010010
000100010101000000111000101000
000100011101000000101010101000
