//
segsites: 34
positions: 0.030680000000000 0.099440000000000 0.114520000000000 0.138060000000000 0.144780000000000 0.163260000000000 0.164820000000000 0.229180000000000 0.247980000000000 0.274920000000000 0.277980000000000 0.331400000000000 0.352220000000000 0.368320000000000 0.369560000000000 0.378040000000000 0.500000000000000 0.516520000000000 0.534340000000000 0.581580000000000 0.648080000000000 0.651300000000000 0.702820000000000 0.709480000000000 0.718960000000000 0.727340000000000 0.729160000000000 0.818460000000000 0.822980000000000 0.823100000000000 0.897700000000000 0.906940000000000 0.953700000000000 0.967080000000000
1010010010101000110010010001110000
1010000010101000010011010000010001
1010010010101000110010010001110000
1010010010101000110010010001110000
1101000011000111010110111100001110
1010100110010111011110011110001110
1010010010101000110010010001110000
1010010010101000110010010001110000
1010001010101000010010010000110000
1010010010101000110010111100001110
