//
segsites: 50
positions: 0.006620000000000 0.008720000000000 0.016260000000000 0.033020000000000 0.085620000000000 0.174900000000000 0.223400000000000 0.261080000000000 0.262580000000000 0.290580000000000 0.324240000000000 0.327000000000000 0.337940000000000 0.339320000000000 0.345160000000000 0.345520000000000 0.360540000000000 0.374080000000000 0.375500000000000 0.382560000000000 0.423780000000000 0.435140000000000 0.448220000000000 0.455080000000000 0.461080000000000 0.462460000000000 0.500000000000000 0.500380000000000 0.527840000000000 0.528840000000000 0.559040000000000 0.561220000000000 0.573180000000000 0.574260000000000 0.585120000000000 0.634820000000000 0.645760000000000 0.692200000000000 0.747800000000000 0.757820000000000 0.788020000000000 0.853500000000000 0.856700000000000 0.867580000000000 0.889920000000000 0.923720000000000 0.928220000000000 0.947420000000000 0.955600000000000 0.982760000000000
00100101000010000000010010100010001000100101001000
00100101000010000000010010100010001000100101001000
00100101000010000000010010100010001100100101001000
00011000010101001000100000010001100011110010100010
00100101000010000000010010100010001000100101001000
00011000010101001000100000010001100011110010100011
00100101000000110111010010000000000001001000010110
01100101000000110111010010001000000001001000010010
00011000000000100000001101000100010000001000000000
10000010101010000000010010000010001000100010100010
