//
segsites: 51
positions: 0.009720000000000 0.031700000000000 0.032420000000000 0.074640000000000 0.146940000000000 0.148900000000000 0.163560000000000 0.168840000000000 0.172220000000000 0.198940000000000 0.213440000000000 0.244300000000000 0.244340000000000 0.247380000000000 0.294440000000000 0.327140000000000 0.335480000000000 0.368100000000000 0.387740000000000 0.407580000000000 0.437140000000000 0.445620000000000 0.466120000000000 0.500000000000000 0.508760000000000 0.514520000000000 0.514800000000000 0.535240000000000 0.538980000000000 0.543920000000000 0.550000000000000 0.562900000000000 0.575440000000000 0.637100000000000 0.639260000000000 0.654580000000000 0.654860000000000 0.655860000000000 0.684100000000000 0.742160000000000 0.745680000000000 0.798260000000000 0.798480000000000 0.882220000000000 0.905800000000000 0.918820000000000 0.921720000000000 0.961580000000000 0.972800000000000 0.983460000000000 0.984200000000000
110000110100010000001100000010000000110100100100000
010101001011101000010000001001011101000001111010100
010101001011101000010001001001011101000001111010100
010101001011101000010001001001011101000001111010100
010101001011101000010001001001011101000001111010100
010101001011101000010001001001011101000001111010100
010101001011101000010001001001011101000001111010100
001011000100000111100110100010000010000100100000010
010101001011101000010001001001011101000001111010100
010101001011101000000000010100110001001011101001101
