//
segsites: 56
positions: 0.009340000000000 0.040680000000000 0.042920000000000 0.075480000000000 0.079160000000000 0.088300000000000 0.090220000000000 0.091940000000000 0.103420000000000 0.111800000000000 0.125560000000000 0.125840000000000 0.138600000000000 0.149240000000000 0.150460000000000 0.157640000000000 0.173060000000000 0.175260000000000 0.177720000000000 0.208360000000000 0.209000000000000 0.210160000000000 0.287820000000000 0.331680000000000 0.335420000000000 0.348440000000000 0.415180000000000 0.430580000000000 0.456280000000000 0.491480000000000 0.500000000000000 0.511560000000000 0.532980000000000 0.536180000000000 0.601600000000000 0.665900000000000 0.700900000000000 0.706400000000000 0.720700000000000 0.723420000000000 0.742380000000000 0.768420000000000 0.781160000000000 0.797500000000000 0.835780000000000 0.836700000000000 0.853000000000000 0.863620000000000 0.885280000000000 0.895280000000000 0.914760000000000 0.933520000000000 0.946240000000000 0.946880000000000 0.953820000000000 0.967260000000000
01100000000000100000000101000000010101000000000101000101
10101010100001000001011000101010001001000111000000001000
00110001011010010001011000101010001001000111000000001000
00100000001000010000001000101010001001000111000000001000
10101010100001000001011000111010001001100111000000001000
00100000001000010000000010000101100000011000100010010000
00100100000100001111100000000100001111000000011000100010
01100000000001000001011000101010001001000111000000001000
00100000000000010000000101000000010101000000000101000101
10101010100001000001011000101010001001000111000000001000
