//
segsites: 41
positions: 0.045040000000000 0.053560000000000 0.054000000000000 0.063060000000000 0.070820000000000 0.074220000000000 0.098980000000000 0.107200000000000 0.116400000000000 0.121100000000000 0.123000000000000 0.129300000000000 0.253400000000000 0.300180000000000 0.302040000000000 0.326800000000000 0.415700000000000 0.417680000000000 0.425340000000000 0.447920000000000 0.467560000000000 0.500000000000000 0.540620000000000 0.572680000000000 0.595060000000000 0.649840000000000 0.672720000000000 0.677720000000000 0.728140000000000 0.757500000000000 0.789400000000000 0.831740000000000 0.844880000000000 0.863740000000000 0.923720000000000 0.927620000000000 0.945200000000000 0.956060000000000 0.968300000000000 0.984880000000000 0.997960000000000
00000010000110100011101000001000001000010
01010100010001000000000111100100000100100
00011000101000000101100000000000010001000
10010001000101001000000111100100000100100
01010100010001000000010110110111100010000
10010001000101001000000100001000000000001
01010100010001000000010110110111100010000
01010100010001000000010100001000000000001
01010100010001000000010110110111100010000
01110100010001010000010110110111100010000
