//
segsites: 45
positions: 0.007940000000000 0.038400000000000 0.074280000000000 0.102100000000000 0.113860000000000 0.145980000000000 0.165620000000000 0.191760000000000 0.221680000000000 0.227700000000000 0.246780000000000 0.278180000000000 0.301520000000000 0.319960000000000 0.358640000000000 0.414260000000000 0.436260000000000 0.446120000000000 0.454760000000000 0.456620000000000 0.477600000000000 0.482840000000000 0.500000000000000 0.514580000000000 0.522260000000000 0.535320000000000 0.554980000000000 0.669040000000000 0.722780000000000 0.730940000000000 0.788620000000000 0.818200000000000 0.820620000000000 0.821620000000000 0.828820000000000 0.875220000000000 0.886600000000000 0.904340000000000 0.905840000000000 0.921040000000000 0.924180000000000 0.935180000000000 0.959280000000000 0.961580000000000 0.986140000000000
000011010101101100100101100111010011010111000
000011010100001100010101100111010001010111000
100011010100101100000111100111010011010111000
100011010100101100000111100111010011010111000
001010100100000101001000011011010001010111000
000011010100011100000101100111100000001000000
000011010101101100100101100111010001110111000
010100001010100010000000010110001100010100111
100011010100101100000111100111010011010111000
001010100100000101001000010011010001010111000
