//
segsites: 54
positions: 0.005240000000000 0.011380000000000 0.035080000000000 0.097180000000000 0.119960000000000 0.120420000000000 0.129540000000000 0.147060000000000 0.176280000000000 0.179500000000000 0.187540000000000 0.201660000000000 0.226400000000000 0.311200000000000 0.320880000000000 0.379020000000000 0.380440000000000 0.382880000000000 0.394800000000000 0.413820000000000 0.415560000000000 0.419560000000000 0.453720000000000 0.496560000000000 0.500000000000000 0.507760000000000 0.577040000000000 0.577460000000000 0.605820000000000 0.623840000000000 0.664480000000000 0.707600000000000 0.732720000000000 0.733960000000000 0.738320000000000 0.742100000000000 0.766840000000000 0.770200000000000 0.778940000000000 0.783060000000000 0.809240000000000 0.813660000000000 0.843260000000000 0.853620000000000 0.855600000000000 0.857220000000000 0.866600000000000 0.897860000000000 0.903540000000000 0.909060000000000 0.911080000000000 0.913020000000000 0.925660000000000 0.947380000000000
001101100010010000110000100011010001010010110000100110
001101100010010000110000100011010001010010110000100110
001000000010010000110000100011010001010010110000100110
000000010001000000011111011000101000010001001000001000
000000010001001000011110011000100010000000000010100000
100000001100100010011010011100100100100100000001000001
010010010001000000011110011000100000010001001000001000
000000010001000101011110011000100000011000001100011000
000000010001000101011110011000100000010000001100011000
000000010001000000011110011000100010000000000010100000
