//
segsites: 51
positions: 0.045520000000000 0.051360000000000 0.054000000000000 0.094640000000000 0.098320000000000 0.141340000000000 0.154280000000000 0.180180000000000 0.180380000000000 0.190540000000000 0.214860000000000 0.240720000000000 0.281640000000000 0.310780000000000 0.330180000000000 0.356280000000000 0.364980000000000 0.395680000000000 0.397960000000000 0.402360000000000 0.424360000000000 0.450900000000000 0.457900000000000 0.458220000000000 0.500000000000000 0.501980000000000 0.532080000000000 0.536980000000000 0.554800000000000 0.559200000000000 0.560540000000000 0.569280000000000 0.574180000000000 0.575520000000000 0.586520000000000 0.605080000000000 0.662240000000000 0.685280000000000 0.702680000000000 0.723780000000000 0.745860000000000 0.781620000000000 0.791480000000000 0.792480000000000 0.798400000000000 0.812900000000000 0.828120000000000 0.882520000000000 0.901720000000000 0.904660000000000 0.953520000000000
000100000000000100100011100101000100001000111000101
000001100000000001000100010000000100001000111000101
100001010101110110000010001011000000010001000000101
000100000000000100100011100101000100001000111000101
000010000010001001011000000000100000001000111000101
001010001000000001011000000000100000001000111000101
000100000000000100100011100101000100001000111110110
000011100000000001000100000000011011100110000000101
000100000000000100100011100101000100001000111000101
010010000000001001011000000000100000001000111001101
