//
segsites: 39
positions: 0.005620000000000 0.026600000000000 0.027140000000000 0.027540000000000 0.071840000000000 0.106860000000000 0.108060000000000 0.149380000000000 0.172600000000000 0.183340000000000 0.230940000000000 0.239640000000000 0.272860000000000 0.277600000000000 0.288180000000000 0.327320000000000 0.445220000000000 0.446940000000000 0.462240000000000 0.484900000000000 0.491660000000000 0.500000000000000 0.524360000000000 0.527680000000000 0.602180000000000 0.615040000000000 0.649560000000000 0.652940000000000 0.693960000000000 0.695040000000000 0.697620000000000 0.738700000000000 0.753020000000000 0.779220000000000 0.859000000000000 0.891120000000000 0.936420000000000 0.960860000000000 0.997860000000000
100100010001100110000000010001001011010
011000010001100110000100010001011011010
100100000011011000100000001000000000001
100100010001100110000100010001001011010
100100010001100110000010010001001011010
100100010001100110000100010001001011010
100100010001100110000100010001001011010
000011000011011000011001000000101111110
100100010001100110000100010001001011010
000000101111001001000000100110000000010
