//
segsites: 31
positions: 0.004320000000000 0.037440000000000 0.081800000000000 0.130860000000000 0.159360000000000 0.235300000000000 0.322040000000000 0.323360000000000 0.329200000000000 0.334980000000000 0.340020000000000 0.359900000000000 0.379040000000000 0.447840000000000 0.500000000000000 0.515500000000000 0.658840000000000 0.681700000000000 0.688640000000000 0.749460000000000 0.808300000000000 0.810000000000000 0.812420000000000 0.813080000000000 0.824960000000000 0.840400000000000 0.850080000000000 0.898680000000000 0.915620000000000 0.936380000000000 0.993200000000000
1110100001011010001000000110001
1100100010010001110110011001110
1110100001011010001000000110000
1110100001011110001110011000000
1110100001011010001110011000000
1110100001011010001000000110000
0101111100110001010001100000000
1110100001011010001000000110000
1110100001011010001000000110000
1110100001011010001000000110000
