//
segsites: 47
positions: 0.006700000000000 0.022580000000000 0.037140000000000 0.054100000000000 0.057140000000000 0.078180000000000 0.108420000000000 0.114940000000000 0.134000000000000 0.144420000000000 0.175420000000000 0.204960000000000 0.205940000000000 0.218660000000000 0.221460000000000 0.249640000000000 0.254720000000000 0.270980000000000 0.320900000000000 0.413900000000000 0.420440000000000 0.428340000000000 0.485120000000000 0.500000000000000 0.506160000000000 0.506620000000000 0.562420000000000 0.631500000000000 0.634740000000000 0.680120000000000 0.700960000000000 0.754820000000000 0.764800000000000 0.784060000000000 0.787840000000000 0.799080000000000 0.799340000000000 0.800120000000000 0.809300000000000 0.833140000000000 0.836240000000000 0.838480000000000 0.838560000000000 0.856340000000000 0.858240000000000 0.860860000000000 0.882520000000000
00000010001011010000000010010101000011001100110
10000000010100000010000100010100100100100011001
10000000010100000010000100010100100100100011001
00010110001011010001000000001010100000010000000
10000000010100000010000100010100100100100011001
10000000010100000010000100010100100100100011001
01101001100000101100011011110101000011001100110
10000000010100000010000000010100110100100011000
00000110001011010000100100010100100100100011001
00000010001011010000000010010101001011001100110
