//
segsites: 38
positions: 0.004620000000000 0.053140000000000 0.055340000000000 0.073540000000000 0.074920000000000 0.093160000000000 0.114240000000000 0.130080000000000 0.269140000000000 0.281140000000000 0.316860000000000 0.442480000000000 0.446340000000000 0.490440000000000 0.500000000000000 0.501560000000000 0.565580000000000 0.588160000000000 0.589060000000000 0.641060000000000 0.660740000000000 0.686620000000000 0.701220000000000 0.705220000000000 0.743320000000000 0.754520000000000 0.768460000000000 0.771700000000000 0.779420000000000 0.786240000000000 0.821640000000000 0.832860000000000 0.865740000000000 0.928680000000000 0.939360000000000 0.955460000000000 0.972560000000000 0.982680000000000
11011101111011011100010000010110100001
10100010000100100001100001010010101001
11001101111011011100000100000000010110
10100010000100100000100001010010101001
10001001101011000010101010101001100000
10100010000100100000100001010010101001
11001101111011011100010000010110100001
10100010000100100000100001010010101001
10100010000100100000100001010010101001
10100010000100100000100001010010101001
