//
segsites: 27
positions: 0.051920000000000 0.064700000000000 0.112260000000000 0.113780000000000 0.142660000000000 0.220960000000000 0.282400000000000 0.287340000000000 0.290880000000000 0.433440000000000 0.500000000000000 0.532040000000000 0.552120000000000 0.666160000000000 0.681180000000000 0.688980000000000 0.801520000000000 0.831220000000000 0.831560000000000 0.835800000000000 0.840280000000000 0.853340000000000 0.888700000000000 0.907500000000000 0.922860000000000 0.926960000000000 0.987220000000000
100011110111110110000100001
100011110111110110000100001
100011110111110110000100001
101011110111110110000100001
100011110111110110000100001
100011110101101001111010001
100011111101101001111011100
110111110111110110000100011
100011110111110110000100001
100011110111110110000100001
