//
segsites: 35
positions: 0.057700000000000 0.085220000000000 0.098040000000000 0.109640000000000 0.129540000000000 0.205820000000000 0.256100000000000 0.280900000000000 0.353440000000000 0.366160000000000 0.378220000000000 0.384840000000000 0.426500000000000 0.435080000000000 0.439720000000000 0.464740000000000 0.493240000000000 0.495980000000000 0.500000000000000 0.536320000000000 0.539120000000000 0.606820000000000 0.675720000000000 0.684100000000000 0.737060000000000 0.743280000000000 0.747720000000000 0.780080000000000 0.829880000000000 0.832840000000000 0.856220000000000 0.864960000000000 0.921000000000000 0.989860000000000 0.990820000000000
10100011000000110011000110000000001
10011000001110001000100110000000001
10100011100000110011000110000000001
10011000001110001000000110010000001
01011000001110001000011011000110010
10100011100000110011000110000000001
00011000011110001100000010100001100
10100011100001110001000110001000001
10100111100000110001000110000000001
10100011100000110011000110000000001
