//
segsites: 40
positions: 0.003820000000000 0.017260000000000 0.024620000000000 0.046780000000000 0.076120000000000 0.163340000000000 0.166640000000000 0.169380000000000 0.216440000000000 0.221320000000000 0.224400000000000 0.224840000000000 0.229200000000000 0.323360000000000 0.349280000000000 0.351880000000000 0.353460000000000 0.363600000000000 0.386460000000000 0.438780000000000 0.452640000000000 0.464300000000000 0.497060000000000 0.500000000000000 0.549940000000000 0.558400000000000 0.608060000000000 0.655640000000000 0.656260000000000 0.661260000000000 0.722600000000000 0.724860000000000 0.839800000000000 0.855040000000000 0.857140000000000 0.904320000000000 0.909960000000000 0.921400000000000 0.936060000000000 0.982060000000000
0000000001010101100101011101001100010101
0000000001010101100101011101001100010101
0101100100101010011000000010010010101010
1010011011010101100101100000100010101010
0000000001010101100111011101001100010101
0000000001010101100101011101001100010101
0000000001010101100101011101001100010101
0000000001010101100101011100010000001010
0000000001010101100101001101001101010101
0000000001010101100101011101001100010101
