//
segsites: 50
positions: 0.027120000000000 0.060840000000000 0.096100000000000 0.101440000000000 0.146320000000000 0.179040000000000 0.194020000000000 0.206760000000000 0.207680000000000 0.259160000000000 0.294520000000000 0.313340000000000 0.369280000000000 0.372960000000000 0.375040000000000 0.380460000000000 0.403640000000000 0.407340000000000 0.433760000000000 0.453680000000000 0.500000000000000 0.521320000000000 0.522440000000000 0.564400000000000 0.574460000000000 0.586400000000000 0.615460000000000 0.648220000000000 0.656640000000000 0.668400000000000 0.710220000000000 0.718820000000000 0.728600000000000 0.732320000000000 0.752460000000000 0.761840000000000 0.781260000000000 0.781700000000000 0.803640000000000 0.819460000000000 0.833260000000000 0.838060000000000 0.858720000000000 0.879660000000000 0.896920000000000 0.932160000000000 0.934620000000000 0.937480000000000 0.940660000000000 0.958540000000000
10100101101001100000000100000100000000000000011101
00011010000010001100001011101001011111100000100000
10100101101001100000010010110010000000001101000000
10100101111001100000000100000100000000000000011101
10100101101001100000000100000100000000000000011101
10100101111001100000100100000100000000000000011101
01000000000100010000010010110010100000001101000000
10100101101001100000000100000000000000010011000000
10100101111001100000100100000100000000000000011101
00000000000000001011010010110010000000001101000010
