//
segsites: 55
positions: 0.030120000000000 0.040800000000000 0.047860000000000 0.150420000000000 0.187880000000000 0.207960000000000 0.209380000000000 0.231960000000000 0.232240000000000 0.235280000000000 0.304640000000000 0.314040000000000 0.326400000000000 0.348580000000000 0.379620000000000 0.388660000000000 0.411100000000000 0.415760000000000 0.441360000000000 0.459200000000000 0.461580000000000 0.463080000000000 0.482180000000000 0.495760000000000 0.496300000000000 0.497120000000000 0.500000000000000 0.502940000000000 0.551940000000000 0.553660000000000 0.585840000000000 0.600640000000000 0.604280000000000 0.611560000000000 0.614700000000000 0.636980000000000 0.649460000000000 0.659980000000000 0.689500000000000 0.720620000000000 0.728020000000000 0.749460000000000 0.766540000000000 0.776580000000000 0.783920000000000 0.790680000000000 0.809200000000000 0.815240000000000 0.824660000000000 0.871100000000000 0.903580000000000 0.915640000000000 0.919400000000000 0.933080000000000 0.968660000000000
1100000011001100110000000100100000001001000110010000101
1100011100100000010000011001011000000100101001000010000
1100011100000000010000000110000100010001000110010101010
1100011100000000010000000110000100010010000000100100010
1100011100000000010000000110000100010010000000100100010
1100000000000010010111100100000001101000010000100101010
1110000011000001011000000100000000001001000110010000101
1100000011000001011000000100000110000000101001000000000
1100000011000000010000000100100000001001000110010000101
0001100000010010010111100100000001101000000010001100000
