//
segsites: 47
positions: 0.010840000000000 0.055900000000000 0.060860000000000 0.063060000000000 0.097800000000000 0.126380000000000 0.134920000000000 0.141140000000000 0.151200000000000 0.153660000000000 0.196480000000000 0.208380000000000 0.228440000000000 0.294680000000000 0.327360000000000 0.332340000000000 0.336560000000000 0.362200000000000 0.367520000000000 0.370320000000000 0.401060000000000 0.408320000000000 0.424360000000000 0.438960000000000 0.441960000000000 0.492760000000000 0.500000000000000 0.582720000000000 0.591660000000000 0.616700000000000 0.643820000000000 0.668560000000000 0.751780000000000 0.766060000000000 0.795080000000000 0.803100000000000 0.809220000000000 0.824000000000000 0.866020000000000 0.870920000000000 0.880500000000000 0.881660000000000 0.888820000000000 0.917940000000000 0.928560000000000 0.945640000000000 0.949880000000000
00011111101010010001100110101010100010011011001
00000000001010100000001000000101101100000100010
00011111101010010001100110101010100010011011001
00100000001010100110000001010101101100000100110
00011111101010010001100110101010100010011011001
00011111101010010001100110101010100010011011001
00000000001100001000000000010101111100000100010
10011111111011000010010000001001101100100100010
00011111101010010001100110101010100010011011001
01000000000010010001100110001010100011010011001
