//
segsites: 37
positions: 0.007120000000000 0.022020000000000 0.035580000000000 0.157100000000000 0.163820000000000 0.184020000000000 0.224600000000000 0.292300000000000 0.331760000000000 0.348720000000000 0.367760000000000 0.385940000000000 0.403100000000000 0.404540000000000 0.406280000000000 0.433400000000000 0.439500000000000 0.454640000000000 0.465120000000000 0.481100000000000 0.493020000000000 0.495080000000000 0.497660000000000 0.500000000000000 0.635380000000000 0.694180000000000 0.735620000000000 0.745300000000000 0.760160000000000 0.795180000000000 0.814260000000000 0.835340000000000 0.846800000000000 0.922120000000000 0.924100000000000 0.940900000000000 0.996180000000000
0110111001011100010100001000010001111
1111000100100011100001010110001000111
1111000100100011000000101000010000111
1111000100100011100001010100110000111
0111000100100011001010001000010111111
1111000110100011100001010100110000111
1111000100100011100001010100110000111
1111000100100011100001010100110000111
1111000100100011100001010110001000111
1111000100100011100001000101110000111
