//
segsites: 31
positions: 0.013940000000000 0.059860000000000 0.064700000000000 0.074760000000000 0.108620000000000 0.117780000000000 0.120760000000000 0.129140000000000 0.135900000000000 0.181760000000000 0.219820000000000 0.280420000000000 0.288000000000000 0.357980000000000 0.362140000000000 0.368620000000000 0.414940000000000 0.439600000000000 0.465180000000000 0.500000000000000 0.507200000000000 0.553500000000000 0.644580000000000 0.647220000000000 0.647900000000000 0.683520000000000 0.693540000000000 0.743360000000000 0.918300000000000 0.934940000000000 0.959280000000000
1000100000001110010110110101101
1000100000001110010110110101101
0000000011000101101001011110010
1000100000001110010110110101101
1000100000001110010110110101101
0111010100110001100110110101101
1000100000001110010110110101101
1000001000001110010010010100101
1000100000001110010110110101101
1000100000001110010110110101101
