//
segsites: 48
positions: 0.040620000000000 0.049740000000000 0.051600000000000 0.059000000000000 0.094120000000000 0.116980000000000 0.126420000000000 0.132660000000000 0.138660000000000 0.139980000000000 0.162820000000000 0.177020000000000 0.186360000000000 0.206940000000000 0.210240000000000 0.236600000000000 0.264620000000000 0.267840000000000 0.301240000000000 0.329500000000000 0.337660000000000 0.356860000000000 0.366680000000000 0.379120000000000 0.471140000000000 0.474080000000000 0.479520000000000 0.495500000000000 0.500000000000000 0.501640000000000 0.513780000000000 0.522800000000000 0.543140000000000 0.596960000000000 0.625240000000000 0.638580000000000 0.648000000000000 0.678460000000000 0.722360000000000 0.775580000000000 0.783700000000000 0.833220000000000 0.833820000000000 0.848080000000000 0.859320000000000 0.942360000000000 0.958940000000000 0.976540000000000
100000000001001000011110001111000000011001111010
100000000001001000011110001101000000011001111010
100000000001001000011110001111000000011001111010
010100011110000000000001010000011111000100000001
000000000000010001000001010000001111000100000001
001011000000100110000001010000001100011001011110
001011000000100110000001010000101111100100000001
010100011110000000000001010000001111000100000001
100000000000100110100001010000001111100110000001
100000100001001000011110101101000000011001111010
