//
segsites: 52
positions: 0.021040000000000 0.022160000000000 0.039660000000000 0.039700000000000 0.044600000000000 0.056800000000000 0.057100000000000 0.159640000000000 0.180240000000000 0.187180000000000 0.231600000000000 0.257620000000000 0.283400000000000 0.343500000000000 0.349900000000000 0.369760000000000 0.393840000000000 0.395960000000000 0.402000000000000 0.406400000000000 0.411960000000000 0.414720000000000 0.420720000000000 0.433220000000000 0.433600000000000 0.436020000000000 0.485820000000000 0.500000000000000 0.501020000000000 0.506440000000000 0.569480000000000 0.579480000000000 0.607100000000000 0.644880000000000 0.681420000000000 0.692780000000000 0.695640000000000 0.703640000000000 0.725360000000000 0.751420000000000 0.786660000000000 0.796920000000000 0.812560000000000 0.816320000000000 0.829720000000000 0.845320000000000 0.883540000000000 0.884700000000000 0.904760000000000 0.917720000000000 0.926740000000000 0.960940000000000
0011000000100000010001010010000000000001000000000100
0100000110110010101010000100010100010110000001101001
0100000000110110101010000100000000010110000000010010
0100000000100001010001010011000000000001111110010010
1000111001001000000100101010101011101001111110010010
0100000010110010101010000100010000010110000000000000
0100000000100001010001010011000000000001111110010010
0100000000100001010001010011000000000001111110010010
0100000000100001010001010011000000000001111110010010
0100000000100001010001010011000000000001111110010010
