//
segsites: 44
positions: 0.066540000000000 0.083520000000000 0.097160000000000 0.099560000000000 0.117720000000000 0.136640000000000 0.140320000000000 0.150720000000000 0.156100000000000 0.161500000000000 0.173720000000000 0.192680000000000 0.231880000000000 0.250500000000000 0.258900000000000 0.258920000000000 0.273780000000000 0.319140000000000 0.342160000000000 0.358620000000000 0.370020000000000 0.407940000000000 0.430360000000000 0.467620000000000 0.500000000000000 0.523780000000000 0.526920000000000 0.533620000000000 0.575520000000000 0.608420000000000 0.657140000000000 0.672000000000000 0.684740000000000 0.726000000000000 0.728140000000000 0.746780000000000 0.751700000000000 0.757120000000000 0.769320000000000 0.772280000000000 0.828280000000000 0.910700000000000 0.971600000000000 0.987660000000000
10000101000000010110100100100001100110000110
10000101000000010110100100100001100100000110
10000101010111101000010010000000000100000110
01001010000000010110100100100000000100000110
00000101010111101000010000111110011101100111
01001101010111101000010010000000000100010110
00111000101000010111101101000000000000001110
00001000001000010110100100100001100100000110
10000101010111101000010010000000000100000110
10000101010111101000010010000000000100000110
