//
segsites: 50
positions: 0.013260000000000 0.024620000000000 0.046420000000000 0.058720000000000 0.081920000000000 0.082580000000000 0.087380000000000 0.095200000000000 0.107360000000000 0.111800000000000 0.118920000000000 0.121680000000000 0.143000000000000 0.145460000000000 0.149220000000000 0.172240000000000 0.193980000000000 0.204760000000000 0.236300000000000 0.258160000000000 0.274340000000000 0.276400000000000 0.302980000000000 0.323900000000000 0.334400000000000 0.339940000000000 0.357560000000000 0.385320000000000 0.443600000000000 0.448600000000000 0.454280000000000 0.500000000000000 0.501640000000000 0.514140000000000 0.580340000000000 0.585940000000000 0.598700000000000 0.618260000000000 0.684920000000000 0.749180000000000 0.752520000000000 0.759380000000000 0.785220000000000 0.815600000000000 0.848640000000000 0.876440000000000 0.891420000000000 0.911780000000000 0.915880000000000 0.945580000000000
00000001001010010000011000100110110010010001010000
11010000001010010000011000100011111010010001010011
11010000001010010000011000100011111010010001011011
10011000001010010000011001100010110010011001010011
10010100001010010000011000100011111010010001010011
00000001000101001001110100000000000000100100100100
11010000001010010000011000100011111010010001010011
00100010010100100110000010011000000011010001010011
00000001100101001001010000100010110010010011010011
10010000001010010000011000100010110110010001010011
