//
segsites: 62
positions: 0.007640000000000 0.010060000000000 0.019380000000000 0.046240000000000 0.058260000000000 0.064720000000000 0.072920000000000 0.110900000000000 0.115400000000000 0.115960000000000 0.120600000000000 0.122900000000000 0.139960000000000 0.196120000000000 0.221440000000000 0.257900000000000 0.275620000000000 0.298220000000000 0.302560000000000 0.361400000000000 0.406440000000000 0.407480000000000 0.412260000000000 0.423840000000000 0.444300000000000 0.456520000000000 0.468700000000000 0.473100000000000 0.483060000000000 0.484860000000000 0.489520000000000 0.500000000000000 0.568880000000000 0.583320000000000 0.587900000000000 0.596460000000000 0.602600000000000 0.630140000000000 0.645460000000000 0.645880000000000 0.662180000000000 0.667060000000000 0.671100000000000 0.681720000000000 0.684480000000000 0.702120000000000 0.715460000000000 0.723760000000000 0.745780000000000 0.749460000000000 0.769300000000000 0.774880000000000 0.788220000000000 0.788280000000000 0.832140000000000 0.881860000000000 0.896700000000000 0.929020000000000 0.940160000000000 0.940480000000000 0.980560000000000 0.983860000000000
00000000010000100000110001010000000001110011000100000000000010
00000001000001001010000000000100000000001100000101000010000100
11010110100100000010110001010000000001111000100101000011000010
00000001000000000010110001000000100001100011001000100100010000
00000000001001000010001010011011011110000000001000110100100001
00000000001001010100000100100000000000001000000110001000001000
00000000001001000010001010011011011110000000001000110100100001
00000000001001000010001010011011011110000000001000110100100001
11010010100110000011110001000000100001100011001000100100010000
00101000000001000010001010011011011110000000011000110100100001
