//
segsites: 48
positions: 0.002040000000000 0.035680000000000 0.037480000000000 0.046180000000000 0.070180000000000 0.094680000000000 0.096740000000000 0.105740000000000 0.159860000000000 0.164240000000000 0.165120000000000 0.197220000000000 0.266520000000000 0.285260000000000 0.304060000000000 0.334440000000000 0.339200000000000 0.394960000000000 0.441300000000000 0.454280000000000 0.500000000000000 0.502420000000000 0.528780000000000 0.537380000000000 0.559420000000000 0.612160000000000 0.626400000000000 0.662300000000000 0.677520000000000 0.753080000000000 0.779020000000000 0.794140000000000 0.797100000000000 0.803740000000000 0.811940000000000 0.824780000000000 0.832960000000000 0.871080000000000 0.882340000000000 0.895480000000000 0.912980000000000 0.926440000000000 0.926900000000000 0.939040000000000 0.960800000000000 0.968520000000000 0.986480000000000 0.991200000000000
011110000001010000011010001001010001100001000100
011010000011010000010010010001010001100001011000
000010000001000010010010000001000011010111000100
011110000001010000011110001001010001100001000100
100001111100000100010010010001010001100001000100
011110000001010000011010001001010001100001000100
100000000000000000000000100001000001000001000011
011110000001010000011010001001010001100001000100
001010000001010000010010001001010001100001000100
000001011100101011110011000110101100001000100010
