//
segsites: 56
positions: 0.001580000000000 0.005100000000000 0.021180000000000 0.023680000000000 0.052180000000000 0.062120000000000 0.077660000000000 0.084080000000000 0.085280000000000 0.108680000000000 0.120200000000000 0.131300000000000 0.151200000000000 0.153400000000000 0.237580000000000 0.242680000000000 0.274280000000000 0.279240000000000 0.286780000000000 0.305700000000000 0.316020000000000 0.316940000000000 0.334860000000000 0.338620000000000 0.409160000000000 0.413360000000000 0.423100000000000 0.435840000000000 0.439060000000000 0.457720000000000 0.462900000000000 0.488300000000000 0.500000000000000 0.506100000000000 0.540060000000000 0.573640000000000 0.625240000000000 0.628960000000000 0.665920000000000 0.694240000000000 0.713180000000000 0.731040000000000 0.750740000000000 0.752900000000000 0.798580000000000 0.811760000000000 0.813040000000000 0.817880000000000 0.835840000000000 0.851380000000000 0.901180000000000 0.911340000000000 0.935580000000000 0.960180000000000 0.960640000000000 0.996540000000000
01000010000000101000100100011010101111000001000000000001
00000100000100010011001000000010000010110110010001000000
01000010000000101000100100011010101111000001000000000001
01000010000000101000100100011010101111000001000000000001
00000001100011000100010000011110001111001000101000010110
00000010000000101000100100011010001111000001000000000001
00110100000100010011001011000001010000000000000110000000
01000010000000101000100100011010101111000001000000000001
01000010000000101000100100011010101111000001000000000001
10001000011000101000100100111010001111000001000100101000
