//
segsites: 40
positions: 0.013500000000000 0.017480000000000 0.024740000000000 0.030920000000000 0.078680000000000 0.103160000000000 0.103180000000000 0.141280000000000 0.153480000000000 0.157280000000000 0.173020000000000 0.229020000000000 0.245980000000000 0.262980000000000 0.267080000000000 0.285960000000000 0.353440000000000 0.361500000000000 0.410860000000000 0.485660000000000 0.500000000000000 0.501640000000000 0.541500000000000 0.602320000000000 0.667140000000000 0.682460000000000 0.682600000000000 0.693560000000000 0.752480000000000 0.796340000000000 0.815900000000000 0.820520000000000 0.822060000000000 0.828420000000000 0.851840000000000 0.899500000000000 0.918020000000000 0.921180000000000 0.932840000000000 0.933640000000000
0000100110111100101000001000010110001001
0100000110111100100010111000010110001011
0000000110111110100000100010100001110100
0000000111111100100010111000010110001011
1010000110111100110000001000010110001001
0101000110111100100100111000010110001011
1000011110111100100000001100011100000000
0100000110111101000000100011100001110100
0100000110111101000001001000010110001001
0000000111111100100010111000010110001011
