//
segsites: 38
positions: 0.043500000000000 0.089680000000000 0.125620000000000 0.162980000000000 0.201720000000000 0.218340000000000 0.234940000000000 0.246000000000000 0.290080000000000 0.375460000000000 0.396120000000000 0.409980000000000 0.416960000000000 0.489400000000000 0.495360000000000 0.500000000000000 0.513460000000000 0.517240000000000 0.534800000000000 0.572100000000000 0.594480000000000 0.613300000000000 0.628820000000000 0.651520000000000 0.664360000000000 0.682600000000000 0.711640000000000 0.715720000000000 0.757340000000000 0.772400000000000 0.779860000000000 0.782760000000000 0.787580000000000 0.858420000000000 0.878840000000000 0.903700000000000 0.932500000000000 0.946180000000000
11010011000100000111111101010000010100
11010011000100010011110101001100101010
11010011000100010011110101001110101010
11010011000100000011110101000000010100
11010011000100000011110101000000010100
00101100111011101011110101100001010100
11011100100100000011110111000100101011
11010011000100000111110101010000010100
11010011000100000111110101101100101010
11010011000100010011110101001100101010
