//
segsites: 38
positions: 0.061260000000000 0.079000000000000 0.129760000000000 0.130500000000000 0.190380000000000 0.216540000000000 0.229480000000000 0.230780000000000 0.231520000000000 0.239540000000000 0.248020000000000 0.265240000000000 0.274480000000000 0.294780000000000 0.317860000000000 0.383500000000000 0.387040000000000 0.393960000000000 0.411940000000000 0.482960000000000 0.485120000000000 0.500000000000000 0.501100000000000 0.520800000000000 0.551040000000000 0.551140000000000 0.559740000000000 0.565660000000000 0.590300000000000 0.605920000000000 0.625640000000000 0.635680000000000 0.648860000000000 0.739180000000000 0.746720000000000 0.881120000000000 0.908020000000000 0.911440000000000
00010100011101000001100000010101001111
00100011100000010000011100000100010110
00100011100000010000011111101010101110
00100011100000010000011111101010101110
00100011100000010000001111101010101111
01001001100010001100000000000100001111
00010001100010100011000000000100000111
00100011100000010000011111101010101110
00010100010101000000000000000100000110
10010001100010100011000000000100000111
