//
segsites: 36
positions: 0.015060000000000 0.058560000000000 0.262000000000000 0.270020000000000 0.286440000000000 0.333260000000000 0.385600000000000 0.399200000000000 0.412580000000000 0.450580000000000 0.454780000000000 0.500000000000000 0.512440000000000 0.516820000000000 0.601280000000000 0.612360000000000 0.617000000000000 0.618900000000000 0.695720000000000 0.708720000000000 0.709360000000000 0.709840000000000 0.712260000000000 0.747140000000000 0.765280000000000 0.777440000000000 0.809240000000000 0.826100000000000 0.827280000000000 0.830780000000000 0.830780000000000 0.851640000000000 0.872740000000000 0.873900000000000 0.901920000000000 0.939600000000000
111010101111001010010010110001001111
111010101101001010010010110001001111
111010101101001010010010110001001111
111010101101001010010010110101001111
111010101101001010010010110001001111
111010101101001010010010110001001111
111010101101001010010010110001001111
111110010100111010010010110101001111
111010101101001110010010110001001111
111011101100010001101101001010110000
