//
segsites: 47
positions: 0.089080000000000 0.124440000000000 0.161180000000000 0.178780000000000 0.193000000000000 0.195200000000000 0.198000000000000 0.215500000000000 0.218060000000000 0.226760000000000 0.252240000000000 0.287080000000000 0.328160000000000 0.336520000000000 0.338360000000000 0.367700000000000 0.395000000000000 0.405180000000000 0.418760000000000 0.419660000000000 0.483380000000000 0.489440000000000 0.491080000000000 0.495860000000000 0.500000000000000 0.522480000000000 0.539960000000000 0.541100000000000 0.556800000000000 0.562240000000000 0.622360000000000 0.624960000000000 0.633300000000000 0.654560000000000 0.669980000000000 0.691520000000000 0.711640000000000 0.713540000000000 0.715760000000000 0.719380000000000 0.740420000000000 0.798540000000000 0.807340000000000 0.824420000000000 0.947340000000000 0.950980000000000 0.971260000000000
01100001000000010001011000100001100010010011100
01101100100100000110100100100001100010010011100
01100001000000011001011010001000110001101011110
10010010011011100000000101000001100010010011100
01101100100100000100000100010110101101000100001
01100001000000010001011010001000110001101011110
01100001000000010001011010001000110001101011110
01100001000000010001011010001000110001101011110
01100001000000010001011010001000110001101011110
01100001000000010001011010001000110001101011110
