//
segsites: 69
positions: 0.013380000000000 0.022060000000000 0.032880000000000 0.054200000000000 0.062520000000000 0.062720000000000 0.064320000000000 0.068440000000000 0.074880000000000 0.109280000000000 0.118620000000000 0.125760000000000 0.145140000000000 0.152960000000000 0.160160000000000 0.176020000000000 0.208140000000000 0.214840000000000 0.231700000000000 0.275580000000000 0.281200000000000 0.282820000000000 0.283220000000000 0.287580000000000 0.302440000000000 0.303000000000000 0.304540000000000 0.313420000000000 0.323980000000000 0.324360000000000 0.333080000000000 0.358140000000000 0.372840000000000 0.374660000000000 0.380500000000000 0.395040000000000 0.398200000000000 0.403200000000000 0.411180000000000 0.412820000000000 0.427700000000000 0.500000000000000 0.507100000000000 0.509560000000000 0.516920000000000 0.534540000000000 0.536940000000000 0.556400000000000 0.558120000000000 0.618440000000000 0.639240000000000 0.650920000000000 0.672020000000000 0.682180000000000 0.707160000000000 0.740540000000000 0.755460000000000 0.775420000000000 0.815680000000000 0.827060000000000 0.854960000000000 0.901200000000000 0.915360000000000 0.925460000000000 0.928500000000000 0.953700000000000 0.962500000000000 0.968220000000000 0.989520000000000
010000000000010100010000100101000010000100000000000000000000110100011
011000001001100010001000000000000000001001101010001111000011001100100
011011001000001000100010010010100101100010010101000000000011000100100
011000001001100010001000000000000000001001101000001111000011001100100
011000001001100010001000000000000000001001101000001111000011000100100
011000001001100010001000000000000000001001101000001111000011001100100
100000110110000001110000001000010000000110000000101111110100000101000
011000001001100010001000000000000000001001101000001111000011001100100
011111001000001000000101000000010000000110000101000000001100000110100
100000110110000001110000001000001000010000000000011111000011000100100
