//
segsites: 39
positions: 0.003880000000000 0.012240000000000 0.031380000000000 0.040420000000000 0.045280000000000 0.058080000000000 0.081120000000000 0.102860000000000 0.159040000000000 0.161960000000000 0.191540000000000 0.198980000000000 0.217040000000000 0.295680000000000 0.311760000000000 0.342360000000000 0.391680000000000 0.405080000000000 0.417460000000000 0.448040000000000 0.472680000000000 0.482600000000000 0.483280000000000 0.492500000000000 0.500000000000000 0.516000000000000 0.516940000000000 0.543200000000000 0.566220000000000 0.637520000000000 0.680740000000000 0.696780000000000 0.709740000000000 0.719160000000000 0.783440000000000 0.830740000000000 0.871700000000000 0.884580000000000 0.993900000000000
101001001111000111101010110000001101011
010001110000111001110101001111010000000
101001001111000111101010110000001101001
101101001111000111101010110000001101001
010001100000111001110101001111010010000
101011001011000111101010010000001101101
101001001111000111101010110000001101001
101001001111000111101010110000001101011
101001001111000111101010110000001101001
101001000011000111101010010000101001001
