//
segsites: 56
positions: 0.002780000000000 0.022880000000000 0.090640000000000 0.095060000000000 0.136720000000000 0.144840000000000 0.195100000000000 0.234140000000000 0.251360000000000 0.254200000000000 0.283520000000000 0.293700000000000 0.328680000000000 0.332900000000000 0.358920000000000 0.359260000000000 0.385260000000000 0.392240000000000 0.408940000000000 0.409780000000000 0.433820000000000 0.452660000000000 0.466720000000000 0.500000000000000 0.504120000000000 0.584240000000000 0.601920000000000 0.632380000000000 0.633120000000000 0.636040000000000 0.636420000000000 0.638600000000000 0.653520000000000 0.671320000000000 0.679140000000000 0.701820000000000 0.708080000000000 0.718460000000000 0.721600000000000 0.752860000000000 0.752900000000000 0.758640000000000 0.768020000000000 0.777820000000000 0.806420000000000 0.816680000000000 0.829620000000000 0.859200000000000 0.859460000000000 0.862420000000000 0.869440000000000 0.869920000000000 0.874700000000000 0.909240000000000 0.943960000000000 0.953820000000000
01110000000000000010001001000101100010000000001101000010
00111101010000101001010010000000000110000100001110010001
00111110000000100100101101000001100010000011010000100110
00111100010000100100100000111000101000000011010000000110
00111110000000100100101001000001100010000000101100011000
00111110000000100100101101000001100010000011010000100110
00111110000000100100101001000001110011111000001100010001
01110000000000000010001001000111100010000000001101000010
10010000101111011001010010000000000110000100001110010001
00111100010000100100101101000001100010000011010000100110
