//
segsites: 48
positions: 0.001360000000000 0.030580000000000 0.035180000000000 0.041040000000000 0.149860000000000 0.169980000000000 0.183320000000000 0.201840000000000 0.217880000000000 0.230500000000000 0.273740000000000 0.276860000000000 0.279100000000000 0.291800000000000 0.293400000000000 0.324480000000000 0.338600000000000 0.343220000000000 0.361800000000000 0.371140000000000 0.415640000000000 0.481020000000000 0.500000000000000 0.509360000000000 0.587740000000000 0.589380000000000 0.598580000000000 0.617600000000000 0.625780000000000 0.632120000000000 0.633540000000000 0.665460000000000 0.677340000000000 0.711020000000000 0.728200000000000 0.731640000000000 0.746180000000000 0.749400000000000 0.762240000000000 0.780080000000000 0.786660000000000 0.877780000000000 0.881540000000000 0.893560000000000 0.918440000000000 0.924120000000000 0.941540000000000 0.941600000000000
011000001100000100100111111000001100001010100100
011000001100000100100111111000001100001010100100
011010000000010001001101111001011000011010000011
011000001100100000110101000010000001100100000000
011000001100100000100000000110000010001010100100
011001001100101000100000000110000010000001010000
011000001100000100100111111000001100001010100100
011100110001100010100100000110100010000001010000
111000001110100000100000000110000010000101011000
011000001100000100100111111000001100001010100100
