//
segsites: 49
positions: 0.003680000000000 0.026720000000000 0.045100000000000 0.057040000000000 0.104560000000000 0.143360000000000 0.202880000000000 0.243440000000000 0.246940000000000 0.276160000000000 0.296800000000000 0.297680000000000 0.321520000000000 0.346700000000000 0.349160000000000 0.349660000000000 0.355540000000000 0.379020000000000 0.390020000000000 0.390320000000000 0.390420000000000 0.395700000000000 0.445620000000000 0.458120000000000 0.473420000000000 0.475840000000000 0.500000000000000 0.511820000000000 0.518700000000000 0.535120000000000 0.542000000000000 0.573240000000000 0.593660000000000 0.612000000000000 0.636620000000000 0.639500000000000 0.641540000000000 0.663900000000000 0.687460000000000 0.725980000000000 0.728240000000000 0.730540000000000 0.763880000000000 0.844500000000000 0.894540000000000 0.914280000000000 0.924360000000000 0.976360000000000 0.982920000000000
1001011010111000000000011010001001001100111100000
1001011010111000000000011010001001001100111100000
0000101011111101000111100001100000010011000010110
1001011010111000000000011010001001001100111100000
1001011010111000000000011010001001001100111100000
1001001010111000011000011000001110100100000001001
0110000100000010100000000100010001001100111100000
1001011010111000000000011010001001001100111100000
1001011010111000000000011010001001001100111100000
1001011010111000000000011010001001001100111100000
