//
segsites: 57
positions: 0.005240000000000 0.013960000000000 0.040740000000000 0.053920000000000 0.090860000000000 0.108300000000000 0.111160000000000 0.112740000000000 0.123800000000000 0.129280000000000 0.131900000000000 0.180420000000000 0.194440000000000 0.198820000000000 0.218160000000000 0.227740000000000 0.228860000000000 0.230840000000000 0.249320000000000 0.251740000000000 0.280320000000000 0.299420000000000 0.307860000000000 0.346360000000000 0.358140000000000 0.376740000000000 0.407880000000000 0.416520000000000 0.460420000000000 0.487420000000000 0.500000000000000 0.500640000000000 0.533120000000000 0.534280000000000 0.554520000000000 0.580600000000000 0.594040000000000 0.609520000000000 0.614360000000000 0.649740000000000 0.670920000000000 0.690080000000000 0.693260000000000 0.703160000000000 0.704740000000000 0.725100000000000 0.771400000000000 0.806720000000000 0.829920000000000 0.885880000000000 0.890500000000000 0.896720000000000 0.904480000000000 0.921300000000000 0.936400000000000 0.942340000000000 0.961160000000000
000010110100100010000110111010000000001101000010000010001
001001001010001000100001111010000100001001100010000010001
010101001010001000100001111010000100001001000010010010001
000000000001001000100001111110000000110000011110000110110
000001001010010100010000000000101011000010000001101001000
000000000001000001001000010000010001000011000010000010001
100010110100100010000110000001000000100000011110000010001
000001001010010100010000000000101011000010000001101001000
000001001010010100010000000000101011000010000001101001000
000001001010010100010000000000101011000010000001101001000
