//
segsites: 51
positions: 0.000600000000000 0.004660000000000 0.008040000000000 0.011740000000000 0.071720000000000 0.095040000000000 0.145540000000000 0.159320000000000 0.161360000000000 0.175520000000000 0.204480000000000 0.210020000000000 0.253580000000000 0.275420000000000 0.287680000000000 0.300420000000000 0.302920000000000 0.308180000000000 0.369380000000000 0.408920000000000 0.424080000000000 0.449260000000000 0.457620000000000 0.471700000000000 0.479040000000000 0.483680000000000 0.499700000000000 0.500000000000000 0.528760000000000 0.555920000000000 0.585820000000000 0.591940000000000 0.605580000000000 0.614060000000000 0.665540000000000 0.676520000000000 0.686500000000000 0.706700000000000 0.709000000000000 0.712820000000000 0.718060000000000 0.746300000000000 0.751680000000000 0.760220000000000 0.814620000000000 0.830460000000000 0.841040000000000 0.856220000000000 0.899020000000000 0.973340000000000 0.994620000000000
101010110010001000010011100000000000100000000100001
100010110010001000010011000000000000100010000100001
100010110010001000010011000100000000100000110010001
100010110010001000010011000100000000100000110010001
010100001100000001000000010010011100000000001001110
100010001100000000000000010010111100000100001001110
100010110010001000010011000100000000100000110010001
010101010010100010100100000001000001001000000100001
100010100001001000010011000100000000100000110010001
010100001100110100001000001000000010010001001001110
