//
segsites: 41
positions: 0.049020000000000 0.058280000000000 0.084660000000000 0.107960000000000 0.177920000000000 0.184660000000000 0.240100000000000 0.244840000000000 0.246480000000000 0.346480000000000 0.360320000000000 0.376480000000000 0.439420000000000 0.463440000000000 0.463740000000000 0.500000000000000 0.527540000000000 0.553280000000000 0.554500000000000 0.580080000000000 0.609020000000000 0.609640000000000 0.613500000000000 0.625940000000000 0.644320000000000 0.664540000000000 0.695100000000000 0.739640000000000 0.742760000000000 0.777740000000000 0.779680000000000 0.792000000000000 0.886400000000000 0.918340000000000 0.923440000000000 0.930480000000000 0.951680000000000 0.952960000000000 0.955860000000000 0.960900000000000 0.995280000000000
11110010100001001101000100001001101000100
11111001011100110000000100010000000000000
11110010100001000010000000000000010000000
11110010100010000100111011100100000101010
00101001011100110000000100010000000000000
11111101011100110000000100010000000000000
11111001011100110000000100010000000000000
11111001011100110000000100010000000000000
11110001011100110000000100010000000000000
11110010100001001101000100001011100010011
