//
segsites: 25
positions: 0.058260000000000 0.120600000000000 0.129580000000000 0.196120000000000 0.257900000000000 0.298220000000000 0.302560000000000 0.412260000000000 0.444300000000000 0.473100000000000 0.483060000000000 0.489520000000000 0.500000000000000 0.583320000000000 0.587900000000000 0.596460000000000 0.602600000000000 0.623000000000000 0.715460000000000 0.769300000000000 0.774880000000000 0.788280000000000 0.867480000000000 0.896700000000000 0.983860000000000
0101001111111111101111111
0101001111111111101111011
0101001111111111101111011
1010110111111111101111011
0101001111111111101111011
0101001111111111101111011
0101001111111111101111011
0101001111111111111111011
0101001111111111101111011
0101001111111111101111011
