//
segsites: 34
positions: 0.036060000000000 0.090440000000000 0.092040000000000 0.106500000000000 0.122240000000000 0.155400000000000 0.160480000000000 0.318620000000000 0.332060000000000 0.350920000000000 0.378880000000000 0.411620000000000 0.500000000000000 0.546080000000000 0.553780000000000 0.563180000000000 0.566960000000000 0.581580000000000 0.639320000000000 0.646300000000000 0.657560000000000 0.705740000000000 0.706900000000000 0.739400000000000 0.762640000000000 0.770380000000000 0.772500000000000 0.864380000000000 0.932380000000000 0.935420000000000 0.940140000000000 0.943040000000000 0.948540000000000 0.990880000000000
1000111100110100000100000101010100
0101111100011110111110110000101000
0101111100011110111110110000000010
0000111000010100000001000100000001
0000111010010110001110111000101000
0101111100011110111110110000101000
0101111100011110111110110000101000
0010000001010101000100000110101000
0101111100011110111110110000101000
0101111100011110111110110000000010
