//
segsites: 53
positions: 0.003960000000000 0.018460000000000 0.030040000000000 0.045760000000000 0.052180000000000 0.067880000000000 0.073660000000000 0.075700000000000 0.172140000000000 0.189960000000000 0.231780000000000 0.260620000000000 0.286560000000000 0.299980000000000 0.354120000000000 0.376640000000000 0.387380000000000 0.413520000000000 0.419580000000000 0.471480000000000 0.487160000000000 0.500000000000000 0.500860000000000 0.508580000000000 0.521520000000000 0.558780000000000 0.598920000000000 0.599600000000000 0.615060000000000 0.615980000000000 0.643780000000000 0.661600000000000 0.672580000000000 0.697640000000000 0.712580000000000 0.719800000000000 0.739740000000000 0.751220000000000 0.789920000000000 0.792860000000000 0.794040000000000 0.796420000000000 0.814800000000000 0.817840000000000 0.870040000000000 0.896720000000000 0.904720000000000 0.906380000000000 0.932760000000000 0.946500000000000 0.967720000000000 0.986760000000000 0.991680000000000
11010100001000011001011101010001000000000111000100011
10010100000000100010100010000000000001000000001011100
10010100000000100010100010000000000001100000001000011
10010100000001000100000000010100001010001010010000000
00001100100111000000000000101010110100010000100000010
10010100000000100010100010000000000001000000001011100
11010100001000011001011101010001000000000111000100011
11010100001000011001011101010001000000000111000100011
11010100001000011001011101010001000000000111000100011
00101011110000100010100010000100000010000010001011100
