//
segsites: 53
positions: 0.028620000000000 0.073040000000000 0.121780000000000 0.122860000000000 0.152980000000000 0.160820000000000 0.164600000000000 0.171620000000000 0.180880000000000 0.188540000000000 0.194460000000000 0.205360000000000 0.208020000000000 0.208820000000000 0.251880000000000 0.273800000000000 0.283200000000000 0.285800000000000 0.286480000000000 0.293440000000000 0.389380000000000 0.402500000000000 0.403680000000000 0.459700000000000 0.460040000000000 0.463520000000000 0.500000000000000 0.508760000000000 0.568840000000000 0.574520000000000 0.575500000000000 0.576200000000000 0.587680000000000 0.610640000000000 0.646640000000000 0.667340000000000 0.713120000000000 0.728480000000000 0.729260000000000 0.733080000000000 0.734740000000000 0.741780000000000 0.745960000000000 0.774280000000000 0.790760000000000 0.809040000000000 0.840180000000000 0.873400000000000 0.949700000000000 0.951540000000000 0.963720000000000 0.968240000000000 0.990940000000000
00100010001001000110101000100101000010100011100110000
10001100100010010001000011011010000101000000011000011
00000001000000000100101000000000100000011000000001000
00100010001001000110101000100101000010100011100110000
00010000010000001000000000001010010000011100000001000
00100010001001000110101000100101000010100011100110000
00100010001001000110101000100101000010100011100110000
00100010001001000110101000100101000010100011100110000
00100010001001000110101000100101000010100011100110000
11000010000101100000110100000101001001000000000000100
