//
segsites: 25
positions: 0.013720000000000 0.035040000000000 0.042520000000000 0.045380000000000 0.047860000000000 0.050320000000000 0.072640000000000 0.118820000000000 0.135940000000000 0.141100000000000 0.144840000000000 0.261640000000000 0.324100000000000 0.326680000000000 0.427240000000000 0.437680000000000 0.500000000000000 0.510740000000000 0.827880000000000 0.834740000000000 0.852880000000000 0.873440000000000 0.951840000000000 0.977740000000000 0.993880000000000
0000000101011010010010001
1010010100011001010001001
0000001010011000110001001
1010010100011100110001001
1010010100011000110001001
0000000010111000011000001
0000100100011000010110111
1010010100011000110001001
0101100100011000010110111
1010010100011000110001001
