//
segsites: 37
positions: 0.014460000000000 0.015020000000000 0.036640000000000 0.061900000000000 0.083680000000000 0.108520000000000 0.159280000000000 0.200220000000000 0.206720000000000 0.220800000000000 0.311880000000000 0.330100000000000 0.359100000000000 0.386560000000000 0.449880000000000 0.456380000000000 0.465860000000000 0.492040000000000 0.497920000000000 0.500000000000000 0.576140000000000 0.591240000000000 0.595780000000000 0.666120000000000 0.709920000000000 0.711000000000000 0.715080000000000 0.758960000000000 0.773040000000000 0.816000000000000 0.821640000000000 0.825240000000000 0.947280000000000 0.957980000000000 0.967260000000000 0.992300000000000 0.992780000000000
0010001110010010000000111000000100001
0010001110010011100100111000000100100
0101101100101100010011000111100010110
0010001110010010100100111000000100100
0010001110010010100100111000000100100
1010010101101100011011000111001001110
0010001110010010100100111000000100100
0010001110010010100100111000000100100
0010001110010010100100111000010100100
0010001110010010100100111000010100100
