//
segsites: 35
positions: 0.013520000000000 0.039420000000000 0.055740000000000 0.111480000000000 0.133620000000000 0.146260000000000 0.151700000000000 0.180900000000000 0.181720000000000 0.198100000000000 0.199400000000000 0.219820000000000 0.230320000000000 0.267380000000000 0.288900000000000 0.310900000000000 0.328960000000000 0.341760000000000 0.345060000000000 0.365880000000000 0.376700000000000 0.463560000000000 0.500000000000000 0.517300000000000 0.617580000000000 0.703680000000000 0.716320000000000 0.759400000000000 0.762160000000000 0.763200000000000 0.845280000000000 0.890840000000000 0.939560000000000 0.946800000000000 0.973040000000000
10101000110001010000101010000001010
10101000110001010000101010000001010
10101000110001010000101010000001010
00000101000100101010000001111010101
10101000110001010000100010000101010
10101000110001010000101010000001010
10101000110001010000101010000001010
10101000110001010000101010000001010
10101000110001010000111010000001010
11010010001010000101000110000100010
