//
segsites: 49
positions: 0.004560000000000 0.054160000000000 0.068160000000000 0.077920000000000 0.116840000000000 0.145860000000000 0.147060000000000 0.168140000000000 0.184560000000000 0.187720000000000 0.189100000000000 0.225760000000000 0.239140000000000 0.253000000000000 0.261520000000000 0.268360000000000 0.309080000000000 0.321120000000000 0.415280000000000 0.427000000000000 0.469340000000000 0.471020000000000 0.481040000000000 0.481160000000000 0.482640000000000 0.500000000000000 0.503800000000000 0.507220000000000 0.554980000000000 0.568060000000000 0.599680000000000 0.652980000000000 0.655980000000000 0.657780000000000 0.658500000000000 0.682280000000000 0.704480000000000 0.713380000000000 0.726920000000000 0.755840000000000 0.771800000000000 0.790520000000000 0.885980000000000 0.888440000000000 0.913540000000000 0.915000000000000 0.939860000000000 0.962160000000000 0.998200000000000
1000100100010100000001000000101001000110001001000
0000100100010110000011000000010000101000001000001
1000111101101100000001010100000100000110001011000
1000111101101100000001010100000110000110001011000
1000111101101100000001010100000100000110001011000
0000100100010100000001000000000100010110001000100
0111000010000001111100100011010000000001110000010
1000111101101100000001010100000100000110001011000
1000111100010100000001001000000100000000001100000
1000111101001100000001010000000100000110001001000
