//
segsites: 33
positions: 0.010300000000000 0.037240000000000 0.039240000000000 0.079220000000000 0.081340000000000 0.138000000000000 0.177740000000000 0.228140000000000 0.245060000000000 0.278920000000000 0.330280000000000 0.341640000000000 0.378680000000000 0.397800000000000 0.398980000000000 0.405880000000000 0.414920000000000 0.425860000000000 0.432700000000000 0.479680000000000 0.498700000000000 0.500000000000000 0.733380000000000 0.802080000000000 0.805760000000000 0.817880000000000 0.837040000000000 0.847940000000000 0.857620000000000 0.893380000000000 0.929700000000000 0.952160000000000 0.999720000000000
010101110101101111111010011001101
001010001011011111111110001010010
010101110101001111111011101100010
001000001011001111111010001010010
001010001011011111111110001001000
001010001011011111111110001001000
001010001011011111111110001001000
001010001011011111111110001001000
101010001011011111111110001001000
001010001011011111111110001001000
