//
segsites: 57
positions: 0.022240000000000 0.042500000000000 0.044400000000000 0.048880000000000 0.054480000000000 0.056120000000000 0.063780000000000 0.080620000000000 0.090320000000000 0.104940000000000 0.123180000000000 0.124280000000000 0.133380000000000 0.137260000000000 0.160600000000000 0.163700000000000 0.170180000000000 0.181480000000000 0.229480000000000 0.252880000000000 0.254640000000000 0.264320000000000 0.264620000000000 0.306020000000000 0.310160000000000 0.343080000000000 0.345880000000000 0.367420000000000 0.386920000000000 0.393700000000000 0.416620000000000 0.418700000000000 0.440480000000000 0.475260000000000 0.481680000000000 0.486160000000000 0.493320000000000 0.498680000000000 0.500000000000000 0.512580000000000 0.529480000000000 0.580460000000000 0.625080000000000 0.657480000000000 0.674660000000000 0.735460000000000 0.742720000000000 0.759760000000000 0.808240000000000 0.828680000000000 0.847300000000000 0.887340000000000 0.892640000000000 0.952280000000000 0.958500000000000 0.964820000000000 0.968220000000000
000010010111011110010000000000100100010001101110000100101
001100010101011110010000000000100100011001101111000100100
001100010101011110010000000000100100011001101110000100100
001100000000000000101001100011010111000010010010110011010
001100000000000000101001100011010111000010010010110011010
001100010101011110010000000000100100011001101110000100100
001100010101011110010000000000100100011001101110000100100
010000010101011110010000000000100100011001101110000100100
001100000000000000101000100011010111000010010010110011010
100001101000101101000110011100001100100110010010111011010
