//
segsites: 39
positions: 0.034760000000000 0.044900000000000 0.067520000000000 0.250380000000000 0.256680000000000 0.264400000000000 0.266360000000000 0.288460000000000 0.289800000000000 0.307860000000000 0.405980000000000 0.441400000000000 0.460820000000000 0.464700000000000 0.466600000000000 0.500000000000000 0.501320000000000 0.563000000000000 0.589320000000000 0.593200000000000 0.594420000000000 0.615760000000000 0.624960000000000 0.680600000000000 0.680980000000000 0.730960000000000 0.735840000000000 0.753220000000000 0.761340000000000 0.780680000000000 0.815960000000000 0.826400000000000 0.850620000000000 0.893340000000000 0.902160000000000 0.904380000000000 0.922600000000000 0.933520000000000 0.962760000000000
010110011000000000010010101010000001000
110100011011111000000001010100011110001
010001100000000011001100000001100000110
010001100000000011001100000001100000110
011001100100000111001100000001100000110
011001100000000011101100000001100000110
011001100100000111001100000001100000110
011001100100000111001100000001100000110
011001100100000111001100000001100000110
011001100000000111001100000001100000110
