//
segsites: 47
positions: 0.011600000000000 0.013140000000000 0.028820000000000 0.051340000000000 0.064760000000000 0.093740000000000 0.109860000000000 0.127100000000000 0.168380000000000 0.170540000000000 0.186840000000000 0.255560000000000 0.260680000000000 0.282580000000000 0.301620000000000 0.312520000000000 0.328840000000000 0.428980000000000 0.434560000000000 0.443800000000000 0.472720000000000 0.486260000000000 0.488180000000000 0.500000000000000 0.548900000000000 0.597920000000000 0.605320000000000 0.621280000000000 0.628200000000000 0.700540000000000 0.718360000000000 0.736440000000000 0.770360000000000 0.784420000000000 0.836260000000000 0.846800000000000 0.851500000000000 0.853820000000000 0.858820000000000 0.867420000000000 0.885020000000000 0.902060000000000 0.902620000000000 0.917680000000000 0.935680000000000 0.991020000000000 0.998680000000000
00010100011011111001000110100111000110000000001
00010100001010101001100000100100001001000010100
10010000001100101000000000110110000010100000000
10010100011011111001000110100111000110000000001
01101001101010000110011001001000100000011101010
00010100011011111001000110100111000110000000001
00010100011011111001000010100111000110000000001
00010110001010101000000000110111010010100000001
00010100011011111001000110100111000110000000001
00010100011011111001000110100111000110000000001
