//
segsites: 38
positions: 0.057340000000000 0.088440000000000 0.121840000000000 0.126640000000000 0.167280000000000 0.225680000000000 0.232860000000000 0.267460000000000 0.295420000000000 0.320020000000000 0.331580000000000 0.342100000000000 0.344080000000000 0.415000000000000 0.416100000000000 0.444440000000000 0.457280000000000 0.462240000000000 0.500000000000000 0.538540000000000 0.616260000000000 0.625220000000000 0.692580000000000 0.706060000000000 0.706400000000000 0.709760000000000 0.712100000000000 0.748920000000000 0.758080000000000 0.789000000000000 0.815940000000000 0.833560000000000 0.878280000000000 0.889660000000000 0.932880000000000 0.943440000000000 0.982520000000000 0.988140000000000
00101010001001000011000101011001010000
00101010001000000001000101111001010000
00101010001000000001000101011001010000
00010101100100000001000101011001010000
10101010011010001100101000010110100010
00101010001000000001000111010010101011
01101010001000110000000000000010100110
00101010001001000011000101011001010000
00000101100100000001010101010010100010
00101010001001000001000101011001010000
