//
segsites: 64
positions: 0.022380000000000 0.034420000000000 0.037200000000000 0.042780000000000 0.054520000000000 0.061700000000000 0.072640000000000 0.076240000000000 0.082160000000000 0.089760000000000 0.093480000000000 0.115100000000000 0.148020000000000 0.170340000000000 0.177380000000000 0.204800000000000 0.213660000000000 0.257520000000000 0.263780000000000 0.264000000000000 0.270460000000000 0.280860000000000 0.293420000000000 0.334140000000000 0.348400000000000 0.392340000000000 0.395680000000000 0.408620000000000 0.424280000000000 0.425560000000000 0.434140000000000 0.443920000000000 0.468300000000000 0.487480000000000 0.490440000000000 0.495020000000000 0.500000000000000 0.506260000000000 0.516740000000000 0.581520000000000 0.613380000000000 0.644100000000000 0.655500000000000 0.656520000000000 0.673280000000000 0.676020000000000 0.689800000000000 0.721000000000000 0.728720000000000 0.772820000000000 0.792900000000000 0.805360000000000 0.815060000000000 0.826800000000000 0.845900000000000 0.846580000000000 0.871700000000000 0.888120000000000 0.896720000000000 0.900660000000000 0.935680000000000 0.966160000000000 0.981000000000000 0.987200000000000
0000000000000101000001000011001000011010000000000010011010010100
0000000000001000000100110000011000000101110001010101000001100010
0011011011110001011000001000100110000000000010100000100100001001
0000000000000101000001000011001000011010000000000010011010010100
0000000000000101000001000011001000011010000000000010011010010100
0000000000000101000001000011001000011010000000000010011010010100
1100100100001100100010000100000000011010000000000010011010010100
0000000000000101000001000011001000011010000000000010011010010100
1100100000001101000001000011000001100000001100001001000001100100
0000000000000010011000001000100110000000000010100000100100001000
