//
segsites: 49
positions: 0.029120000000000 0.041540000000000 0.053980000000000 0.071300000000000 0.098620000000000 0.099540000000000 0.119440000000000 0.125460000000000 0.146720000000000 0.234220000000000 0.242500000000000 0.263180000000000 0.272780000000000 0.309880000000000 0.334760000000000 0.336120000000000 0.344020000000000 0.393380000000000 0.416080000000000 0.448000000000000 0.500000000000000 0.512000000000000 0.524400000000000 0.538200000000000 0.543400000000000 0.564940000000000 0.589040000000000 0.599260000000000 0.663980000000000 0.688860000000000 0.689680000000000 0.783500000000000 0.784580000000000 0.799700000000000 0.804160000000000 0.809380000000000 0.821620000000000 0.829540000000000 0.840600000000000 0.843220000000000 0.851920000000000 0.878960000000000 0.898480000000000 0.932040000000000 0.932900000000000 0.942520000000000 0.946120000000000 0.964260000000000 0.995960000000000
0100000000010000100010110101100000001000011010100
0100000000010000100001001010000000111001000100011
1011110001001110011110110101100000001000011010100
0000001000110000100000001000001001000100100001000
1011110001001111011100110101000001000010000010100
1011110001001110011110110101100000001000011010100
0100000011001110011100110101100110001000010010100
0000001000110000100000001000100100001000010010100
0100000111001110011100110101110000001000010010100
1011110001001110011110110101100000001000011010100
