//
segsites: 54
positions: 0.002600000000000 0.046820000000000 0.065180000000000 0.098920000000000 0.102640000000000 0.109960000000000 0.111500000000000 0.112880000000000 0.170740000000000 0.176260000000000 0.203760000000000 0.206380000000000 0.220160000000000 0.222380000000000 0.236800000000000 0.252800000000000 0.255200000000000 0.322100000000000 0.338260000000000 0.390980000000000 0.429880000000000 0.445280000000000 0.472320000000000 0.483320000000000 0.487960000000000 0.500000000000000 0.501840000000000 0.509260000000000 0.513220000000000 0.526220000000000 0.562340000000000 0.588720000000000 0.599800000000000 0.611620000000000 0.612640000000000 0.622860000000000 0.635360000000000 0.639300000000000 0.650360000000000 0.667700000000000 0.693200000000000 0.743280000000000 0.756600000000000 0.765460000000000 0.787220000000000 0.805460000000000 0.827980000000000 0.833240000000000 0.837400000000000 0.912660000000000 0.959040000000000 0.961900000000000 0.965780000000000 0.972260000000000
011000000110001010010010000000000010010000000100001010
011000011110001000010001100011001001001100000100001010
010001000000110100001100000000110001000011110100000010
011000000110001000110010000000000010010000000100001010
011000011110001000010010010000001001001100000100001010
000111100001000001001000000100110000100000001001110001
100001000001000001001000000000110100100000001011110101
011000011110001000010010010000001001001100000100001010
011000011110001000010010010000001001001100000100001010
011000011110001000001100001000010000000000010001001010
