//
segsites: 50
positions: 0.031020000000000 0.062220000000000 0.082740000000000 0.108300000000000 0.114880000000000 0.138860000000000 0.171500000000000 0.174160000000000 0.186680000000000 0.199560000000000 0.250760000000000 0.256240000000000 0.328680000000000 0.335840000000000 0.341940000000000 0.359600000000000 0.369300000000000 0.409800000000000 0.440980000000000 0.465300000000000 0.492800000000000 0.500000000000000 0.518440000000000 0.550640000000000 0.562640000000000 0.563220000000000 0.568940000000000 0.586060000000000 0.603700000000000 0.603800000000000 0.627180000000000 0.694400000000000 0.702020000000000 0.706980000000000 0.711900000000000 0.713440000000000 0.718820000000000 0.755320000000000 0.776480000000000 0.778380000000000 0.793100000000000 0.796900000000000 0.797660000000000 0.871180000000000 0.885860000000000 0.891480000000000 0.940120000000000 0.945700000000000 0.953120000000000 0.997320000000000
01010000011010000000110000100000000010101001100000
01110000011010000000110000100000000010101001100000
01010000011010000000110000100000000010101001100001
01010000011010000000110000100000000010101001100000
00000000001100000000001011000010001000000000000000
00000111011010000000100000100000000010101001100000
00001110111010001000000000000001100001110010000000
11000000001000100100000000011000010000100100010000
01001110011001010011000100000100000100100000001110
01010000011010000000110000100000000010101001100000
