//
segsites: 47
positions: 0.042220000000000 0.077880000000000 0.088380000000000 0.098540000000000 0.102240000000000 0.112200000000000 0.124720000000000 0.128700000000000 0.206960000000000 0.212280000000000 0.233360000000000 0.295660000000000 0.410520000000000 0.435680000000000 0.437360000000000 0.458480000000000 0.489320000000000 0.500000000000000 0.504880000000000 0.516240000000000 0.545640000000000 0.586200000000000 0.590720000000000 0.595680000000000 0.617880000000000 0.632420000000000 0.652300000000000 0.684600000000000 0.692660000000000 0.707140000000000 0.733040000000000 0.737060000000000 0.738440000000000 0.808560000000000 0.821060000000000 0.835060000000000 0.874360000000000 0.875140000000000 0.888460000000000 0.913320000000000 0.924340000000000 0.928940000000000 0.941940000000000 0.958480000000000 0.982540000000000 0.989860000000000 0.991260000000000
01001001010000010010100110001000101000001001000
10000100000001000101100000000110000000110100110
10000100000001000100100000000110000000110100110
10000100000001000100100000000110000000110100110
10000100000001000100100000000110000000110100110
10110010001010000000010000110000010001001001000
10000100100100100000101000000001000110000010001
10000100000001000100100001000110000000110100110
10000100000001000100100000000001000110000010001
10000100000001001100100000000110000000110100110
