//
segsites: 40
positions: 0.003800000000000 0.051380000000000 0.056120000000000 0.108060000000000 0.153980000000000 0.231520000000000 0.264460000000000 0.278640000000000 0.282600000000000 0.312260000000000 0.349440000000000 0.359000000000000 0.417040000000000 0.430380000000000 0.471020000000000 0.480720000000000 0.500000000000000 0.514300000000000 0.525600000000000 0.583920000000000 0.603720000000000 0.660860000000000 0.661640000000000 0.670860000000000 0.678080000000000 0.707080000000000 0.723340000000000 0.724960000000000 0.747360000000000 0.754400000000000 0.754760000000000 0.806640000000000 0.812860000000000 0.833840000000000 0.849200000000000 0.853740000000000 0.922320000000000 0.925100000000000 0.949100000000000 0.965160000000000
0111000100101000111011101000100101000110
0101000100101000111011101000100101000110
0101000100101000111011101000100101000110
1000010111010100000000010111101000001000
1101000100101000111011101000100101000110
1000011111000010010100010000100010010001
0101000100101000111011101000100101000110
0101000100101000111011101000100101000110
1000110111000011000100000110111000001000
0101000100101000111011101000101000100000
