//
segsites: 50
positions: 0.053520000000000 0.063180000000000 0.069820000000000 0.090600000000000 0.103820000000000 0.139300000000000 0.146080000000000 0.161600000000000 0.171900000000000 0.173220000000000 0.177520000000000 0.179680000000000 0.224400000000000 0.226440000000000 0.229140000000000 0.240640000000000 0.254220000000000 0.276960000000000 0.278400000000000 0.294180000000000 0.335920000000000 0.337600000000000 0.346160000000000 0.360080000000000 0.364120000000000 0.397280000000000 0.409560000000000 0.412940000000000 0.423300000000000 0.434340000000000 0.447300000000000 0.460240000000000 0.485940000000000 0.500000000000000 0.521180000000000 0.524620000000000 0.531220000000000 0.624380000000000 0.681360000000000 0.696920000000000 0.736620000000000 0.790140000000000 0.793880000000000 0.801300000000000 0.801720000000000 0.851820000000000 0.875200000000000 0.901580000000000 0.978240000000000 0.994280000000000
01101000111010110011100111000000110000111010001011
10011110000101001000011000011101000011000101110000
01001001001010110011100111000000110000111010001011
01001000111010110011100111000000110000111010001011
01001000111010110011100111000000110000111010001011
01001000111010110011100111000000110000111010001011
01001000111010110111100111100000110000111010001011
10011110000101001000010000001001001011000101110000
01001000111010110011100111000000110000111010001011
01001000001010110000100111000010100100111010001111
