//
segsites: 30
positions: 0.011580000000000 0.014640000000000 0.058840000000000 0.083260000000000 0.084040000000000 0.110940000000000 0.126640000000000 0.169520000000000 0.202780000000000 0.220860000000000 0.354780000000000 0.385540000000000 0.424440000000000 0.475800000000000 0.500000000000000 0.504400000000000 0.530800000000000 0.605300000000000 0.620280000000000 0.636140000000000 0.670020000000000 0.742460000000000 0.752720000000000 0.764500000000000 0.782400000000000 0.814860000000000 0.822960000000000 0.827920000000000 0.869640000000000 0.873840000000000
000100001001110100100111111111
111001100101111110101111011011
111001100101110100101111011011
111001100101111100111111011011
111001100101111100101111011011
111001100101111110101111011011
111011100101111100101111011011
111001100111111100101111011011
111000010001110101100111111011
111001100101110100101111011011
