//
segsites: 61
positions: 0.005360000000000 0.010900000000000 0.011800000000000 0.018540000000000 0.061040000000000 0.062500000000000 0.083700000000000 0.087000000000000 0.136660000000000 0.146540000000000 0.146800000000000 0.150060000000000 0.152500000000000 0.187380000000000 0.197300000000000 0.209040000000000 0.227260000000000 0.273680000000000 0.297740000000000 0.334720000000000 0.347080000000000 0.375260000000000 0.375720000000000 0.386460000000000 0.432380000000000 0.437840000000000 0.495880000000000 0.500000000000000 0.510000000000000 0.531220000000000 0.535840000000000 0.545340000000000 0.546780000000000 0.551080000000000 0.589180000000000 0.595440000000000 0.600540000000000 0.609660000000000 0.624080000000000 0.649240000000000 0.653380000000000 0.666260000000000 0.685420000000000 0.697980000000000 0.704700000000000 0.739580000000000 0.747260000000000 0.754100000000000 0.764860000000000 0.778500000000000 0.784820000000000 0.813220000000000 0.864120000000000 0.876320000000000 0.881980000000000 0.883260000000000 0.897500000000000 0.912960000000000 0.929420000000000 0.940900000000000 0.985880000000000
1000000100000101010001000100000010000100000100001100010100100
1010000000000010001100010000101101100000010000011000000010000
1011000100000101010001000100000010010100000100001100000100100
1000001010000010001000100000010010100011001001000010101001010
0100110001111101110010001010101101000010101011000010101001010
0100100001111101010010001011000010000100000000101101000101010
0100100001111101010010001011000010001100000000101101000101010
1011000100000101010001000100000010010100000100001100000100100
1011000100000101010001000100000010000100000100001100000100101
0100100001111101010010001011000010000100000000101101000101010
