//
segsites: 45
positions: 0.007940000000000 0.066260000000000 0.068460000000000 0.078540000000000 0.104820000000000 0.117200000000000 0.157980000000000 0.165920000000000 0.181500000000000 0.190340000000000 0.192720000000000 0.240420000000000 0.299100000000000 0.304540000000000 0.312760000000000 0.315420000000000 0.360400000000000 0.371280000000000 0.375940000000000 0.381880000000000 0.416220000000000 0.425080000000000 0.435120000000000 0.452040000000000 0.485200000000000 0.491660000000000 0.493320000000000 0.500000000000000 0.542200000000000 0.585240000000000 0.608040000000000 0.617000000000000 0.684020000000000 0.719480000000000 0.724240000000000 0.727100000000000 0.776800000000000 0.823680000000000 0.842680000000000 0.847680000000000 0.893660000000000 0.945840000000000 0.982720000000000 0.984720000000000 0.996800000000000
100111111001010100001000100100001100110010001
100111111011100010010000100100001100110010001
100111111001010000000000100100001100110010001
100111111001010000000000100100001100110010001
100111111001010000000000100100001100110010001
100111111001010000000011011011100011000000000
101000000100001000000011011011100011000000000
100111111001010000000000100100001100110010001
100111111001010000000000100100001100110011001
110000000100000001100100100000011100001100110
