//
segsites: 48
positions: 0.097080000000000 0.150140000000000 0.178180000000000 0.198960000000000 0.199560000000000 0.209780000000000 0.247460000000000 0.250960000000000 0.256820000000000 0.274480000000000 0.279820000000000 0.303260000000000 0.307960000000000 0.311360000000000 0.370260000000000 0.378780000000000 0.412920000000000 0.467920000000000 0.468280000000000 0.500000000000000 0.558740000000000 0.584940000000000 0.598280000000000 0.604580000000000 0.609840000000000 0.629340000000000 0.673480000000000 0.699120000000000 0.699900000000000 0.710080000000000 0.712260000000000 0.788720000000000 0.817080000000000 0.838280000000000 0.838580000000000 0.859720000000000 0.881200000000000 0.893620000000000 0.896660000000000 0.901180000000000 0.910960000000000 0.914260000000000 0.927100000000000 0.941760000000000 0.956460000000000 0.977680000000000 0.991740000000000 0.994920000000000
000111010000000001010100100001010000010000000000
000111010000000001010100100001010000010000000000
000111010000000001010100100001010000010000000000
000100100100010110101000000110010001010000000000
000111010000000001010100100001010000010000000000
100100000010000000000000000000000000000110101111
001000000000001000000000001000000110000001010000
000111010000000001010100100001010000010000000000
010000001001100000000011010000101000101000000111
000111010000000001010100100001010000010000000000
