//
segsites: 36
positions: 0.014480000000000 0.024420000000000 0.082280000000000 0.089920000000000 0.091160000000000 0.113980000000000 0.121400000000000 0.211060000000000 0.230900000000000 0.275760000000000 0.279080000000000 0.295060000000000 0.356700000000000 0.407080000000000 0.461360000000000 0.500000000000000 0.559620000000000 0.562980000000000 0.565760000000000 0.572220000000000 0.582400000000000 0.618920000000000 0.635060000000000 0.656100000000000 0.691540000000000 0.694420000000000 0.710660000000000 0.714240000000000 0.769900000000000 0.790620000000000 0.806600000000000 0.813920000000000 0.825880000000000 0.875180000000000 0.882740000000000 0.888940000000000
010111001000010011010100110001111000
010111001000010000000001001110000100
100111001000101000001011100001111010
010111011010010000000001001010000100
010111011000010100000001001010000100
010111011000010100000001001010000100
010111111000010100000001001010000100
001000001101100010110100001010000101
010111001000010000000001001011111000
010111011000010100000001001010000100
