//
segsites: 36
positions: 0.006120000000000 0.013200000000000 0.019680000000000 0.041840000000000 0.043820000000000 0.051900000000000 0.054060000000000 0.054060000000000 0.077600000000000 0.078380000000000 0.083080000000000 0.145780000000000 0.160980000000000 0.221100000000000 0.257120000000000 0.279600000000000 0.279820000000000 0.292100000000000 0.304460000000000 0.392020000000000 0.394240000000000 0.414920000000000 0.459320000000000 0.459500000000000 0.460000000000000 0.489380000000000 0.500000000000000 0.510320000000000 0.588300000000000 0.629740000000000 0.685140000000000 0.730100000000000 0.742860000000000 0.750240000000000 0.851340000000000 0.975800000000000
000100100010100001000101101101111010
000100100010100001000101101101111010
000100100010100001000101101101111010
010000010001010000110010010001111110
000100100010100001000101101101111010
100011001001011010001000100111111010
000010000100000000000101101101111010
000011001001011010000101101101111010
001011000001011100001000100001111011
000100100010100001000101101101111010
