//
segsites: 43
positions: 0.005180000000000 0.024000000000000 0.052580000000000 0.067940000000000 0.109740000000000 0.215920000000000 0.240720000000000 0.266920000000000 0.269220000000000 0.314400000000000 0.377200000000000 0.378200000000000 0.378460000000000 0.378880000000000 0.383500000000000 0.393880000000000 0.439180000000000 0.465860000000000 0.475800000000000 0.500000000000000 0.521860000000000 0.590000000000000 0.639540000000000 0.653480000000000 0.663480000000000 0.697920000000000 0.699060000000000 0.702840000000000 0.710260000000000 0.711020000000000 0.778240000000000 0.802700000000000 0.813080000000000 0.846340000000000 0.846440000000000 0.868080000000000 0.880020000000000 0.889620000000000 0.897480000000000 0.903740000000000 0.933580000000000 0.945700000000000 0.997880000000000
0010000000001000000000100000000011011100001
0011001110000000011100000011100010100000000
1010001110110011000010000100001110000111100
0010000000001000000011101000000011010100001
0011001110000000011100000011100010100000000
0110001110110011000011101000000011010100001
0011111111000011000011101000000011010100001
0011011111000011100010000011100010100000000
0010001110110011000011101000000011010100001
0010000000001100000000110000010011011100010
