//
segsites: 44
positions: 0.046960000000000 0.069740000000000 0.095540000000000 0.116520000000000 0.121600000000000 0.146560000000000 0.155100000000000 0.197100000000000 0.251780000000000 0.251980000000000 0.256020000000000 0.263240000000000 0.304820000000000 0.333660000000000 0.358600000000000 0.364320000000000 0.374980000000000 0.395340000000000 0.436940000000000 0.450940000000000 0.476480000000000 0.488740000000000 0.494580000000000 0.500000000000000 0.503080000000000 0.522740000000000 0.601760000000000 0.622700000000000 0.647040000000000 0.659640000000000 0.660100000000000 0.673800000000000 0.694580000000000 0.703340000000000 0.711240000000000 0.715760000000000 0.744520000000000 0.790940000000000 0.811940000000000 0.817920000000000 0.834520000000000 0.863180000000000 0.912560000000000 0.965980000000000
11101011001001010011010100000100011110100011
00010100110100101100000000100010000001000000
00010100110100101100000000100010000001000000
11101011001001010001010100000100011110100011
00010100010010000001010000000100011010100000
11101011001001010001010000000100011110100011
00010100110100101100001000100010000001000000
11101011001001010001010100000100011110100011
11101011001001010001010100000100011110100011
11101010010000000000100011011001100000011111
