//
segsites: 44
positions: 0.057520000000000 0.063940000000000 0.067920000000000 0.115380000000000 0.136420000000000 0.170160000000000 0.266500000000000 0.279420000000000 0.303640000000000 0.312260000000000 0.321920000000000 0.342700000000000 0.350220000000000 0.435680000000000 0.456460000000000 0.461820000000000 0.481600000000000 0.492060000000000 0.497760000000000 0.500000000000000 0.505460000000000 0.548760000000000 0.554260000000000 0.598540000000000 0.639320000000000 0.676820000000000 0.707500000000000 0.726380000000000 0.729900000000000 0.734100000000000 0.747680000000000 0.754900000000000 0.782320000000000 0.797120000000000 0.826680000000000 0.845000000000000 0.875840000000000 0.882980000000000 0.894000000000000 0.915160000000000 0.926540000000000 0.935240000000000 0.966240000000000 0.984520000000000
01101000110101011001100101101100000000010011
00110100000010100110000000010001101001100100
01101000110101011001100101101100000000010011
01101000110101011001100101101100000000010011
01101000110101011001100101101100000000010011
01101000110101011001100101101100000000010011
10100000000010100110000000000010010011101010
01101000110101011001100101101100000000010011
10100011001000011000011010000011101101100100
10100011001000011000011010000011101101100100
