//
segsites: 51
positions: 0.020380000000000 0.038700000000000 0.058020000000000 0.090980000000000 0.102880000000000 0.106520000000000 0.150960000000000 0.156220000000000 0.160800000000000 0.175780000000000 0.232500000000000 0.236460000000000 0.239800000000000 0.267660000000000 0.289980000000000 0.297540000000000 0.303480000000000 0.342840000000000 0.362640000000000 0.389320000000000 0.407620000000000 0.427360000000000 0.448040000000000 0.479940000000000 0.500000000000000 0.518920000000000 0.549560000000000 0.557640000000000 0.569220000000000 0.592740000000000 0.599080000000000 0.610600000000000 0.625860000000000 0.646980000000000 0.655580000000000 0.672480000000000 0.700060000000000 0.739560000000000 0.746900000000000 0.821720000000000 0.841380000000000 0.880640000000000 0.881080000000000 0.890260000000000 0.903920000000000 0.907460000000000 0.908940000000000 0.931460000000000 0.969680000000000 0.979560000000000 0.997940000000000
000110000000000000110011000000101000000000001000010
000010000000000000110111100000101010000000001000010
010001000000000000110011100000101010000000001000010
001001011110000000110011000010101001000011000000000
000001000000001010001001000000010100011100100011000
000000000000010101110000001001000000100000000100010
100010100001100000110011010100010100011000010100101
000010000000000000110011100000101010000000001000010
000010000000000000110011100000101010000000001000010
000010000000000000110011100000101010000000001000010
