//
segsites: 65
positions: 0.023400000000000 0.031400000000000 0.034820000000000 0.049360000000000 0.094120000000000 0.096220000000000 0.124500000000000 0.126540000000000 0.174420000000000 0.182360000000000 0.207080000000000 0.239960000000000 0.246720000000000 0.275080000000000 0.325520000000000 0.325780000000000 0.356840000000000 0.359860000000000 0.385040000000000 0.415340000000000 0.419200000000000 0.423040000000000 0.425460000000000 0.427760000000000 0.435560000000000 0.463620000000000 0.500000000000000 0.510060000000000 0.516360000000000 0.535020000000000 0.566500000000000 0.591800000000000 0.619840000000000 0.623800000000000 0.635100000000000 0.636700000000000 0.647700000000000 0.666220000000000 0.671200000000000 0.679540000000000 0.704900000000000 0.713660000000000 0.718880000000000 0.727880000000000 0.728560000000000 0.730800000000000 0.746560000000000 0.753680000000000 0.754340000000000 0.754460000000000 0.758100000000000 0.800640000000000 0.847460000000000 0.867340000000000 0.876360000000000 0.895940000000000 0.919360000000000 0.920900000000000 0.928960000000000 0.950680000000000 0.951500000000000 0.954540000000000 0.968800000000000 0.979260000000000 0.997820000000000
00000000001000111010001100000000000101011100010000000000000100101
00000000011110000001010001011111001000000001000011000000100000000
00001001000111000001010001010000000000000000001000000000000001010
00000000001000111010001100100000000101011100000000000000000000000
01100000000000000100000010000000000100011000010000000101000100001
01100010000000000100000010000000000100011000010000001010000000000
00000000001000111010001100100000000101011100010000000100000100001
00000000010000000001110001010000010000100000100100110000011010000
00000100101000000100000010000000100010000010000000000000000000001
10010000011000111010001100100000000101011100000000000000000000000
