//
segsites: 59
positions: 0.026600000000000 0.037880000000000 0.049360000000000 0.059240000000000 0.063900000000000 0.065800000000000 0.092720000000000 0.133080000000000 0.186700000000000 0.205020000000000 0.225780000000000 0.302200000000000 0.310920000000000 0.315580000000000 0.321700000000000 0.324500000000000 0.339840000000000 0.392760000000000 0.403040000000000 0.413900000000000 0.421860000000000 0.444580000000000 0.468260000000000 0.479500000000000 0.493940000000000 0.500000000000000 0.549420000000000 0.565580000000000 0.578720000000000 0.580700000000000 0.585780000000000 0.588300000000000 0.602620000000000 0.609240000000000 0.618000000000000 0.657460000000000 0.674280000000000 0.683480000000000 0.685500000000000 0.690500000000000 0.708060000000000 0.772980000000000 0.788320000000000 0.793320000000000 0.831100000000000 0.834220000000000 0.837500000000000 0.850300000000000 0.860620000000000 0.875060000000000 0.875380000000000 0.886280000000000 0.888640000000000 0.897540000000000 0.901280000000000 0.915700000000000 0.926280000000000 0.966080000000000 0.982480000000000
00010010001100000011010000000000000000000000101000001000100
00000001101011001100100000000010000000000000100000000000011
00000001101011000010000000011000000000100011010000100100000
10100001101011101100101000000011110001000000100001010001000
00100001101011001100101001000011010111010000100101010001000
00001101101011000010000110101000000000100011010000100110000
00100001101011001100101001000011010111011000100101010001000
01001100011001010010000110100100001000000100100010001000000
00100001101011001100101001000011010111010000100101010001000
00100001101011001100101000000011010101000000100101010001000
