//
segsites: 30
positions: 0.005820000000000 0.006040000000000 0.037020000000000 0.051720000000000 0.128080000000000 0.136140000000000 0.310660000000000 0.315520000000000 0.329300000000000 0.342080000000000 0.402000000000000 0.430240000000000 0.444980000000000 0.469280000000000 0.500000000000000 0.506520000000000 0.530180000000000 0.577040000000000 0.625720000000000 0.676320000000000 0.686160000000000 0.715400000000000 0.792340000000000 0.821440000000000 0.898260000000000 0.906840000000000 0.909460000000000 0.966840000000000 0.968780000000000 0.973920000000000
000101011010010010101110010011
000010011010011000101111010011
000101011010011000101111010011
000101011010011000101111010011
000101011010011000101111010011
000101110101100101010010101100
001101010101100101010010001100
110000011010010000101110010011
000101011010011000101111010011
000101010101100101010010001100
