//
segsites: 53
positions: 0.012340000000000 0.033240000000000 0.033440000000000 0.053960000000000 0.098940000000000 0.129460000000000 0.140980000000000 0.154240000000000 0.173080000000000 0.189500000000000 0.195140000000000 0.219100000000000 0.234120000000000 0.262820000000000 0.341320000000000 0.353680000000000 0.390640000000000 0.414460000000000 0.414880000000000 0.425460000000000 0.429000000000000 0.449280000000000 0.452380000000000 0.457480000000000 0.474920000000000 0.490500000000000 0.500000000000000 0.507960000000000 0.508480000000000 0.520020000000000 0.525520000000000 0.580480000000000 0.591640000000000 0.603700000000000 0.651780000000000 0.658920000000000 0.686240000000000 0.698780000000000 0.728720000000000 0.771120000000000 0.778480000000000 0.790780000000000 0.803700000000000 0.818520000000000 0.820400000000000 0.903520000000000 0.919880000000000 0.958800000000000 0.963220000000000 0.982940000000000 0.990360000000000 0.994320000000000 0.999180000000000
10101000000000011001110010000001000011010010000000000
10011001101010000010000000100100110000001001100110001
10001001101111100100001001001000001100001001100001110
01001110000000000010000000100100110000001001100110001
01001110000000000010000000100100110000001001100110001
01001110010000100100000101010010000100100100011010001
01001110010000100100000101010010000100100100011010001
01001110000000000010000000100100110000001001100110001
10101000000000011001100000100100110000001001100110001
01001110000000000010000000100100110000001001100110001
