//
segsites: 36
positions: 0.037760000000000 0.057340000000000 0.059580000000000 0.061700000000000 0.065380000000000 0.090860000000000 0.155720000000000 0.156060000000000 0.193160000000000 0.231440000000000 0.252520000000000 0.259000000000000 0.286460000000000 0.334540000000000 0.340620000000000 0.428460000000000 0.430760000000000 0.500000000000000 0.564880000000000 0.577800000000000 0.578740000000000 0.610700000000000 0.613260000000000 0.632360000000000 0.643560000000000 0.656180000000000 0.694020000000000 0.739420000000000 0.834040000000000 0.901540000000000 0.936120000000000 0.942080000000000 0.942400000000000 0.972780000000000 0.982180000000000 0.993720000000000
001000110100000000000110010000001111
001000100100000001001000101111110000
100000001010111100111001100000001111
001000110100000000000110010000001111
000011100001000010001000101011110000
011000100100000001001000101111110000
100100001010111100011001100000001111
001000100100000001001000101111110000
001000100100000001001000101111110000
000011001010111100011001100000001111
