//
segsites: 43
positions: 0.016240000000000 0.051740000000000 0.059420000000000 0.072520000000000 0.136040000000000 0.140900000000000 0.146920000000000 0.156200000000000 0.187940000000000 0.193040000000000 0.205520000000000 0.212560000000000 0.222760000000000 0.248880000000000 0.254520000000000 0.258220000000000 0.260800000000000 0.268400000000000 0.290940000000000 0.297100000000000 0.322900000000000 0.345380000000000 0.356120000000000 0.361580000000000 0.381840000000000 0.404720000000000 0.455100000000000 0.466100000000000 0.482640000000000 0.500000000000000 0.513540000000000 0.521600000000000 0.523400000000000 0.543920000000000 0.570640000000000 0.629780000000000 0.642400000000000 0.657920000000000 0.694980000000000 0.751480000000000 0.755520000000000 0.928160000000000 0.967380000000000
0100001111000000011110000001100000001000011
0001110100000010000000010100000110110000000
0010010100001100100001100001110000001000010
0010010100001100100001100001110000001000010
0010010100001101100001100001110000001000010
1010010100001100000001100001110000001000010
0010010100001100100001100001110000001000010
0010010100011100000001111100001100110111100
0010010100101100100001100001110000001000010
0010010110001100000001100011100001001000010
