//
segsites: 58
positions: 0.009500000000000 0.050360000000000 0.059500000000000 0.077260000000000 0.119940000000000 0.159880000000000 0.168300000000000 0.168620000000000 0.187740000000000 0.192900000000000 0.203880000000000 0.212920000000000 0.219580000000000 0.225660000000000 0.239600000000000 0.259100000000000 0.262820000000000 0.264700000000000 0.266320000000000 0.267560000000000 0.277560000000000 0.318460000000000 0.339100000000000 0.345940000000000 0.375720000000000 0.376940000000000 0.392360000000000 0.396640000000000 0.422480000000000 0.439880000000000 0.444760000000000 0.463920000000000 0.478360000000000 0.480180000000000 0.483240000000000 0.500000000000000 0.509420000000000 0.536220000000000 0.542260000000000 0.544800000000000 0.600540000000000 0.602640000000000 0.625820000000000 0.638820000000000 0.646080000000000 0.694180000000000 0.775800000000000 0.791060000000000 0.795720000000000 0.850460000000000 0.868980000000000 0.926780000000000 0.931740000000000 0.951740000000000 0.957800000000000 0.967680000000000 0.986880000000000 0.998620000000000
0010000000110000110000101101100110000001001000001000101000
1000000000001001000000010010010010010001010000100011010101
1000000000001001000000010010010010010001010000100111010101
1000100100000000000101000000001000000110000110110001010101
1000000000001001000000010010010010010001010000100011010101
0101010001000010001010001101100111101000100001001000100010
1000000000001001000000010010010010010001010000100011010101
1000000010001001000000010010010010000001010000100011010101
1000001000000100000101000000001000000110000110110001000101
1000000000001001000000010010010010010001010000100011010101
