//
segsites: 47
positions: 0.017860000000000 0.037020000000000 0.041500000000000 0.049500000000000 0.078780000000000 0.098920000000000 0.104460000000000 0.109960000000000 0.136280000000000 0.140120000000000 0.157860000000000 0.159460000000000 0.215000000000000 0.219560000000000 0.235440000000000 0.252800000000000 0.275040000000000 0.279600000000000 0.304180000000000 0.307780000000000 0.318940000000000 0.340860000000000 0.355580000000000 0.465660000000000 0.469920000000000 0.500000000000000 0.519720000000000 0.519800000000000 0.525960000000000 0.535800000000000 0.553460000000000 0.565220000000000 0.663960000000000 0.713720000000000 0.773760000000000 0.774100000000000 0.775160000000000 0.806320000000000 0.807460000000000 0.841140000000000 0.852320000000000 0.853360000000000 0.857740000000000 0.911160000000000 0.916000000000000 0.928200000000000 0.979320000000000
00001001011111001110100101000110000010011010101
00000001101101010000011010100000101000100100111
00001001001111001110100100000010000010011010101
00000001101101001110100101000110000110011010101
00000101001111100000010000011001010010000000000
00000001101101000010100010000000101001001011111
11000010001100010001011010000000101000100000000
00101001011111001110100101000110000010011010101
00001001011111001110100101000110000010011010101
00010001001111001110100100000000101001001011111
