//
segsites: 36
positions: 0.064380000000000 0.071500000000000 0.096180000000000 0.101500000000000 0.166400000000000 0.212860000000000 0.218400000000000 0.256780000000000 0.278280000000000 0.313560000000000 0.318140000000000 0.350680000000000 0.438040000000000 0.443500000000000 0.481720000000000 0.500000000000000 0.510280000000000 0.519220000000000 0.525260000000000 0.542140000000000 0.557260000000000 0.558720000000000 0.575880000000000 0.587140000000000 0.621500000000000 0.635280000000000 0.644940000000000 0.674000000000000 0.677440000000000 0.741920000000000 0.759400000000000 0.764320000000000 0.811260000000000 0.865040000000000 0.872720000000000 0.911700000000000
000101101000101011101101111011100110
000101100101111101111001110010101100
000101100101111101101001110110101100
011011110011111001101011110010100100
111011100001111001101001110010110101
000101100101111101101001110010101100
000101100101111101101001110010101100
000101100101111101101001110110101100
000101100001111001101001110010101100
000101100101111101101001110010101100
