//
segsites: 54
positions: 0.001340000000000 0.011300000000000 0.012780000000000 0.036520000000000 0.056540000000000 0.058660000000000 0.064580000000000 0.078780000000000 0.092660000000000 0.093680000000000 0.108040000000000 0.130980000000000 0.144260000000000 0.177520000000000 0.204840000000000 0.206480000000000 0.231260000000000 0.243800000000000 0.260120000000000 0.261180000000000 0.282380000000000 0.317660000000000 0.322760000000000 0.340840000000000 0.343600000000000 0.363040000000000 0.400160000000000 0.404560000000000 0.423900000000000 0.437860000000000 0.476820000000000 0.500000000000000 0.501160000000000 0.519780000000000 0.523400000000000 0.593220000000000 0.611360000000000 0.613700000000000 0.674300000000000 0.709340000000000 0.767620000000000 0.796440000000000 0.804260000000000 0.813260000000000 0.823120000000000 0.847540000000000 0.855060000000000 0.891760000000000 0.892940000000000 0.894440000000000 0.929480000000000 0.954420000000000 0.973080000000000 0.986020000000000
111010000000100001000000010011100100110011001000001111
000000100110000000000000010010110100110011001000001111
000000100110011000000001010010100110110111001000100111
000110000001000110110100000000110100110011001000001111
000000100110000000000000010010110100110011001000001111
000110000001000110110100100000001001001011101100000011
000000100110000000000000010010110100110011001000001111
000000100110000000000000010010110100110000000001010000
000001011000000100001010001100000000000001010010000001
000000100110000000000000010010110100110011001000001111
