//
segsites: 36
positions: 0.015820000000000 0.071620000000000 0.072720000000000 0.160080000000000 0.214500000000000 0.319600000000000 0.347200000000000 0.358240000000000 0.370700000000000 0.376180000000000 0.400380000000000 0.415000000000000 0.438880000000000 0.441720000000000 0.473640000000000 0.492100000000000 0.500000000000000 0.533040000000000 0.552700000000000 0.570860000000000 0.581160000000000 0.627500000000000 0.658500000000000 0.667720000000000 0.677160000000000 0.706280000000000 0.710760000000000 0.749120000000000 0.768620000000000 0.786780000000000 0.797740000000000 0.805280000000000 0.812700000000000 0.951860000000000 0.965340000000000 0.996420000000000
010101001100000110001011111010100001
010101001100000110111100000101001100
010101011100000100001011111010110001
010101011100000100001011111010110011
010101001100000110001011111010100001
110010100010011000000100000101000000
010101001100101001001100000101001100
010101001100000110001011111010100001
010101001100000110001011111010100001
011101011101000100001011111010100001
