//
segsites: 32
positions: 0.007120000000000 0.022020000000000 0.035580000000000 0.084840000000000 0.157100000000000 0.163820000000000 0.184020000000000 0.224600000000000 0.292300000000000 0.348720000000000 0.367760000000000 0.385940000000000 0.403100000000000 0.404540000000000 0.406280000000000 0.433400000000000 0.434600000000000 0.439500000000000 0.454640000000000 0.481100000000000 0.495080000000000 0.500000000000000 0.635380000000000 0.694180000000000 0.760160000000000 0.795180000000000 0.922120000000000 0.924100000000000 0.940900000000000 0.953940000000000 0.960900000000000 0.996180000000000
11101000101000110100110111011001
11101000101000110100110111011001
01110111010111000011001001111001
11101000101000111000100000000100
11101000101000110100110111011001
11101000101000110100110111011001
11101000101000110100110111011001
11101000101000110100110111011001
01100111010111000011001001111011
01100111010111000011110111011001
