//
segsites: 58
positions: 0.001720000000000 0.025280000000000 0.060160000000000 0.062700000000000 0.072980000000000 0.073140000000000 0.075720000000000 0.083700000000000 0.101820000000000 0.124640000000000 0.126040000000000 0.126980000000000 0.148620000000000 0.152040000000000 0.158700000000000 0.165340000000000 0.180140000000000 0.216540000000000 0.258000000000000 0.289460000000000 0.309320000000000 0.314860000000000 0.344960000000000 0.353740000000000 0.370500000000000 0.398180000000000 0.412380000000000 0.417400000000000 0.498260000000000 0.500000000000000 0.503500000000000 0.521440000000000 0.563580000000000 0.591080000000000 0.625100000000000 0.645380000000000 0.698180000000000 0.724400000000000 0.732300000000000 0.732960000000000 0.735080000000000 0.740940000000000 0.757160000000000 0.772540000000000 0.779740000000000 0.782100000000000 0.806620000000000 0.811900000000000 0.823600000000000 0.843160000000000 0.855640000000000 0.858860000000000 0.897000000000000 0.905620000000000 0.908280000000000 0.949320000000000 0.998640000000000 0.999560000000000
0010001011000000100001001000110100100111010000010110111000
0010101100100110100010011001100101100011010000000100101001
0010001011000000100001001000110100100111010000010110111000
0111011000011001010000101000101110100011010010000001000110
0010101100100000000100001010100100100011010110000001000000
0010001011000000100001001000110100100111010000010110111000
0010001011000000100001001000110100100111010000010110111000
1111011000011001010000101000101110111000101001101000000100
0010001011000000101001001000100100100111010000010110101000
0010001011000000100001001100110100100111010000010110111000
