//
segsites: 47
positions: 0.013280000000000 0.058140000000000 0.074420000000000 0.084980000000000 0.089240000000000 0.093040000000000 0.100540000000000 0.111420000000000 0.119920000000000 0.129260000000000 0.141700000000000 0.149060000000000 0.191140000000000 0.256200000000000 0.261460000000000 0.265260000000000 0.265440000000000 0.286740000000000 0.313020000000000 0.344160000000000 0.352040000000000 0.384300000000000 0.395500000000000 0.398040000000000 0.432540000000000 0.435220000000000 0.450620000000000 0.455680000000000 0.500000000000000 0.514700000000000 0.518100000000000 0.524760000000000 0.526480000000000 0.544160000000000 0.545940000000000 0.560860000000000 0.561900000000000 0.589780000000000 0.616640000000000 0.676260000000000 0.679880000000000 0.700820000000000 0.764840000000000 0.792560000000000 0.920520000000000 0.930420000000000 0.976160000000000
01100100011000111010000000111001011000100101111
10011010111111100101100000111001011000100100111
01100100011000111010000000111001011000100100111
10011010111110100101101000110001000000011000111
01100100011000111010000000111001011000100100111
10011010111110100101101010110001000000011000111
01001010111010100100110101100111100110100110111
01001011111010100100110101100011100111100110111
01100100011000111010000000111001011000100100111
01100100011000111010000000111001011000100100111
