//
segsites: 42
positions: 0.006140000000000 0.009880000000000 0.018160000000000 0.051100000000000 0.066380000000000 0.101380000000000 0.113480000000000 0.209760000000000 0.220220000000000 0.236680000000000 0.239460000000000 0.250420000000000 0.257500000000000 0.261860000000000 0.276720000000000 0.297560000000000 0.303100000000000 0.313860000000000 0.362780000000000 0.369800000000000 0.375300000000000 0.429060000000000 0.477820000000000 0.478700000000000 0.500000000000000 0.501460000000000 0.503100000000000 0.551540000000000 0.561640000000000 0.588720000000000 0.591900000000000 0.630940000000000 0.712480000000000 0.789140000000000 0.813680000000000 0.826960000000000 0.859560000000000 0.901060000000000 0.919740000000000 0.945600000000000 0.955140000000000 0.962540000000000
010000010000011000000010101110110000000001
010000010000011000000010101110110000000001
010000010000011000000010101110110000000001
101101100010011100011010001100010000000000
010000010000011000000010101110110000000001
101101000000000010000000010100011001010110
000010010101101001111101001101010000111110
010000010000011000000010101110110000000001
010000010000011000000010101110111010100001
101101001010011100011010001100011110100001
