//
segsites: 61
positions: 0.005880000000000 0.017920000000000 0.019680000000000 0.035660000000000 0.043840000000000 0.085580000000000 0.138160000000000 0.139200000000000 0.139240000000000 0.152320000000000 0.191460000000000 0.237760000000000 0.246520000000000 0.248980000000000 0.266760000000000 0.272920000000000 0.281380000000000 0.283340000000000 0.289760000000000 0.290280000000000 0.359940000000000 0.360420000000000 0.374340000000000 0.390160000000000 0.396740000000000 0.424200000000000 0.466200000000000 0.479200000000000 0.488540000000000 0.500000000000000 0.523120000000000 0.537780000000000 0.549980000000000 0.583560000000000 0.600020000000000 0.614800000000000 0.635140000000000 0.675840000000000 0.680820000000000 0.710360000000000 0.718020000000000 0.720760000000000 0.788320000000000 0.802820000000000 0.809480000000000 0.843260000000000 0.847800000000000 0.868800000000000 0.872020000000000 0.873180000000000 0.873760000000000 0.929120000000000 0.940120000000000 0.952900000000000 0.955700000000000 0.959920000000000 0.960460000000000 0.962560000000000 0.971900000000000 0.977440000000000 0.993660000000000
1000100000110101000010001010001100000000011011000100010010110
0001000001111100011000000000000010011000001011000100000010110
0001000000110100011000000000100000011000001011000100000010110
1000100000110101000010001010011100000000011011000100010010110
0001000001110100000110001000000001000001000000000000100000000
0001000001110110011011100000000001000011001100111000001101001
1000100000110101000010001010011100100000011011000100010010110
0111010110000000100011011100000000000100100000000000100000000
0001000001110110011011100000000000011000001010000000000010110
0001001001110100011011100001000000000011001100111011000101001
