//
segsites: 54
positions: 0.031820000000000 0.045060000000000 0.047040000000000 0.085640000000000 0.132740000000000 0.137300000000000 0.150280000000000 0.158220000000000 0.172900000000000 0.239380000000000 0.244180000000000 0.263660000000000 0.301240000000000 0.341500000000000 0.359140000000000 0.378320000000000 0.382320000000000 0.390520000000000 0.429840000000000 0.454700000000000 0.461200000000000 0.470160000000000 0.474800000000000 0.479540000000000 0.500000000000000 0.505900000000000 0.511940000000000 0.529140000000000 0.546660000000000 0.561860000000000 0.563640000000000 0.597280000000000 0.628360000000000 0.654740000000000 0.657160000000000 0.679540000000000 0.681940000000000 0.708200000000000 0.709060000000000 0.709480000000000 0.749540000000000 0.749580000000000 0.771420000000000 0.788720000000000 0.812040000000000 0.838960000000000 0.852020000000000 0.867500000000000 0.872800000000000 0.921880000000000 0.940140000000000 0.948320000000000 0.991680000000000 0.999780000000000
111100100100000100011000111101000111101110000100011111
000001000010000100000000000100100001000010000100011111
000001000010000100000000000100000001000001110101010111
000001000010000100000000000100100001000001110100011111
001100001000101010000000000100011000010000001010111111
111100100100000100011000111101000111101110000100011111
111110110100000101100011000010010000010001110100011111
111100100101000100011000111101000111101110000100011111
111100100100000100011000111101000111101110000100011111
000000000010010000000100000000011000010000001010111111
