//
segsites: 43
positions: 0.036100000000000 0.051920000000000 0.099340000000000 0.114780000000000 0.196520000000000 0.220460000000000 0.244340000000000 0.247340000000000 0.247480000000000 0.282980000000000 0.349680000000000 0.360680000000000 0.405380000000000 0.410640000000000 0.426540000000000 0.452600000000000 0.453220000000000 0.468040000000000 0.490220000000000 0.495900000000000 0.500000000000000 0.551220000000000 0.565800000000000 0.577740000000000 0.588300000000000 0.622720000000000 0.622980000000000 0.637920000000000 0.667900000000000 0.671960000000000 0.682820000000000 0.692780000000000 0.717260000000000 0.754640000000000 0.763340000000000 0.778980000000000 0.789640000000000 0.836280000000000 0.843140000000000 0.850320000000000 0.873420000000000 0.875060000000000 0.987700000000000
0001010000001000001000101000000101110000101
0001000000000001101011101011010000001101011
0001001110100100010100101000000000000000010
0001000000000001101011101011010000001101011
0100101110000100010100000100101000000010010
0001010000001010001000101000000000000000010
0011010000001000001000101000000101110000101
1001010001010001101000111011000000000010010
0001010000001000001000101000000101110000101
0001010000001000001000101000000010000001011
