//
segsites: 32
positions: 0.020360000000000 0.023000000000000 0.069300000000000 0.091500000000000 0.120420000000000 0.129200000000000 0.167680000000000 0.189900000000000 0.213320000000000 0.219820000000000 0.222600000000000 0.263900000000000 0.292380000000000 0.405780000000000 0.409040000000000 0.425180000000000 0.432240000000000 0.469480000000000 0.499640000000000 0.500000000000000 0.578700000000000 0.641720000000000 0.754780000000000 0.767040000000000 0.792420000000000 0.829740000000000 0.830400000000000 0.848480000000000 0.860380000000000 0.887520000000000 0.921300000000000 0.960840000000000
10101110100011000101001000010011
01010011010001000100100010011000
00000000000111000100001100110110
10101110100011000101001000010011
10101110100011000101001000010011
10101110100011000101001000010011
00000000000111101110001100011000
00000000001111010100011100010011
10101110100011000101001001010011
10101110100011000101001000010011
