//
segsites: 60
positions: 0.008580000000000 0.016080000000000 0.023820000000000 0.029120000000000 0.031260000000000 0.035880000000000 0.065360000000000 0.089860000000000 0.091380000000000 0.091480000000000 0.097760000000000 0.135000000000000 0.144960000000000 0.165380000000000 0.176240000000000 0.178140000000000 0.186900000000000 0.205000000000000 0.222960000000000 0.232900000000000 0.243600000000000 0.262640000000000 0.285760000000000 0.313840000000000 0.315880000000000 0.327040000000000 0.332140000000000 0.337600000000000 0.354480000000000 0.413100000000000 0.426600000000000 0.432480000000000 0.470660000000000 0.492380000000000 0.496300000000000 0.500000000000000 0.545740000000000 0.589060000000000 0.597440000000000 0.618020000000000 0.619500000000000 0.628040000000000 0.648500000000000 0.668720000000000 0.674840000000000 0.767560000000000 0.866600000000000 0.869500000000000 0.871280000000000 0.874100000000000 0.892740000000000 0.893900000000000 0.898900000000000 0.915320000000000 0.919100000000000 0.919620000000000 0.930920000000000 0.935840000000000 0.982000000000000 0.994380000000000
011001000000000000000001101000111010010010110011001100011100
000001000010011000001000000010000100101000000001010101100000
100000000010001000001000000000000101101000000001010101000000
011000001100000110100000000010000100101000000100000010000001
100000000010001000001000000000000101101000000001010101000000
000010000011001001001100010101000100101101001001010101000000
000000110010000000011000000100000101101000000001010101000000
100000000010001000001000000000000101101000000001010101000000
100000000010001000001000000000000101101000000001010101000000
000110000010100000000010000010000100101000000101100100011010
