//
segsites: 47
positions: 0.055900000000000 0.060860000000000 0.063060000000000 0.071160000000000 0.097800000000000 0.126380000000000 0.134920000000000 0.141140000000000 0.151200000000000 0.196480000000000 0.208380000000000 0.228440000000000 0.240060000000000 0.327360000000000 0.332340000000000 0.336560000000000 0.353340000000000 0.362200000000000 0.367520000000000 0.370320000000000 0.401060000000000 0.408320000000000 0.424360000000000 0.438960000000000 0.441960000000000 0.500000000000000 0.582720000000000 0.591660000000000 0.603220000000000 0.616700000000000 0.639440000000000 0.643820000000000 0.654020000000000 0.668560000000000 0.751780000000000 0.795080000000000 0.803100000000000 0.809220000000000 0.814420000000000 0.870920000000000 0.880500000000000 0.881660000000000 0.888820000000000 0.917940000000000 0.945640000000000 0.949880000000000 0.953940000000000
00000011110100000010010000011010000010000100011
00101111110100100001100111010001001001011011010
00101111110100100001100111010001001001011011010
00101111110100100001100111010001001001011011010
01000000010101001110000000100100011110000100100
00101111110100100001100111010001101001011011010
10010110011010010000001000100100011110010011010
10010110011000010000001000100100011110000100100
10010110011000010000001000000100011110100100100
00101111110100100001100111010001001001011011010
