//
segsites: 32
positions: 0.028720000000000 0.029340000000000 0.037020000000000 0.041360000000000 0.060660000000000 0.125420000000000 0.225700000000000 0.253580000000000 0.338760000000000 0.401640000000000 0.417700000000000 0.441020000000000 0.500000000000000 0.537380000000000 0.539740000000000 0.554280000000000 0.560400000000000 0.573020000000000 0.583700000000000 0.609100000000000 0.660540000000000 0.675800000000000 0.676360000000000 0.707860000000000 0.717700000000000 0.723000000000000 0.782760000000000 0.852620000000000 0.865020000000000 0.869700000000000 0.882280000000000 0.955400000000000
00111110000011011000110001110100
00111110000011011000110001110100
00111110100011011000110001110100
11001000011000000101000000101011
11001000011000000101000000101011
00111110000011011000110001110100
01000001000000011010110001110100
00111110000011011000110001110100
00111110000111011000111001110100
00111110000000110000000110010100
