//
segsites: 53
positions: 0.060800000000000 0.089620000000000 0.109820000000000 0.141020000000000 0.152740000000000 0.161460000000000 0.164960000000000 0.169100000000000 0.172300000000000 0.173280000000000 0.208060000000000 0.230400000000000 0.306180000000000 0.307480000000000 0.321640000000000 0.331900000000000 0.337700000000000 0.365760000000000 0.370560000000000 0.380200000000000 0.381300000000000 0.393380000000000 0.439500000000000 0.500000000000000 0.514740000000000 0.522340000000000 0.536880000000000 0.553100000000000 0.558980000000000 0.572880000000000 0.590180000000000 0.619620000000000 0.653240000000000 0.658880000000000 0.667020000000000 0.679600000000000 0.686580000000000 0.688760000000000 0.708140000000000 0.731920000000000 0.738320000000000 0.740640000000000 0.746480000000000 0.764260000000000 0.766260000000000 0.768340000000000 0.771780000000000 0.774460000000000 0.842460000000000 0.859400000000000 0.865320000000000 0.925260000000000 0.992120000000000
01000001000000010110000000100001100000000000110000100
00000000000011001000010110000000110000111000110000110
10100001000000010110000000010001001100000000001110101
00000000000011001000010110000000110010111000110000110
00000000000011001000010110000000110000111000110000110
00000000000011001000010110000000110000100111000001110
10010010001111001000110010000010110000111000110000110
00000000000011001000010110000000110000111000110000110
01001100110000110111001001101101001001000111000001110
00000000000011001000010110000000110000111000110000110
