//
segsites: 47
positions: 0.033320000000000 0.113080000000000 0.122880000000000 0.126040000000000 0.143700000000000 0.194060000000000 0.196840000000000 0.207060000000000 0.209940000000000 0.232300000000000 0.273160000000000 0.278840000000000 0.290940000000000 0.331340000000000 0.340800000000000 0.373240000000000 0.381060000000000 0.409540000000000 0.417820000000000 0.443960000000000 0.446980000000000 0.500000000000000 0.534400000000000 0.536400000000000 0.546080000000000 0.591080000000000 0.621220000000000 0.622220000000000 0.639100000000000 0.691760000000000 0.693860000000000 0.707440000000000 0.711080000000000 0.755400000000000 0.767380000000000 0.834460000000000 0.851620000000000 0.874700000000000 0.887580000000000 0.907500000000000 0.916640000000000 0.917860000000000 0.921960000000000 0.951900000000000 0.956660000000000 0.962700000000000 0.979340000000000
00110000000010010001111000011010100100111000010
00110000000010110001111000011010100100111000010
00110000000010010001111000011010100100111000010
00110000000100000011000000000000010010000001100
00110000000010010001111000011010100100111000010
00110000000010010101111000011010100100111000010
00110000000010011001111000011010100100111000010
00110000000010010001111000011010100100111000010
01001011011001000000000111000000001100111000010
10010101111000010000000111100101000001000110001
