//
segsites: 64
positions: 0.011700000000000 0.022140000000000 0.041720000000000 0.045900000000000 0.068600000000000 0.080120000000000 0.080640000000000 0.094300000000000 0.103200000000000 0.110640000000000 0.128040000000000 0.190660000000000 0.207440000000000 0.229620000000000 0.252820000000000 0.304620000000000 0.310520000000000 0.339480000000000 0.375880000000000 0.378640000000000 0.382340000000000 0.388440000000000 0.418940000000000 0.435660000000000 0.437300000000000 0.500000000000000 0.514780000000000 0.517460000000000 0.527620000000000 0.550420000000000 0.562840000000000 0.583500000000000 0.601560000000000 0.614540000000000 0.628040000000000 0.655420000000000 0.660400000000000 0.664800000000000 0.687500000000000 0.704480000000000 0.705360000000000 0.707100000000000 0.722640000000000 0.746140000000000 0.749340000000000 0.784520000000000 0.795400000000000 0.808460000000000 0.818480000000000 0.837200000000000 0.848340000000000 0.852340000000000 0.854240000000000 0.870400000000000 0.878640000000000 0.884060000000000 0.886860000000000 0.889700000000000 0.902760000000000 0.913800000000000 0.928060000000000 0.943560000000000 0.969960000000000 0.982340000000000
0110001001101000011101000110011000000001000000101000000011000100
0110001001101000011101000110011000000001000000101000000011000100
0110001001101000011101000110011000000001000000101000000011000100
0001000001100000000010100001000000100000000000101000000001000010
1110001011000010100000001000000000100000000000010001000100111000
0000000100000101011101000000000010000100000010001010100001000001
0110001001101000011101000110011000000001000000101000000011000100
1110001001000000000000001000000001000000100000010001011100111000
0110110000010000000000010000100100011110011101000100000011000100
0110001001101000011101000110011000000001000000101000000011000100
