//
segsites: 73
positions: 0.008700000000000 0.011900000000000 0.030660000000000 0.048480000000000 0.050640000000000 0.064480000000000 0.103880000000000 0.111320000000000 0.121660000000000 0.131140000000000 0.145140000000000 0.146540000000000 0.157500000000000 0.160580000000000 0.164260000000000 0.184480000000000 0.241600000000000 0.243260000000000 0.251900000000000 0.260660000000000 0.270240000000000 0.282820000000000 0.288580000000000 0.291160000000000 0.296700000000000 0.303060000000000 0.306820000000000 0.332360000000000 0.338020000000000 0.340060000000000 0.365980000000000 0.369000000000000 0.369880000000000 0.371060000000000 0.379060000000000 0.399500000000000 0.406100000000000 0.420640000000000 0.428180000000000 0.442560000000000 0.448780000000000 0.454780000000000 0.490000000000000 0.495140000000000 0.500000000000000 0.504260000000000 0.518100000000000 0.532480000000000 0.569700000000000 0.570360000000000 0.575220000000000 0.640800000000000 0.656540000000000 0.682620000000000 0.686180000000000 0.686220000000000 0.688020000000000 0.697320000000000 0.704620000000000 0.714880000000000 0.717380000000000 0.749120000000000 0.772460000000000 0.774520000000000 0.858660000000000 0.883060000000000 0.901120000000000 0.902400000000000 0.912400000000000 0.923660000000000 0.946300000000000 0.988360000000000 0.999380000000000
1100000110010101010000010001000000110000010110100100000001100100011010100
0001111000101010101101000110001010000000110100100100000001100100001010100
1100000110010101010000010001000000110000010110100100000001100100011010100
1110000110000000000110001000100000000010000000000101001110001000001010010
0001111000001010101100000110000100001010000000010101100110011000001010101
0000000001010101000000110001010001100001000001000110000000001010001010100
0001111000101010101100000110001010000100000000001110000000001010001110100
0001111000001010101100000110001010000100001000000101000110001000001010101
0001111000001010000000110001010001100000000000000100010000000001101011100
0000000110010101010000010001000000110000010110100100000001100100011010100
