//
segsites: 37
positions: 0.013060000000000 0.015740000000000 0.021080000000000 0.038740000000000 0.039360000000000 0.042600000000000 0.132320000000000 0.139780000000000 0.171560000000000 0.205560000000000 0.235400000000000 0.276620000000000 0.279360000000000 0.284460000000000 0.332780000000000 0.393040000000000 0.397520000000000 0.399880000000000 0.438320000000000 0.441120000000000 0.457280000000000 0.468700000000000 0.471760000000000 0.500000000000000 0.508680000000000 0.535260000000000 0.550620000000000 0.614740000000000 0.681240000000000 0.714900000000000 0.734420000000000 0.791100000000000 0.929740000000000 0.963560000000000 0.964420000000000 0.967500000000000 0.975440000000000
0001001000000000101100001010011101000
0100010110100011010010110001100000000
0100010110100011010010110001100000000
0100010110100011010010110001100000000
0100110100000000100010000000100100100
1010000001011110010010000000010101000
0100010100000010010001000101100110011
0100010110100011010010110001100000000
0001000110100011010010110001100000000
0001001000000000101100001010010101000
