//
segsites: 41
positions: 0.048240000000000 0.055980000000000 0.061500000000000 0.095480000000000 0.103420000000000 0.105160000000000 0.124520000000000 0.125640000000000 0.125800000000000 0.130080000000000 0.139100000000000 0.169380000000000 0.172460000000000 0.172740000000000 0.189460000000000 0.193260000000000 0.208900000000000 0.228080000000000 0.248500000000000 0.250900000000000 0.301940000000000 0.307140000000000 0.337360000000000 0.498300000000000 0.500000000000000 0.510020000000000 0.534980000000000 0.547040000000000 0.556120000000000 0.566620000000000 0.596680000000000 0.611900000000000 0.619140000000000 0.706220000000000 0.742160000000000 0.790620000000000 0.832280000000000 0.970340000000000 0.992460000000000 0.995200000000000 0.997940000000000
10001100001000000010011010000000000101100
00000001010000000010011001000000001100010
10001100001000000010111010000000000101100
00001110001000000011011100000000100100001
00010000100101000010011000000100000100010
00000001010000010100010000110011010110010
00000001010000000010011000000000000100010
00001100001000000010011000001000000100010
10001100001000000010011010000000000101100
01100001010010101000001000000000000100010
