//
segsites: 43
positions: 0.005260000000000 0.017320000000000 0.032740000000000 0.118100000000000 0.136780000000000 0.148280000000000 0.186120000000000 0.203380000000000 0.206800000000000 0.210940000000000 0.271760000000000 0.283240000000000 0.288220000000000 0.300660000000000 0.340040000000000 0.356860000000000 0.362460000000000 0.420640000000000 0.423320000000000 0.434040000000000 0.466160000000000 0.476000000000000 0.480700000000000 0.497180000000000 0.500000000000000 0.538480000000000 0.575320000000000 0.614500000000000 0.641320000000000 0.675900000000000 0.679080000000000 0.687440000000000 0.735080000000000 0.756800000000000 0.778180000000000 0.791480000000000 0.792080000000000 0.846100000000000 0.854280000000000 0.883140000000000 0.920500000000000 0.961080000000000 0.976020000000000
0011100101001010000100001110010000100000010
1100001000001100000100000110010010100000010
0011100101001010001101100101011001011111101
0011100101001010000100001110010000100000010
0011100101001010000100001110010000100000010
1100000010110001010010010101011001011110101
0010110101001010000100000110010000100000010
0100001000001100100100000110100100100000010
0011100101001010000100001110010000100000010
0100001000001100000100000110000100100000010
