//
segsites: 55
positions: 0.026840000000000 0.061500000000000 0.110220000000000 0.118320000000000 0.148160000000000 0.170480000000000 0.197340000000000 0.219360000000000 0.229680000000000 0.246440000000000 0.264520000000000 0.268580000000000 0.308760000000000 0.317920000000000 0.319260000000000 0.357180000000000 0.362740000000000 0.373840000000000 0.374060000000000 0.393140000000000 0.399160000000000 0.406600000000000 0.440760000000000 0.490860000000000 0.500000000000000 0.509000000000000 0.512640000000000 0.532180000000000 0.554120000000000 0.569460000000000 0.586260000000000 0.592300000000000 0.606380000000000 0.628860000000000 0.629900000000000 0.635680000000000 0.641820000000000 0.649140000000000 0.711680000000000 0.725560000000000 0.755340000000000 0.794800000000000 0.795320000000000 0.797840000000000 0.829840000000000 0.881340000000000 0.882560000000000 0.902480000000000 0.908100000000000 0.912380000000000 0.914080000000000 0.920720000000000 0.931420000000000 0.933420000000000 0.989840000000000
1010000000011100100000101000100000100011000001011100000
1010000000011100100000101000100000100011000011011100000
1010000000011100100000101000100000100011000001011100000
0010001100100000011100000000000011100000011100000100001
0011011100000011011100000000000010100000011100000100001
0110001110000000000001010011010000100110000000100010000
0000100000011000011110010111001100111000100000000101101
1010000000011100100000101000100000100011000000000101101
1010000000011100100000101000100000100011000011011100000
0010001111000000000001010011000000111000011100000100010
