//
segsites: 36
positions: 0.022300000000000 0.033540000000000 0.054400000000000 0.079380000000000 0.106840000000000 0.107680000000000 0.129480000000000 0.132640000000000 0.151500000000000 0.183940000000000 0.191780000000000 0.213420000000000 0.256080000000000 0.264380000000000 0.267880000000000 0.276000000000000 0.293160000000000 0.320380000000000 0.420360000000000 0.492560000000000 0.500000000000000 0.515900000000000 0.519340000000000 0.567580000000000 0.574080000000000 0.590420000000000 0.717800000000000 0.739160000000000 0.785640000000000 0.811860000000000 0.833180000000000 0.912600000000000 0.937840000000000 0.961680000000000 0.966320000000000 0.996620000000000
111011100010010100011110100001011100
111011100010010100011110100101011100
110001100010010100110111100001011110
110001110010010100010110110001011100
111011100010010100011110100001011100
111100001101111010011110100001011100
110001100010010100110110100010111100
111011100010010100011110100001011100
111100001001111011000000000010100100
111000001001111011000000101001011101
