//
segsites: 39
positions: 0.005920000000000 0.023540000000000 0.050900000000000 0.104660000000000 0.151660000000000 0.153340000000000 0.222080000000000 0.226840000000000 0.233600000000000 0.245840000000000 0.258720000000000 0.347640000000000 0.362340000000000 0.367640000000000 0.377180000000000 0.381940000000000 0.384920000000000 0.442780000000000 0.464220000000000 0.482500000000000 0.488900000000000 0.500000000000000 0.541180000000000 0.563860000000000 0.565300000000000 0.566360000000000 0.581440000000000 0.615420000000000 0.617060000000000 0.636320000000000 0.659320000000000 0.730280000000000 0.744040000000000 0.762500000000000 0.771440000000000 0.845120000000000 0.928600000000000 0.943600000000000 0.986260000000000
100000100010000000000100010011101001110
100000001010000000000000010001101001110
100000000010000000000000010001101001110
100000000010100000000000110001101001110
100010000011010000000000010001101001110
100000000010000000000000010011101001110
100000001010000000000000010001101001110
100000100010000000000100010011101001110
011101010100001111111011001100010110001
100000100010000000000100010011101001110
