//
segsites: 38
positions: 0.011020000000000 0.025220000000000 0.028420000000000 0.037720000000000 0.038460000000000 0.112100000000000 0.112920000000000 0.147900000000000 0.153900000000000 0.158400000000000 0.191860000000000 0.320040000000000 0.368640000000000 0.379920000000000 0.443800000000000 0.445600000000000 0.500000000000000 0.530700000000000 0.577620000000000 0.597080000000000 0.600020000000000 0.612980000000000 0.635180000000000 0.640240000000000 0.646320000000000 0.657480000000000 0.667600000000000 0.754700000000000 0.776740000000000 0.793240000000000 0.796740000000000 0.878740000000000 0.889780000000000 0.900860000000000 0.910560000000000 0.941800000000000 0.976200000000000 0.985840000000000
00110000000100001011001000010000000001
00110000000100001011001000010000000001
00110000000100001011011000101010110000
00110000000100001011001000010000000001
00110000000100001011001000010000000001
00110000000100001011001000010000000001
00000101001000100011001000010100000001
11001010110011010100111111010001001110
00110000000100001011001000010000000001
00110000000100001011001000010000000001
