//
segsites: 49
positions: 0.015720000000000 0.042820000000000 0.090080000000000 0.152980000000000 0.158120000000000 0.168840000000000 0.201860000000000 0.203660000000000 0.213060000000000 0.218240000000000 0.241780000000000 0.242380000000000 0.271140000000000 0.274800000000000 0.278640000000000 0.282040000000000 0.283260000000000 0.294260000000000 0.314240000000000 0.319000000000000 0.377980000000000 0.449200000000000 0.456600000000000 0.479560000000000 0.491480000000000 0.500000000000000 0.505620000000000 0.529880000000000 0.554220000000000 0.619920000000000 0.625100000000000 0.637600000000000 0.668660000000000 0.690940000000000 0.692840000000000 0.721340000000000 0.726520000000000 0.772160000000000 0.777660000000000 0.795180000000000 0.804020000000000 0.808940000000000 0.860280000000000 0.878300000000000 0.881500000000000 0.941580000000000 0.960300000000000 0.972680000000000 0.995880000000000
1000100000100000100000000001100001000110011010100
1000011000001000100010000101100000100110000001011
1000011000001000100010000101100000100110000001011
0000000011000101111100110001100110010010011010000
1000011000001000100010000101100000100110000001011
1000011000001000100010000101100000100110000001011
1000011000001000100010000001110000100110000001011
0000010100010010000000111011101110010010011010000
0111000100010010000001000001100000001111100100000
1000011000001000100010000001100000100110000001011
