//
segsites: 42
positions: 0.100600000000000 0.112200000000000 0.132260000000000 0.138960000000000 0.162600000000000 0.173720000000000 0.234580000000000 0.269940000000000 0.271580000000000 0.286060000000000 0.289000000000000 0.316400000000000 0.319200000000000 0.319680000000000 0.324620000000000 0.352980000000000 0.364340000000000 0.368280000000000 0.399400000000000 0.425100000000000 0.461260000000000 0.495400000000000 0.500000000000000 0.519920000000000 0.536720000000000 0.564680000000000 0.580760000000000 0.646380000000000 0.651520000000000 0.661300000000000 0.697680000000000 0.720540000000000 0.782380000000000 0.799840000000000 0.826280000000000 0.829440000000000 0.908240000000000 0.926120000000000 0.943480000000000 0.966080000000000 0.982220000000000 0.990560000000000
011101101100100010011111000110000010001000
001101010000000110100000010000000111010011
011101101100100010011111000110000010001000
011101101100100010011111000110000010001000
011101101100100010011111000110000010001000
011101101100100010011111000110000010001000
011101101100100010011111000110000010001000
101001100001000010001100101001110110110100
001011100010001011001100000000001011110100
011101101100110010011111000110000010001000
