//
segsites: 37
positions: 0.029680000000000 0.047260000000000 0.058100000000000 0.071060000000000 0.090180000000000 0.106900000000000 0.119340000000000 0.142280000000000 0.153620000000000 0.172100000000000 0.249120000000000 0.296420000000000 0.329900000000000 0.367080000000000 0.379780000000000 0.408140000000000 0.468920000000000 0.471420000000000 0.500000000000000 0.503240000000000 0.507340000000000 0.530360000000000 0.566900000000000 0.572080000000000 0.602560000000000 0.609460000000000 0.655900000000000 0.656140000000000 0.691340000000000 0.781800000000000 0.790260000000000 0.798660000000000 0.799300000000000 0.819040000000000 0.886000000000000 0.942800000000000 0.968200000000000
0000000000110001001001000100100001010
1001011111100000000100110001001000000
0000000000110001001001000000100001010
0110100000100110110010011010001100000
0000000000110001001001000000100001010
0000000000110001001001000000100001010
0000000000110001001001000000100001010
0000000000111110010000000000010010101
0000000000110001001001000000100001010
0000000000110001001001000000100001010
