//
segsites: 40
positions: 0.021540000000000 0.021820000000000 0.056040000000000 0.085420000000000 0.120840000000000 0.211680000000000 0.221880000000000 0.229080000000000 0.262020000000000 0.284700000000000 0.315540000000000 0.396560000000000 0.400080000000000 0.468280000000000 0.470540000000000 0.492780000000000 0.500000000000000 0.530400000000000 0.543520000000000 0.544660000000000 0.546520000000000 0.578480000000000 0.591460000000000 0.623160000000000 0.637360000000000 0.658000000000000 0.660420000000000 0.724540000000000 0.734840000000000 0.736820000000000 0.799560000000000 0.820640000000000 0.856260000000000 0.908940000000000 0.910900000000000 0.911920000000000 0.933800000000000 0.956080000000000 0.974440000000000 0.981540000000000
1111010100101001000000010101010001100110
1011011111010010011111111000101011010000
1011011111010010011111111000101001010000
1111010100100000100000010101010001101000
1011110111000110011100111010000100000001
1111010100100000100000010101010001101000
1111010100100000100000010101010001101000
1111010100100110000000010101010001100110
1111010100100000100000010101010001101000
1111010100100000100000010101010001101000
