//
segsites: 46
positions: 0.003560000000000 0.058500000000000 0.086100000000000 0.093200000000000 0.107600000000000 0.151280000000000 0.200180000000000 0.203000000000000 0.229760000000000 0.244180000000000 0.245720000000000 0.308480000000000 0.309860000000000 0.342720000000000 0.380000000000000 0.421160000000000 0.440780000000000 0.465660000000000 0.471400000000000 0.485100000000000 0.500000000000000 0.511640000000000 0.517180000000000 0.544460000000000 0.556960000000000 0.564080000000000 0.581760000000000 0.581980000000000 0.609660000000000 0.632080000000000 0.645200000000000 0.646660000000000 0.727180000000000 0.727560000000000 0.732120000000000 0.751920000000000 0.760940000000000 0.766380000000000 0.773660000000000 0.781120000000000 0.803380000000000 0.817120000000000 0.821720000000000 0.874840000000000 0.880460000000000 0.956480000000000
0010101000110010000000010000101001001001010010
1000010000110011000000000000000000001000100110
1000010000110011000010000000000000001000100110
0101000110001000001100111010000000010100001011
0000001001000100110001000101010110100110000011
1000010000110011000010000000000000001000100110
1000010000110011000010000000000000001000100110
1000010000110011000010000000000000001000100110
1000010000110011000010000000000000001000100110
1000010000110011000010000000000000001000100110
