//
segsites: 39
positions: 0.027120000000000 0.057720000000000 0.069980000000000 0.168420000000000 0.172240000000000 0.177100000000000 0.187460000000000 0.189820000000000 0.235140000000000 0.260000000000000 0.265660000000000 0.275540000000000 0.343780000000000 0.362580000000000 0.364200000000000 0.415180000000000 0.470820000000000 0.471740000000000 0.500000000000000 0.564020000000000 0.567980000000000 0.575900000000000 0.606700000000000 0.617040000000000 0.690960000000000 0.694800000000000 0.700880000000000 0.732180000000000 0.734100000000000 0.735420000000000 0.736440000000000 0.847400000000000 0.877760000000000 0.886020000000000 0.891360000000000 0.928860000000000 0.953320000000000 0.981500000000000 0.993540000000000
000000001110110011010000111010010011000
100110000000001100101100111110010000000
011000101101100000001100111010010011110
100010010100110011001100111010010011000
011000101101100000001100111010010011110
000000001100110011010000011010010011000
100110000000001100101100111110010000000
100110000000001100101100111110010000000
100001001100110011010011000001101100001
100110000000001100101100111110010000000
