//
segsites: 34
positions: 0.012620000000000 0.026880000000000 0.113280000000000 0.163120000000000 0.289500000000000 0.298700000000000 0.357020000000000 0.468940000000000 0.487660000000000 0.494600000000000 0.500000000000000 0.504660000000000 0.512920000000000 0.517060000000000 0.573800000000000 0.594000000000000 0.600560000000000 0.624860000000000 0.626040000000000 0.638200000000000 0.660020000000000 0.692360000000000 0.708180000000000 0.726440000000000 0.752360000000000 0.760420000000000 0.771460000000000 0.790020000000000 0.843020000000000 0.888160000000000 0.935980000000000 0.941600000000000 0.951000000000000 0.955900000000000
1001101110100010000100100011000000
1001101110100010000100100011001000
0110010001011101000000001000010110
1000010001011101000000011000110110
1001101110100010000100100011000000
1001101110100010000100100011000000
1001101100000000111001000111000001
1001101100000000111011000111000001
1001101110100010000100100011000000
1001101110100010000100100011000000
