//
segsites: 37
positions: 0.031500000000000 0.057040000000000 0.111600000000000 0.115820000000000 0.246340000000000 0.248340000000000 0.268000000000000 0.273760000000000 0.277780000000000 0.290380000000000 0.290420000000000 0.290960000000000 0.299680000000000 0.310800000000000 0.320780000000000 0.354880000000000 0.365900000000000 0.406720000000000 0.437420000000000 0.469260000000000 0.492120000000000 0.500000000000000 0.552840000000000 0.619820000000000 0.686780000000000 0.689660000000000 0.702440000000000 0.717760000000000 0.732980000000000 0.738340000000000 0.754200000000000 0.757980000000000 0.855360000000000 0.877240000000000 0.884340000000000 0.924300000000000 0.957660000000000
0101100100001000011000000110100101110
1010110100001000011000101001010001010
0100000011110111100110011001010001011
0100100100001000011110011001010001010
0100100100001000011001011001010001011
0100100100001000011000000110100011010
0100100100001000011001011001010001011
0100100100001000011001011001010001011
0100100100001000011001011001010001011
0100101100001000011001011001011001011
