//
segsites: 47
positions: 0.001660000000000 0.038640000000000 0.039460000000000 0.059980000000000 0.068980000000000 0.095740000000000 0.137400000000000 0.184000000000000 0.204500000000000 0.236040000000000 0.259700000000000 0.261360000000000 0.291240000000000 0.298980000000000 0.302180000000000 0.311760000000000 0.342060000000000 0.342680000000000 0.345260000000000 0.346120000000000 0.372460000000000 0.424600000000000 0.434400000000000 0.500000000000000 0.518280000000000 0.539500000000000 0.549720000000000 0.551480000000000 0.558640000000000 0.561500000000000 0.616380000000000 0.643320000000000 0.653000000000000 0.659840000000000 0.680900000000000 0.684480000000000 0.698980000000000 0.726500000000000 0.727220000000000 0.750000000000000 0.840720000000000 0.864020000000000 0.912640000000000 0.939360000000000 0.945820000000000 0.952300000000000 0.958900000000000
00011000100100000011001100000001010101100000110
00011000100100000011001100000001010101100000110
00011000100100001000010000010010000010000100110
00011000100100000000110010100010001010000001001
00100101010011110100010001001110000010000110000
00011000100100000000110010100010001010000000001
00011000100100000011001100000001010101100000110
11000010101100001000010000010010000010011110001
00100101010011110100010000000010100010010001001
00011000100100001000010000010010000010000110001
