//
segsites: 52
positions: 0.001380000000000 0.018200000000000 0.055660000000000 0.057260000000000 0.064320000000000 0.071840000000000 0.168400000000000 0.186420000000000 0.212100000000000 0.214140000000000 0.238000000000000 0.245640000000000 0.263940000000000 0.307320000000000 0.340980000000000 0.358780000000000 0.377380000000000 0.403800000000000 0.412660000000000 0.438240000000000 0.438300000000000 0.447620000000000 0.451120000000000 0.453020000000000 0.462220000000000 0.471340000000000 0.475560000000000 0.479340000000000 0.500000000000000 0.536320000000000 0.556840000000000 0.562240000000000 0.602760000000000 0.634180000000000 0.637160000000000 0.666320000000000 0.710680000000000 0.721540000000000 0.729000000000000 0.744400000000000 0.796420000000000 0.843320000000000 0.856280000000000 0.881020000000000 0.892260000000000 0.911060000000000 0.912920000000000 0.924260000000000 0.924880000000000 0.932820000000000 0.941740000000000 0.964640000000000
1001111010010111001010100000001000000100001011001100
0110111101000000000001001100010100000010010100010011
1001111010010111001010100000001000000100001011001100
0100111000101000100100010011100000110000100000100000
0100111000101000100100010011100000110000100000100000
0110111001000000000001001100010101001011010100010011
0110111001000001011000000000000010000100001001000000
0100111000101000100100010011100000110000100000100000
0100111000101000100100010011100000110000100000100000
0100111000101000100100010011100000110000100000100000
