//
segsites: 42
positions: 0.023620000000000 0.048340000000000 0.061000000000000 0.101500000000000 0.114240000000000 0.159940000000000 0.163400000000000 0.176620000000000 0.185820000000000 0.204740000000000 0.213220000000000 0.229300000000000 0.235640000000000 0.262600000000000 0.271260000000000 0.274920000000000 0.282780000000000 0.322060000000000 0.341980000000000 0.359860000000000 0.374980000000000 0.431040000000000 0.438860000000000 0.449380000000000 0.455420000000000 0.471640000000000 0.472180000000000 0.487440000000000 0.500000000000000 0.544880000000000 0.579980000000000 0.582780000000000 0.591020000000000 0.623400000000000 0.736500000000000 0.780340000000000 0.812900000000000 0.870580000000000 0.926240000000000 0.963940000000000 0.973100000000000 0.977880000000000
011111111101000000100001011100111001101100
010011111000000101010101001100111010101100
010011111010011110011010000010000101110011
010011111010011100011010100010000101110011
010010000000000000100000000000111010101100
010011111010011100011010000010000101110011
010011111010011100011010000010000101110011
110011111000100100011010000000000101110011
010011111000100100000000001101111010101100
010011111010011100011010000010000101110011
