//
segsites: 37
positions: 0.080720000000000 0.093240000000000 0.098020000000000 0.115760000000000 0.136860000000000 0.165020000000000 0.186140000000000 0.222560000000000 0.226320000000000 0.234600000000000 0.245020000000000 0.270240000000000 0.272500000000000 0.291680000000000 0.336400000000000 0.381080000000000 0.398040000000000 0.419440000000000 0.428280000000000 0.461600000000000 0.500000000000000 0.556940000000000 0.646120000000000 0.677320000000000 0.713440000000000 0.769960000000000 0.800980000000000 0.812080000000000 0.852620000000000 0.868420000000000 0.906020000000000 0.927540000000000 0.931980000000000 0.938320000000000 0.948100000000000 0.952500000000000 0.971300000000000
1100101110000010100000001110000000111
1000011110011010100010000001001111001
1000011110011010100010000001001111001
0001000000100101011001110000011000000
1000011110011010100010000001001111001
1010011110000100000101110000111011001
1000011110011010100010000001001111001
1000011111000000000010000001001111001
1000011110011010100010000001001111001
1000011110011010100010000001001111001
