//
segsites: 48
positions: 0.009300000000000 0.021060000000000 0.025980000000000 0.026000000000000 0.030020000000000 0.041600000000000 0.043440000000000 0.056800000000000 0.080780000000000 0.083940000000000 0.083980000000000 0.130120000000000 0.170800000000000 0.190960000000000 0.195360000000000 0.195880000000000 0.200580000000000 0.202240000000000 0.215580000000000 0.260780000000000 0.291040000000000 0.300000000000000 0.307820000000000 0.332700000000000 0.342360000000000 0.354480000000000 0.363760000000000 0.431560000000000 0.475500000000000 0.481000000000000 0.491240000000000 0.500000000000000 0.555900000000000 0.576340000000000 0.579700000000000 0.580780000000000 0.626400000000000 0.681840000000000 0.703160000000000 0.752900000000000 0.802280000000000 0.812720000000000 0.835500000000000 0.858020000000000 0.896200000000000 0.935300000000000 0.941500000000000 0.956620000000000
110000000000000010001001001000000000001001110111
010000010001011010000000010000000000001100000001
000100000000000000010000100000000000001100000001
000000001000000111000010001110011011001100000001
001010100100100010100100000001100100110010001000
000000001000000111000010001110011001001100000001
000000001000000111000010001110011001001100000001
000000001000000111000010001110011001001100000001
000000001000000111000010001110011001001100000001
000001001010000011000010001110001001001100000001
