//
segsites: 29
positions: 0.041720000000000 0.057200000000000 0.132900000000000 0.239340000000000 0.258900000000000 0.281980000000000 0.311800000000000 0.323220000000000 0.334020000000000 0.338200000000000 0.350860000000000 0.355100000000000 0.382560000000000 0.500000000000000 0.500280000000000 0.533840000000000 0.541200000000000 0.551340000000000 0.566500000000000 0.619480000000000 0.663400000000000 0.666040000000000 0.674600000000000 0.712260000000000 0.726700000000000 0.763480000000000 0.772000000000000 0.792100000000000 0.907640000000000
00000001011100110111010000101
01111110100011110111000010101
01111110100011110111000010101
01111110100011110111000010101
01111110100010110111000010101
10000001011100001000101101011
01111110100011110111000010101
01111110100011110111000010101
01111110100011110111000010101
01111110100011110111000010101
