//
segsites: 36
positions: 0.043940000000000 0.046380000000000 0.067780000000000 0.068840000000000 0.072040000000000 0.089160000000000 0.105980000000000 0.115520000000000 0.132940000000000 0.236700000000000 0.254060000000000 0.255940000000000 0.265340000000000 0.372560000000000 0.376700000000000 0.406020000000000 0.458200000000000 0.489500000000000 0.500000000000000 0.555660000000000 0.590860000000000 0.592880000000000 0.606460000000000 0.639780000000000 0.649840000000000 0.665480000000000 0.681900000000000 0.716980000000000 0.789600000000000 0.812360000000000 0.855680000000000 0.905520000000000 0.912460000000000 0.915080000000000 0.924980000000000 0.968880000000000
110100000011000001011001110110000100
001000111100000001011001110110011011
001010111100001010000100001001100100
001001111100110110100100001001100100
110100000011000001011001110110011010
001000111100000010000100001001100100
001001111100110110100100001001100100
001001111100110110000100001001100100
001001111100110110100100001001100100
001001111100110110100110001001100100
