//
segsites: 47
positions: 0.003460000000000 0.013060000000000 0.014180000000000 0.042420000000000 0.047900000000000 0.076300000000000 0.089120000000000 0.097800000000000 0.104020000000000 0.118460000000000 0.120440000000000 0.137100000000000 0.180120000000000 0.213220000000000 0.239260000000000 0.274160000000000 0.297600000000000 0.304220000000000 0.333660000000000 0.340920000000000 0.349120000000000 0.358180000000000 0.370220000000000 0.391920000000000 0.395360000000000 0.398020000000000 0.443420000000000 0.468720000000000 0.484220000000000 0.500000000000000 0.514440000000000 0.538440000000000 0.588520000000000 0.594580000000000 0.595620000000000 0.614780000000000 0.630900000000000 0.676820000000000 0.734140000000000 0.777780000000000 0.839820000000000 0.881320000000000 0.885120000000000 0.919500000000000 0.927600000000000 0.935500000000000 0.935940000000000
10101110100001000100000000000011101011001000000
00010000010101000100010010000110101010001000110
00010000010101000100010010000110101010001000110
00000000000111001000100000001000000100010111001
10000010100001010000001000000010101010001000110
10000010101000100011000101110000010000110000000
01000001010101000100000010000110101010001000110
00010000010101000100010010000110101010001000110
00000000000111001000100000001000000100010111000
00010000010101000100010010000110101010001000110
