//
segsites: 39
positions: 0.013220000000000 0.037200000000000 0.069740000000000 0.117980000000000 0.123840000000000 0.186140000000000 0.229200000000000 0.255660000000000 0.263440000000000 0.281780000000000 0.284720000000000 0.333780000000000 0.354200000000000 0.358680000000000 0.378300000000000 0.420700000000000 0.430740000000000 0.446300000000000 0.447260000000000 0.483420000000000 0.500000000000000 0.558540000000000 0.562520000000000 0.576840000000000 0.598480000000000 0.617940000000000 0.641440000000000 0.677280000000000 0.723620000000000 0.747640000000000 0.770840000000000 0.786340000000000 0.812220000000000 0.816560000000000 0.887460000000000 0.937040000000000 0.970860000000000 0.976060000000000 0.976760000000000
101100100111001001110110110011000001110
101011100111001101110110110011001000001
101011100111001001111110110011101100001
101011100111001001111110110111010000110
101011100111001001110111110011000010110
101011100111001001111110110111010000110
101011100111001001111110110111010000110
101011100111001001111110110111010000110
101011100111001001111110110111010000110
010000011110110010000110111111010000110
