//
segsites: 33
positions: 0.010040000000000 0.207440000000000 0.232260000000000 0.289640000000000 0.298760000000000 0.327180000000000 0.329640000000000 0.334120000000000 0.399400000000000 0.500000000000000 0.604920000000000 0.644580000000000 0.644660000000000 0.660460000000000 0.668580000000000 0.686920000000000 0.750300000000000 0.765640000000000 0.774640000000000 0.811040000000000 0.828420000000000 0.852680000000000 0.862160000000000 0.883640000000000 0.889220000000000 0.889740000000000 0.904660000000000 0.923320000000000 0.928460000000000 0.948460000000000 0.971860000000000 0.983020000000000 0.994340000000000
000111001000000101001000010101011
100110001010000001001000010101001
000111001000000101001000010101011
010110100010000011010001100000000
010110100010000011010000100000000
000111001000000101001000010101011
001100010100100001001000010101101
000111001000000101001100010101011
001100010100100001001000010101101
000111001001011001100010001010001
