//
segsites: 63
positions: 0.000920000000000 0.076160000000000 0.080560000000000 0.080900000000000 0.091140000000000 0.097320000000000 0.121160000000000 0.157780000000000 0.166440000000000 0.183380000000000 0.187520000000000 0.190980000000000 0.218960000000000 0.245260000000000 0.248220000000000 0.268300000000000 0.268460000000000 0.293520000000000 0.312880000000000 0.318600000000000 0.346380000000000 0.369360000000000 0.371480000000000 0.382220000000000 0.389740000000000 0.391880000000000 0.397160000000000 0.421400000000000 0.429580000000000 0.434700000000000 0.442360000000000 0.448500000000000 0.461860000000000 0.472540000000000 0.489760000000000 0.500000000000000 0.501340000000000 0.504520000000000 0.513140000000000 0.525480000000000 0.533260000000000 0.541060000000000 0.543420000000000 0.571920000000000 0.622540000000000 0.644460000000000 0.689780000000000 0.694540000000000 0.736460000000000 0.751860000000000 0.789860000000000 0.809940000000000 0.830460000000000 0.861340000000000 0.869740000000000 0.889180000000000 0.908700000000000 0.913820000000000 0.918000000000000 0.945400000000000 0.978460000000000 0.988380000000000 0.991740000000000
101010000100101010110001101110101001000000001000010001000000000
101010000100101010110001101110101001000000001000010001000000000
101010000100101010110001101110111000000000001000000000010001000
000100101010000000001010000000000000000000000100000000001100011
101010000100101010110001101110111000000000001000000000010001000
101010000100101010110001101110101001000000001000010101000000000
101010000100101010110001101110101001000000001010010001000000000
010000000100110011000100010001000000100000000001010001000000100
000000010001100111010000000000000110011111110000101011000010000
010001000000110011000100010001000000100000000100010101100000000
