//
segsites: 27
positions: 0.013880000000000 0.049500000000000 0.074860000000000 0.082120000000000 0.099800000000000 0.118700000000000 0.133180000000000 0.149920000000000 0.236280000000000 0.280080000000000 0.281160000000000 0.297620000000000 0.371800000000000 0.396940000000000 0.471980000000000 0.472600000000000 0.500000000000000 0.507440000000000 0.507940000000000 0.569120000000000 0.577660000000000 0.620740000000000 0.646300000000000 0.662040000000000 0.693720000000000 0.727540000000000 0.731740000000000
000000100001000000000010011
000010100001000000000010001
111100011100100000000010011
111100011100100010011100100
011101010100101101111100100
111100011100100010011100100
000010100011000000000010001
111100011100100000000010011
011100000001010001100011001
111100011100100010011100100
