//
segsites: 52
positions: 0.031120000000000 0.056160000000000 0.074480000000000 0.082460000000000 0.111920000000000 0.139660000000000 0.141400000000000 0.157220000000000 0.164320000000000 0.168200000000000 0.225000000000000 0.262920000000000 0.267160000000000 0.274640000000000 0.284780000000000 0.316680000000000 0.357520000000000 0.358820000000000 0.363780000000000 0.369340000000000 0.372060000000000 0.375260000000000 0.407000000000000 0.416540000000000 0.423580000000000 0.474080000000000 0.481400000000000 0.481620000000000 0.492500000000000 0.500000000000000 0.500040000000000 0.585300000000000 0.614700000000000 0.616480000000000 0.647940000000000 0.649880000000000 0.668980000000000 0.669380000000000 0.690940000000000 0.738920000000000 0.760600000000000 0.789720000000000 0.838160000000000 0.858760000000000 0.870840000000000 0.892340000000000 0.914080000000000 0.927040000000000 0.929860000000000 0.959380000000000 0.995160000000000 0.998500000000000
0100110001101010010000000000101010100101001000110000
1001000000110000000100000000010100001010000001010000
1001000000110000000100000000010100001010000001010000
1001000000110000000100000000010100001010000001010000
1001000000110000000100000000010100001010000001010000
0010001110100100101011011001100010000000001110100111
0000001110100101101011101110000001010001110000001000
1001000000110000000100000000010100001010000001010000
1001000000110000000100000000010100001010000001010000
1001000000110000000100000000010100001010000001010000
