//
segsites: 43
positions: 0.087740000000000 0.092260000000000 0.133680000000000 0.170540000000000 0.172160000000000 0.193500000000000 0.201920000000000 0.206180000000000 0.212300000000000 0.226400000000000 0.271400000000000 0.279520000000000 0.286400000000000 0.309780000000000 0.341620000000000 0.367460000000000 0.396520000000000 0.416500000000000 0.441280000000000 0.468500000000000 0.483980000000000 0.499740000000000 0.500000000000000 0.515960000000000 0.534760000000000 0.568840000000000 0.588660000000000 0.598640000000000 0.629280000000000 0.670160000000000 0.752560000000000 0.770400000000000 0.776260000000000 0.776720000000000 0.828380000000000 0.838020000000000 0.851580000000000 0.879900000000000 0.924700000000000 0.926700000000000 0.956660000000000 0.972380000000000 0.985760000000000
1101001011100001010100101001000101010100111
1101001011100001010100101000001001111101000
1101001011100001110100101001000101010100111
1101010010001000000101000000001001111101000
1101010010001010000101000000001001111101000
1101001011100001010100101001000101010100111
1101001011100001010100001101000001010000111
1101001011100001010100101001000101010100111
1010100100010100001110010010110010011010000
1101001011100001010100101001000101010100111
