//
segsites: 39
positions: 0.139740000000000 0.140940000000000 0.142680000000000 0.144740000000000 0.162880000000000 0.199740000000000 0.215860000000000 0.216320000000000 0.233700000000000 0.249280000000000 0.299720000000000 0.415800000000000 0.427740000000000 0.427840000000000 0.446040000000000 0.455160000000000 0.470760000000000 0.480000000000000 0.488680000000000 0.500000000000000 0.504300000000000 0.541040000000000 0.565420000000000 0.615180000000000 0.698200000000000 0.722140000000000 0.748020000000000 0.781120000000000 0.804720000000000 0.823640000000000 0.833360000000000 0.846220000000000 0.855500000000000 0.888920000000000 0.891380000000000 0.891600000000000 0.932160000000000 0.976920000000000 0.990920000000000
011001110101010010000000100000000001101
011001110100010001001011001001101100001
101111011100101100110100010110000010010
101101011100101100110100010110000010010
101101011100101100110100010110000010010
101101011100101100110100010110010010010
101101011100100000100100010110000010010
101101011100101100110100010110000010010
101101011100101100110100010110000010010
001001011110101100110100010110000010010
