//
segsites: 34
positions: 0.019680000000000 0.076400000000000 0.203440000000000 0.204820000000000 0.222540000000000 0.250000000000000 0.294960000000000 0.304560000000000 0.320860000000000 0.325420000000000 0.331220000000000 0.351720000000000 0.352860000000000 0.371600000000000 0.388540000000000 0.480960000000000 0.500000000000000 0.554840000000000 0.558360000000000 0.604740000000000 0.626760000000000 0.653740000000000 0.706500000000000 0.738360000000000 0.744400000000000 0.786420000000000 0.789440000000000 0.800040000000000 0.808440000000000 0.878460000000000 0.882280000000000 0.891380000000000 0.894820000000000 0.953980000000000
1100111011111000100111001010000010
1100111011111000100111001010000010
1100111011111000100111001010000010
1100110111011000000111110100101001
1100111011111000100111001010000010
1100111011111000100111001010000010
1100111011111000100111001010000010
1100111011111000100111001010000010
1100110010011001000111100100101001
0011000010000110011000001011010110
