//
segsites: 69
positions: 0.041900000000000 0.052220000000000 0.058580000000000 0.077220000000000 0.078080000000000 0.078380000000000 0.086680000000000 0.095540000000000 0.097360000000000 0.099560000000000 0.101320000000000 0.109720000000000 0.112380000000000 0.121420000000000 0.123600000000000 0.136080000000000 0.140640000000000 0.153340000000000 0.155180000000000 0.187460000000000 0.229920000000000 0.258760000000000 0.266240000000000 0.279200000000000 0.305760000000000 0.316680000000000 0.331680000000000 0.346480000000000 0.347660000000000 0.359700000000000 0.419940000000000 0.423520000000000 0.442580000000000 0.455320000000000 0.461900000000000 0.472160000000000 0.500000000000000 0.507000000000000 0.515180000000000 0.530800000000000 0.537780000000000 0.540360000000000 0.555180000000000 0.556300000000000 0.567280000000000 0.596620000000000 0.621440000000000 0.625780000000000 0.660720000000000 0.672660000000000 0.737600000000000 0.738180000000000 0.742380000000000 0.760160000000000 0.760580000000000 0.773980000000000 0.791720000000000 0.822100000000000 0.822900000000000 0.838480000000000 0.873040000000000 0.886260000000000 0.888040000000000 0.894880000000000 0.901000000000000 0.975160000000000 0.978900000000000 0.995340000000000 0.997520000000000
010000000001110110000010010000010100111000001000000000000011001000010
000000000000101000100010100000010100011000001000000000000010001000000
000000000000101000100010100000010100011000001000000000001010001000000
000011110100000000000010000000010101011000011001000001010000100110100
000001100100000000000011000000010100011000011000000100000010001000000
000101100100000000000011001000010100011010011000000000010000001000001
010000000001110010000011000001010100011010011000000000000110001001000
101000001010000001011100000100000000000100100010000000010000100110100
010000000001110010000010010110101010000001000100111010100000011000000
010000000001110110000010010000010100111000001000000000000010001000010
