//
segsites: 48
positions: 0.016440000000000 0.016940000000000 0.033720000000000 0.035140000000000 0.066540000000000 0.154280000000000 0.204280000000000 0.224940000000000 0.250500000000000 0.281000000000000 0.283120000000000 0.290120000000000 0.328900000000000 0.391040000000000 0.402360000000000 0.437560000000000 0.450940000000000 0.463000000000000 0.467840000000000 0.472640000000000 0.490040000000000 0.492400000000000 0.500000000000000 0.506640000000000 0.521840000000000 0.574400000000000 0.578100000000000 0.603600000000000 0.643240000000000 0.645960000000000 0.661360000000000 0.720820000000000 0.723200000000000 0.729740000000000 0.734940000000000 0.760220000000000 0.766480000000000 0.769680000000000 0.838400000000000 0.852460000000000 0.888520000000000 0.896000000000000 0.900040000000000 0.901280000000000 0.928600000000000 0.932780000000000 0.958780000000000 0.977180000000000
110000000001100000010110010100000110100001110001
110000000001100000010100010100000110100010001000
110000000001100000010110010100010010100010001000
110000000001100000010110010100000110100001110001
000000000001100000010100000100000110100001110001
100000101001000111100000001010101000000000000110
110100000001100000010110010100000110100001110001
000010010011000000010000000101010001011110001000
110000000001100000010110010100000110100001110001
101001000100011000001001100000001000000100000000
