//
segsites: 54
positions: 0.033540000000000 0.047560000000000 0.057640000000000 0.079180000000000 0.107120000000000 0.142980000000000 0.143440000000000 0.157760000000000 0.175560000000000 0.183920000000000 0.199520000000000 0.204420000000000 0.204720000000000 0.210720000000000 0.213620000000000 0.249260000000000 0.265760000000000 0.300620000000000 0.301160000000000 0.361320000000000 0.366600000000000 0.369300000000000 0.372420000000000 0.374340000000000 0.402180000000000 0.404000000000000 0.413560000000000 0.418720000000000 0.443720000000000 0.445400000000000 0.445480000000000 0.476000000000000 0.486640000000000 0.495940000000000 0.500000000000000 0.557940000000000 0.601300000000000 0.613740000000000 0.643140000000000 0.655000000000000 0.657120000000000 0.674220000000000 0.705520000000000 0.718660000000000 0.735720000000000 0.786400000000000 0.789320000000000 0.793360000000000 0.802980000000000 0.836800000000000 0.866120000000000 0.926720000000000 0.949480000000000 0.962180000000000
000011001000011010110100100010000001100010110000011110
101011001000011010110000100110000010100010110000001111
100000100001100001001010001000100000000010101000001111
101011001000011010110000100110000010100010110000001111
000100010100000010110000110010000100100010110000001111
101011001000011010110000100110000010100010110010001111
000100010100000100000001001001011000001100000101101111
101011001000011010110000100110000010100010110000001111
101011001000011010110000100110000010100010110000001111
010011001010011010110000110010000100010011110000001110
