//
segsites: 51
positions: 0.004740000000000 0.014780000000000 0.049980000000000 0.054820000000000 0.060100000000000 0.061960000000000 0.067280000000000 0.081560000000000 0.088180000000000 0.094160000000000 0.128900000000000 0.182880000000000 0.191300000000000 0.192400000000000 0.199540000000000 0.213040000000000 0.249500000000000 0.272460000000000 0.311500000000000 0.343160000000000 0.343240000000000 0.352320000000000 0.375220000000000 0.381660000000000 0.390840000000000 0.425500000000000 0.428460000000000 0.461860000000000 0.477860000000000 0.493700000000000 0.500000000000000 0.526320000000000 0.549940000000000 0.555140000000000 0.565780000000000 0.589460000000000 0.589920000000000 0.608720000000000 0.610820000000000 0.709920000000000 0.730840000000000 0.734740000000000 0.825100000000000 0.829400000000000 0.840760000000000 0.855440000000000 0.872820000000000 0.891860000000000 0.897520000000000 0.930400000000000 0.969140000000000
000110010100100001001011001110000000001011000001011
000100010100101001010100000001100100110010100000000
000110010100100001001011001110000000001011000001011
010000100010110001100100000000000101110000001010100
101001001000101001010100000000000010110010110000000
010000100011000110000000100000011000000110000101011
000100010100101001010100000001100100110010100000000
000110010100100001001011001010000000001011000001011
000100010100101001010100010001100100110010100000000
000100010100101001010100000001100100110010100000000
