//
segsites: 61
positions: 0.006440000000000 0.028520000000000 0.061200000000000 0.082200000000000 0.097840000000000 0.098220000000000 0.149880000000000 0.190620000000000 0.196840000000000 0.220880000000000 0.229520000000000 0.266240000000000 0.270100000000000 0.281340000000000 0.291860000000000 0.309000000000000 0.368560000000000 0.375580000000000 0.383260000000000 0.394060000000000 0.401080000000000 0.407060000000000 0.425900000000000 0.440640000000000 0.445240000000000 0.448600000000000 0.458840000000000 0.460400000000000 0.460660000000000 0.500000000000000 0.513500000000000 0.520300000000000 0.526000000000000 0.536380000000000 0.550080000000000 0.564320000000000 0.616380000000000 0.636160000000000 0.699780000000000 0.726280000000000 0.780680000000000 0.795480000000000 0.809260000000000 0.824080000000000 0.855880000000000 0.863040000000000 0.864040000000000 0.866480000000000 0.879100000000000 0.882820000000000 0.885720000000000 0.916980000000000 0.917400000000000 0.923540000000000 0.930240000000000 0.942720000000000 0.947160000000000 0.951080000000000 0.969380000000000 0.975180000000000 0.976340000000000
1001010000000101000000000000000000000000000110110010000101011
1001010000100100010000000001011100010100000010110011000000000
0010100100000000100011011000001100010110000010110010000101011
0000001010000010001100100110100000101001010000000100010010100
0000010000000100010000000000100000100000000000000000000101011
1001010000100100010000000001011100010100000010110011000000000
1001010000000100010000000001001100010100000010110010101000000
1001010000000100010000000001001100010110001010110010000101011
0110100101000000010000000001001100010110100011111010000101011
0010100100011000100001010000000011000100000010110010000101011
