//
segsites: 32
positions: 0.034720000000000 0.139740000000000 0.222460000000000 0.229060000000000 0.256760000000000 0.269640000000000 0.273020000000000 0.278800000000000 0.299340000000000 0.323000000000000 0.372980000000000 0.396300000000000 0.407200000000000 0.427640000000000 0.500000000000000 0.551960000000000 0.570320000000000 0.601980000000000 0.643120000000000 0.760900000000000 0.764600000000000 0.791840000000000 0.801260000000000 0.893820000000000 0.895900000000000 0.900400000000000 0.915520000000000 0.930980000000000 0.936420000000000 0.939360000000000 0.948600000000000 0.986340000000000
00011000010001000111101100000111
01100000100001100011101000000110
01000111100001000011101000000110
01100000100001000011101000000110
11100000100001100011101000000110
01100000100001100011101000000110
01100000100001100011101000000110
01100000100001001011101000000110
01100000100001100011101000000110
00011000011110010000011011111000
