//
segsites: 49
positions: 0.030660000000000 0.033900000000000 0.045240000000000 0.078680000000000 0.086940000000000 0.088440000000000 0.124540000000000 0.161160000000000 0.173180000000000 0.189680000000000 0.189880000000000 0.212900000000000 0.289820000000000 0.295760000000000 0.303300000000000 0.320100000000000 0.326540000000000 0.348000000000000 0.382160000000000 0.417060000000000 0.422760000000000 0.443140000000000 0.469160000000000 0.471120000000000 0.490740000000000 0.500000000000000 0.514360000000000 0.514500000000000 0.517680000000000 0.565120000000000 0.595100000000000 0.604220000000000 0.619080000000000 0.640080000000000 0.695820000000000 0.725940000000000 0.764080000000000 0.777500000000000 0.789520000000000 0.807640000000000 0.814360000000000 0.819580000000000 0.859700000000000 0.904840000000000 0.923240000000000 0.943080000000000 0.974160000000000 0.982840000000000 0.990180000000000
0000010111001001000010000100000000000011001110000
0000010111001001000010000100000000000011001110000
1101111000010110101000110011111110010100100001011
0000010111001001000010000100000000000011001110000
1100111000010110101000110011111110010100100001111
0010010111001001000010000000000000000011011110000
0000010111001001000010000100000000000011001110000
0000010111000001010111000000000001101011001110000
0000010111001001000010001100000000000011001110000
0000010111101001000010000100000000000011001110000
