//
segsites: 37
positions: 0.007400000000000 0.019920000000000 0.054200000000000 0.055560000000000 0.066220000000000 0.072160000000000 0.084340000000000 0.106780000000000 0.139320000000000 0.153120000000000 0.220020000000000 0.227260000000000 0.255840000000000 0.270560000000000 0.299980000000000 0.316520000000000 0.342280000000000 0.353860000000000 0.374080000000000 0.408380000000000 0.449860000000000 0.460760000000000 0.467200000000000 0.500000000000000 0.513780000000000 0.604440000000000 0.605560000000000 0.610640000000000 0.611560000000000 0.787640000000000 0.798840000000000 0.806420000000000 0.819080000000000 0.861820000000000 0.887740000000000 0.963160000000000 0.976980000000000
0101000100101000010010100001000100111
0010100001010111000001011001011110011
0010100001010111000001011001011110011
0010100001010111000001011001011110011
0010100001010111000001011001011111011
1010000010100000100010100001000100111
0010100001010111000001011001011110011
0000011001010011001001001110100100111
0010100001010111000001011001011110011
0010100001010111000101011001011110011
