//
segsites: 46
positions: 0.028380000000000 0.046520000000000 0.060220000000000 0.060240000000000 0.077740000000000 0.081340000000000 0.089220000000000 0.105020000000000 0.108880000000000 0.152120000000000 0.155620000000000 0.161320000000000 0.209280000000000 0.219900000000000 0.236140000000000 0.272940000000000 0.278120000000000 0.322700000000000 0.371940000000000 0.416300000000000 0.444560000000000 0.446220000000000 0.451560000000000 0.454860000000000 0.457680000000000 0.458360000000000 0.500000000000000 0.502800000000000 0.521860000000000 0.523380000000000 0.546240000000000 0.556760000000000 0.582900000000000 0.600360000000000 0.613420000000000 0.642560000000000 0.667900000000000 0.704820000000000 0.709120000000000 0.724960000000000 0.728760000000000 0.795800000000000 0.825700000000000 0.872020000000000 0.875060000000000 0.947560000000000
0010100000010000010010000111001000011011101001
0010100000010000000111000100000010010000000100
0000101101001011111010000111001000011011100001
0000101101001111011000111000110101111011100001
0010100000010000000111000100000000010001100000
1101110010100000010010000111001000011011100001
1101110010100000010010000111001000011011100001
0101110010100000010010000101001000011011110001
0010100000010000000111000100000000010101100000
1101110010100000010010000111001000011011100011
