//
segsites: 53
positions: 0.004020000000000 0.029700000000000 0.030780000000000 0.041160000000000 0.053400000000000 0.054700000000000 0.056280000000000 0.086960000000000 0.166700000000000 0.188580000000000 0.198700000000000 0.216260000000000 0.218800000000000 0.251040000000000 0.268600000000000 0.269720000000000 0.280240000000000 0.288900000000000 0.369500000000000 0.377320000000000 0.380620000000000 0.390800000000000 0.398220000000000 0.401360000000000 0.453420000000000 0.455220000000000 0.500000000000000 0.590360000000000 0.603240000000000 0.625300000000000 0.625900000000000 0.637560000000000 0.649200000000000 0.653060000000000 0.667940000000000 0.690760000000000 0.691520000000000 0.702600000000000 0.716940000000000 0.732980000000000 0.754480000000000 0.756560000000000 0.760760000000000 0.762260000000000 0.814640000000000 0.829940000000000 0.836800000000000 0.852620000000000 0.868480000000000 0.929420000000000 0.940620000000000 0.945240000000000 0.968220000000000
10000011110001100001000000110010010000001010100010000
00000000110001010010011101000111011110000101010100001
10000011110001100001000000110010010000001010100010000
10000010110001100001000000001010000001011010001001010
00000000110001000000100000000010000000000001010100000
10000011110001100001000000110010010000001010100010000
10000011110001100001000000110010010000001010100010000
01111100001110001100100010001010000000111010001001110
10000011110001100001000000110010010000001010100010000
00000000110001100001000000010010110000001010100010000
