//
segsites: 53
positions: 0.002120000000000 0.010060000000000 0.012220000000000 0.017640000000000 0.025420000000000 0.032560000000000 0.047600000000000 0.048920000000000 0.081660000000000 0.090300000000000 0.093240000000000 0.097000000000000 0.098960000000000 0.120780000000000 0.122300000000000 0.123300000000000 0.161160000000000 0.173340000000000 0.218480000000000 0.224100000000000 0.251840000000000 0.262760000000000 0.281940000000000 0.305040000000000 0.336240000000000 0.349280000000000 0.365860000000000 0.407980000000000 0.420540000000000 0.426800000000000 0.439640000000000 0.500000000000000 0.514620000000000 0.522880000000000 0.526240000000000 0.561500000000000 0.615660000000000 0.634540000000000 0.648280000000000 0.661500000000000 0.662020000000000 0.663320000000000 0.679120000000000 0.686060000000000 0.696920000000000 0.711800000000000 0.747020000000000 0.882000000000000 0.904460000000000 0.914700000000000 0.928120000000000 0.968840000000000 0.984600000000000
00000010100101100100000001000010010010110000100010000
00100000100101000111000000100000001001001011010011110
00001101011010010000101110010101100000000100001011101
10000010000000001000000010100000001101001000010111101
00001101011010010000101110011100100000000100001011101
00001101011010010000101110010101100000000100001011101
00001101011010010000101110010101100000000100001011101
00001101011010010000111110010101100000000100001011101
01011101011010010000101110010100100000000100001011101
00001101011010010000101110010101100000000100001011101
