//
segsites: 51
positions: 0.032720000000000 0.039220000000000 0.078520000000000 0.115120000000000 0.119520000000000 0.139540000000000 0.179540000000000 0.192040000000000 0.220860000000000 0.222060000000000 0.234880000000000 0.237460000000000 0.242080000000000 0.247920000000000 0.269880000000000 0.344540000000000 0.396300000000000 0.400680000000000 0.440640000000000 0.474560000000000 0.500000000000000 0.505920000000000 0.548280000000000 0.558240000000000 0.558600000000000 0.564380000000000 0.571540000000000 0.623160000000000 0.642000000000000 0.644460000000000 0.680640000000000 0.699560000000000 0.706000000000000 0.707120000000000 0.721700000000000 0.722900000000000 0.751420000000000 0.751460000000000 0.762020000000000 0.796280000000000 0.815380000000000 0.856600000000000 0.864560000000000 0.866280000000000 0.916240000000000 0.926000000000000 0.930560000000000 0.950520000000000 0.974020000000000 0.982600000000000 0.995820000000000
101100111110001011110100000110011000000000011100000
111100010001010000001001101000011100001000011110000
111100010001110000001001101000011100001000011110000
101100111110001011110100000110011000000001100000001
111100010001010000001001101000011100001000011110000
111100010000001011100110000001000010100100100000000
111100010001010000001001101000011100001000011110000
101100111110001111110100010100100001110010100001110
101100111110001011110100000110011000000001100000001
101111010000001111110100010100100001110010100000110
