//
segsites: 45
positions: 0.011580000000000 0.023320000000000 0.027940000000000 0.039440000000000 0.044000000000000 0.061440000000000 0.087000000000000 0.087760000000000 0.102820000000000 0.107080000000000 0.121840000000000 0.127780000000000 0.132600000000000 0.142320000000000 0.152560000000000 0.162160000000000 0.166720000000000 0.242600000000000 0.250820000000000 0.251300000000000 0.285040000000000 0.299360000000000 0.319600000000000 0.324640000000000 0.365080000000000 0.365300000000000 0.412240000000000 0.457120000000000 0.482980000000000 0.496560000000000 0.496940000000000 0.500000000000000 0.565480000000000 0.619220000000000 0.626020000000000 0.639600000000000 0.732900000000000 0.743120000000000 0.765000000000000 0.808400000000000 0.825360000000000 0.850040000000000 0.930820000000000 0.946240000000000 0.956800000000000
011000001110000001100100111000100110000011110
100000100001000100001010000000110110111000000
011000001110000001100100111000100110000011110
000100110010110010100001010000100110111000001
100000100001000100001010000000110110111000000
000000100001001100011010000101101001111100000
000000100001000100001010000000100110111000000
000100100010110010100001010000100110000000000
100000100001000100001010000000110110111000000
000011000010110010100001010010100110111000000
