//
segsites: 40
positions: 0.028860000000000 0.089000000000000 0.096720000000000 0.176480000000000 0.180920000000000 0.181240000000000 0.247860000000000 0.260480000000000 0.268420000000000 0.275180000000000 0.348080000000000 0.387680000000000 0.394880000000000 0.406040000000000 0.418680000000000 0.445700000000000 0.498540000000000 0.500000000000000 0.554060000000000 0.576840000000000 0.599100000000000 0.610780000000000 0.654100000000000 0.659260000000000 0.690380000000000 0.700400000000000 0.712500000000000 0.718380000000000 0.719820000000000 0.728640000000000 0.750940000000000 0.798900000000000 0.824800000000000 0.826340000000000 0.831500000000000 0.846780000000000 0.883460000000000 0.884140000000000 0.950040000000000 0.969420000000000
0010001100010101100001010010101101010001
0010001100010100111110100001000010101110
0010001100010100101110100001000010101000
1101110011001010100001010010101101010001
0010001100101010100001001101000000000000
1101110011010100101110100001010010001010
0010001100010100111110100001000010101110
0010001100010100111110100001000010101110
0010001100010100111110100001000010101110
0010001100010100111110100001000010101010
