//
segsites: 49
positions: 0.007220000000000 0.014580000000000 0.036940000000000 0.067340000000000 0.087340000000000 0.094020000000000 0.115760000000000 0.161320000000000 0.174560000000000 0.196160000000000 0.207780000000000 0.217420000000000 0.223720000000000 0.250240000000000 0.278860000000000 0.291000000000000 0.341320000000000 0.348100000000000 0.370260000000000 0.397920000000000 0.412420000000000 0.461600000000000 0.477760000000000 0.500000000000000 0.517460000000000 0.518380000000000 0.527020000000000 0.541520000000000 0.568420000000000 0.579500000000000 0.582740000000000 0.663180000000000 0.714600000000000 0.718940000000000 0.748400000000000 0.765780000000000 0.774740000000000 0.833720000000000 0.876560000000000 0.879520000000000 0.893780000000000 0.900760000000000 0.915860000000000 0.916200000000000 0.927420000000000 0.935940000000000 0.956900000000000 0.970720000000000 0.975700000000000
0010001100100001011000101010000000101000010001101
0010000100100000001000001010010100011000100011000
1100000000100010100001000001001001000101000000010
0000000001100000000010010010110000011000100011000
0000010010100010100101001010010100000010001001000
0000000001100000000010010010110000011000100011000
0000000001100000000010010010110000011000100111000
0000000001100000000010010010110000011000100011000
0000000001100000000010010010110000011000100011000
0001100000011100000000000110000010000101000000010
