//
segsites: 35
positions: 0.057940000000000 0.066780000000000 0.135440000000000 0.174720000000000 0.197000000000000 0.221660000000000 0.293160000000000 0.329240000000000 0.349440000000000 0.372640000000000 0.427160000000000 0.443080000000000 0.476120000000000 0.500000000000000 0.535900000000000 0.551160000000000 0.562060000000000 0.622900000000000 0.668380000000000 0.672380000000000 0.679600000000000 0.714560000000000 0.730140000000000 0.786520000000000 0.793800000000000 0.803940000000000 0.853360000000000 0.879820000000000 0.881640000000000 0.887420000000000 0.896380000000000 0.927120000000000 0.933760000000000 0.940720000000000 0.998780000000000
10011000111101010010010000001000111
10011000111101010010010000001000111
10011000111101010010010000001000111
10011000111101010010010000001000111
10011000111101010010010000001000111
10011000100000000101001000110000001
10001000111000010010010100001000111
00101000100000000000101010001110100
01000111100010101000000001001001111
00101000100000000101001000110000001
