//
segsites: 60
positions: 0.015440000000000 0.041620000000000 0.083920000000000 0.159800000000000 0.191560000000000 0.192700000000000 0.211680000000000 0.230860000000000 0.243060000000000 0.248120000000000 0.265980000000000 0.297740000000000 0.323920000000000 0.327420000000000 0.378560000000000 0.390120000000000 0.420120000000000 0.432200000000000 0.432720000000000 0.437980000000000 0.462660000000000 0.463260000000000 0.479400000000000 0.500000000000000 0.500480000000000 0.508180000000000 0.533780000000000 0.544040000000000 0.572080000000000 0.572560000000000 0.575940000000000 0.614720000000000 0.617180000000000 0.622060000000000 0.637480000000000 0.674220000000000 0.685880000000000 0.726760000000000 0.753920000000000 0.779620000000000 0.787500000000000 0.795200000000000 0.806680000000000 0.807520000000000 0.813840000000000 0.818160000000000 0.827860000000000 0.842700000000000 0.849560000000000 0.852740000000000 0.875700000000000 0.892920000000000 0.895680000000000 0.920720000000000 0.923380000000000 0.944000000000000 0.968860000000000 0.979380000000000 0.980140000000000 0.992580000000000
000001011001000001101000001000000000100000110010100011000000
000000000110110110000001010101010110100000000100000000111001
010001000000001000010000000000101001000001000001010000000000
010000000000110110000001010101010110100000000100000000111001
000000000110110110000001010101010110100000000100000000111001
000110000000000000000110100010101001010101000001011000000010
101000100000000000000110100000101001000011000001010100000100
000001011001000001101000001000000000100000110010100011000000
000110000000000000000110100000101001001101000001011000000000
000001011001000001101000001000000000100000111010100011000000
