//
segsites: 35
positions: 0.037680000000000 0.039440000000000 0.044340000000000 0.081220000000000 0.086200000000000 0.086740000000000 0.091800000000000 0.096340000000000 0.107360000000000 0.161860000000000 0.227280000000000 0.276660000000000 0.336940000000000 0.414780000000000 0.448460000000000 0.454000000000000 0.500000000000000 0.500160000000000 0.516040000000000 0.572500000000000 0.587760000000000 0.610040000000000 0.654860000000000 0.701880000000000 0.708500000000000 0.808820000000000 0.815980000000000 0.816140000000000 0.851220000000000 0.856400000000000 0.940820000000000 0.966900000000000 0.975860000000000 0.977860000000000 0.983020000000000
11011001000000110010001000100100101
11001001000000110010000000011101000
00100010111011001000010111100110010
00100010111011001000010111100100010
00100110111111000110100000011101000
00100010111011001000010111100100010
11001001000000110010100000011101000
11001001000000110010000000011101000
00100010111011000000010110100100010
00100010111011001001010111100100010
