//
segsites: 42
positions: 0.023560000000000 0.030980000000000 0.059280000000000 0.067300000000000 0.082300000000000 0.186080000000000 0.201260000000000 0.219220000000000 0.235320000000000 0.238240000000000 0.250360000000000 0.295620000000000 0.342340000000000 0.409020000000000 0.435860000000000 0.469840000000000 0.499160000000000 0.500000000000000 0.503540000000000 0.543800000000000 0.602060000000000 0.618640000000000 0.621880000000000 0.650740000000000 0.672600000000000 0.689540000000000 0.701960000000000 0.731900000000000 0.741040000000000 0.768200000000000 0.788480000000000 0.800620000000000 0.810960000000000 0.830560000000000 0.853600000000000 0.858780000000000 0.869620000000000 0.910120000000000 0.910140000000000 0.938900000000000 0.942800000000000 0.946920000000000
000010101011001000000000011101110111000011
001010010000000111111011100011001000001100
001010010000000111111011100011001000001100
001110010000100110101011100011001000001100
001010010000000111111011100011001000001100
110000010100000110101011100011001000101100
001010010000000111111011100011001000001100
001010010000000111111011100011001000001100
001011010000010110101111100011001000001100
000010101011001000000000011101110111010011
