//
segsites: 43
positions: 0.027760000000000 0.046300000000000 0.055660000000000 0.080560000000000 0.082920000000000 0.120000000000000 0.141080000000000 0.143880000000000 0.164040000000000 0.169500000000000 0.173060000000000 0.191840000000000 0.193160000000000 0.201840000000000 0.211780000000000 0.220580000000000 0.240940000000000 0.244600000000000 0.296280000000000 0.303480000000000 0.313380000000000 0.415460000000000 0.426560000000000 0.445300000000000 0.474320000000000 0.479460000000000 0.481420000000000 0.500000000000000 0.500260000000000 0.508720000000000 0.561380000000000 0.590420000000000 0.620880000000000 0.654880000000000 0.703540000000000 0.709900000000000 0.795960000000000 0.804040000000000 0.814300000000000 0.851000000000000 0.886780000000000 0.888340000000000 0.970080000000000
0111001010101001001100000000100000101000100
1111000000010010000010010001001000010001111
1111000000010010000010010001001000010001111
0110110100000100100000100100010111000000000
0111001010101001001100000000100000101000100
1111000000010010000010010001001000010001111
0111001011001000011001000010001000101000100
0110110100000100100000101100010111000110000
1111000000010010000010010001001000010001111
1111000000010010000010010001001000010001111
