//
segsites: 51
positions: 0.029620000000000 0.038480000000000 0.048780000000000 0.055280000000000 0.071100000000000 0.139340000000000 0.182640000000000 0.233360000000000 0.245140000000000 0.254280000000000 0.341160000000000 0.378540000000000 0.388260000000000 0.403960000000000 0.407260000000000 0.407940000000000 0.430120000000000 0.434300000000000 0.477140000000000 0.478400000000000 0.496200000000000 0.500000000000000 0.505840000000000 0.525500000000000 0.543340000000000 0.572500000000000 0.572940000000000 0.610460000000000 0.612840000000000 0.618280000000000 0.635920000000000 0.686020000000000 0.695560000000000 0.699720000000000 0.720720000000000 0.737120000000000 0.774440000000000 0.780460000000000 0.784860000000000 0.801980000000000 0.805080000000000 0.805800000000000 0.815980000000000 0.851180000000000 0.875460000000000 0.897100000000000 0.923760000000000 0.947060000000000 0.948040000000000 0.959960000000000 0.964580000000000
000000010000100100000111110000011101001011000100111
010000001000000001011000000000000000000000000010000
000000010000100100000111110000011101001011000100111
100010000001011010000010000111100000110100000010000
000000010000100100000111110000011101001011000100111
000000010000100100000111110000011101001011000100111
000000010000100100000111110000011101001011000100111
000101110010100100000011110000011101001011000000111
010000000100000000100010001000000000000000101011000
001101000100000000100010001000001011001001010010000
