//
segsites: 53
positions: 0.010540000000000 0.021740000000000 0.050600000000000 0.077180000000000 0.090960000000000 0.144720000000000 0.160260000000000 0.204700000000000 0.238160000000000 0.254340000000000 0.280940000000000 0.291440000000000 0.292200000000000 0.294560000000000 0.303820000000000 0.305780000000000 0.344380000000000 0.367480000000000 0.384020000000000 0.392380000000000 0.421660000000000 0.480000000000000 0.486200000000000 0.500000000000000 0.508060000000000 0.555900000000000 0.572220000000000 0.575000000000000 0.578540000000000 0.600940000000000 0.604980000000000 0.665780000000000 0.667980000000000 0.676800000000000 0.705520000000000 0.721160000000000 0.743960000000000 0.765700000000000 0.766440000000000 0.801100000000000 0.804400000000000 0.809820000000000 0.827060000000000 0.836100000000000 0.849940000000000 0.856880000000000 0.880000000000000 0.887580000000000 0.892580000000000 0.898380000000000 0.940740000000000 0.946980000000000 0.962780000000000
00000011010000010010101010001000000010011010101111100
10000100000101001000001001000011010101000101000000001
00000100000101001000001001000011010101000101010000001
00000100000101001000001101000011010101000101000000001
10000100000101001000001001000011010101000101000000001
00000011010000010010101010001000000010011010101111100
00000100100101001000001001000011010101000101000000001
01010000001010100101010000110001010101000101000000001
00100100000101001000001000000100101010100000000000010
00001100000101001000001101000011010101000101000000001
