//
segsites: 37
positions: 0.032780000000000 0.037780000000000 0.045840000000000 0.047420000000000 0.047880000000000 0.106840000000000 0.118240000000000 0.165080000000000 0.201480000000000 0.205760000000000 0.254440000000000 0.259260000000000 0.285100000000000 0.356020000000000 0.358500000000000 0.428680000000000 0.469360000000000 0.500000000000000 0.545160000000000 0.550160000000000 0.577280000000000 0.580340000000000 0.584480000000000 0.659660000000000 0.675540000000000 0.688880000000000 0.712900000000000 0.733060000000000 0.751580000000000 0.759780000000000 0.843820000000000 0.845620000000000 0.914500000000000 0.947500000000000 0.957660000000000 0.975940000000000 0.978060000000000
1000100000001000111011101010111011100
1000100000001000111011101010111011100
1000100000001000111011101010111011100
1000110100001000111011101010111011100
1000100000001000111011101010111011100
0111001011110010100101000101000100011
0111001011110011100101010101001011100
0111001011110110100101000101111011100
1000100000001000111011101010111011100
1000100000001000111011101010111011100
