//
segsites: 44
positions: 0.009500000000000 0.025160000000000 0.031420000000000 0.052760000000000 0.084820000000000 0.092480000000000 0.097780000000000 0.104080000000000 0.126980000000000 0.138420000000000 0.182820000000000 0.193580000000000 0.268540000000000 0.304080000000000 0.311000000000000 0.318360000000000 0.361240000000000 0.388720000000000 0.430120000000000 0.455140000000000 0.455740000000000 0.491640000000000 0.500000000000000 0.501240000000000 0.539880000000000 0.543740000000000 0.550020000000000 0.552980000000000 0.562880000000000 0.590060000000000 0.666480000000000 0.734880000000000 0.777980000000000 0.813640000000000 0.817040000000000 0.898020000000000 0.898480000000000 0.921060000000000 0.924260000000000 0.930480000000000 0.939840000000000 0.941700000000000 0.967800000000000 0.989080000000000
01100101010010101100100000010101111000010001
00010010101100000000101000101010000111000100
00010010101100000000101000101010000111000100
00010010101100000000101000101010000111000100
10000101010010010011000110010101101000000001
10011000000011010011000111000000000000101001
00010010101100000000101000101010000111000100
00010010101100000000101000101010000111000100
01100101010010010011000111000000000000101011
00010010101100000000111000101010000111000100
