//
segsites: 68
positions: 0.031940000000000 0.052420000000000 0.079840000000000 0.080460000000000 0.102220000000000 0.120180000000000 0.123780000000000 0.151080000000000 0.161060000000000 0.162480000000000 0.167300000000000 0.173460000000000 0.180640000000000 0.190260000000000 0.190620000000000 0.191320000000000 0.191540000000000 0.193740000000000 0.205820000000000 0.220260000000000 0.224760000000000 0.228520000000000 0.232980000000000 0.235320000000000 0.237100000000000 0.241540000000000 0.244420000000000 0.249620000000000 0.250120000000000 0.295140000000000 0.302500000000000 0.313980000000000 0.347420000000000 0.399080000000000 0.426760000000000 0.455120000000000 0.471920000000000 0.475260000000000 0.500000000000000 0.501300000000000 0.503520000000000 0.535800000000000 0.555120000000000 0.566740000000000 0.572860000000000 0.580440000000000 0.585100000000000 0.607100000000000 0.629400000000000 0.637460000000000 0.661740000000000 0.689920000000000 0.691560000000000 0.701340000000000 0.713660000000000 0.716500000000000 0.757500000000000 0.779520000000000 0.781540000000000 0.789380000000000 0.793260000000000 0.794460000000000 0.823960000000000 0.844980000000000 0.888600000000000 0.907520000000000 0.927420000000000 0.928100000000000
10010111100000000001011000000011010000100100000010011110010001011101
10000000011101010000000110001010100000010000101000111010010101011101
10010111100000000001011000000011010000100100000010011110010001011101
01000000000000101010100000110110100011000000111000000000000000011101
10010111100000000001011000000011010000100100000011011110010001011101
00100000000010000000000000000010000000010000101000100000110001011101
10010111100000000001011000000011010000100100000010011110010001011101
10011111100000000001011000000011010000100100000010011110010001011101
10010111100000000001011000000011010100000110000010011010010001011101
00000001000000000100000001000000001000001001000100000001001010111011
