//
segsites: 36
positions: 0.012280000000000 0.018780000000000 0.254680000000000 0.261280000000000 0.287160000000000 0.344960000000000 0.346540000000000 0.347440000000000 0.429040000000000 0.451720000000000 0.500000000000000 0.538040000000000 0.539280000000000 0.551940000000000 0.574520000000000 0.588400000000000 0.608360000000000 0.614180000000000 0.618740000000000 0.653120000000000 0.678660000000000 0.685780000000000 0.710600000000000 0.732800000000000 0.734900000000000 0.746080000000000 0.763680000000000 0.784060000000000 0.793700000000000 0.832520000000000 0.851120000000000 0.865660000000000 0.909360000000000 0.933940000000000 0.946080000000000 0.946740000000000
001100101101100101011010011111111100
000011000001100111011010011000111101
001000101111100101011010111111111100
001000101111100101011010111111111100
101000111101100101011010011111111100
001000101111100101011110111111111100
001000101111100101011010111111111100
001000101111100101011010111111111100
001000111000011000110011000000111010
011000101111100101011010111111111100
