//
segsites: 62
positions: 0.024660000000000 0.041640000000000 0.051720000000000 0.062060000000000 0.069340000000000 0.079760000000000 0.087700000000000 0.106500000000000 0.112560000000000 0.126320000000000 0.129980000000000 0.140660000000000 0.191400000000000 0.193580000000000 0.194740000000000 0.199180000000000 0.214980000000000 0.216560000000000 0.219440000000000 0.271700000000000 0.289620000000000 0.300860000000000 0.302680000000000 0.314500000000000 0.339480000000000 0.359760000000000 0.380820000000000 0.418560000000000 0.431680000000000 0.452660000000000 0.481280000000000 0.494300000000000 0.502420000000000 0.506680000000000 0.530520000000000 0.568440000000000 0.571940000000000 0.588600000000000 0.615340000000000 0.639040000000000 0.642480000000000 0.666060000000000 0.666320000000000 0.669840000000000 0.691120000000000 0.698440000000000 0.703460000000000 0.740200000000000 0.740880000000000 0.784520000000000 0.792200000000000 0.795640000000000 0.800800000000000 0.803500000000000 0.820380000000000 0.845420000000000 0.857940000000000 0.907980000000000 0.922040000000000 0.922800000000000 0.923220000000000 0.976140000000000
00101100001000000000000000011001100000000000110000000001101000
10000000000000000100101010000101101000000001000000010010000110
00100101001000011001000000010011100001010110001000000001111000
01000000110110000100101000000101100000100000000000100101101001
10000000000000000100101001100000010110001000001010000001101000
10010010000001100010000101000000010000010110000000100001101001
01000000110000000100101000000101100000000000000000100001101001
10010000000000000000000000010011100001010110001000000001111000
10000000000000000100111000010011100001010110001000000001111000
10000000000000000100111000000101101000000001000101001000001000
