//
segsites: 44
positions: 0.017080000000000 0.030200000000000 0.049280000000000 0.098980000000000 0.111440000000000 0.118520000000000 0.127760000000000 0.161100000000000 0.173860000000000 0.180020000000000 0.207820000000000 0.235220000000000 0.242600000000000 0.281320000000000 0.344020000000000 0.425640000000000 0.448100000000000 0.449440000000000 0.461680000000000 0.592460000000000 0.601380000000000 0.630780000000000 0.638460000000000 0.696600000000000 0.697580000000000 0.715640000000000 0.737940000000000 0.741020000000000 0.747420000000000 0.772900000000000 0.777240000000000 0.783460000000000 0.784100000000000 0.815200000000000 0.832720000000000 0.835580000000000 0.841960000000000 0.848520000000000 0.867040000000000 0.897720000000000 0.910980000000000 0.926360000000000 0.971660000000000 0.998440000000000
00001011011111110001000100000000100000000100
00010101000011100001110011100001000000000010
00010101000011100001111000000000011100110000
00010101000011100100010010011100000000001000
00001011001011100001110100000000010100000000
01101011001011100011110000000000010100010000
10000000100000000000010010011100000000001000
00001011001011100001110000000010010110010000
00010101000011100101110010011100000000001000
00001011011111101001000100000000010101010001
