//
segsites: 58
positions: 0.011920000000000 0.014240000000000 0.026900000000000 0.033120000000000 0.039960000000000 0.056340000000000 0.079320000000000 0.131480000000000 0.131840000000000 0.153160000000000 0.157440000000000 0.160240000000000 0.210260000000000 0.223540000000000 0.234120000000000 0.246980000000000 0.318120000000000 0.343560000000000 0.358260000000000 0.426660000000000 0.496740000000000 0.506400000000000 0.515100000000000 0.533460000000000 0.544140000000000 0.554860000000000 0.570260000000000 0.578940000000000 0.595700000000000 0.613100000000000 0.636660000000000 0.636960000000000 0.647240000000000 0.649560000000000 0.669820000000000 0.686340000000000 0.692920000000000 0.698320000000000 0.698420000000000 0.721300000000000 0.730060000000000 0.735360000000000 0.736400000000000 0.745660000000000 0.752980000000000 0.787360000000000 0.808540000000000 0.825520000000000 0.845400000000000 0.853580000000000 0.864300000000000 0.872080000000000 0.876600000000000 0.898680000000000 0.951700000000000 0.958740000000000 0.965160000000000 0.988320000000000
0001001111001011110100000110000000101101100000110010000000
1000011111001011110100000110000000101101100000001100000000
0010101000100000000001100001010100110110011100110011000000
0101001000000000000000000001010101110110011100110010100000
0101001000000000000000000001010101110110011100110010010000
0000001010010100001010000100100000100100000010100010001000
0101001000000000000000000000001000000000000001001100000111
0001001000000000000000011001010111110110011100110010000000
0010101000000011110100000110000000101100000010100010001000
1000011111001011110100000110000000101101100000001100000111
