//
segsites: 68
positions: 0.038960000000000 0.052020000000000 0.065600000000000 0.066640000000000 0.069620000000000 0.073460000000000 0.082760000000000 0.101640000000000 0.120780000000000 0.123360000000000 0.128940000000000 0.132420000000000 0.140380000000000 0.156660000000000 0.181840000000000 0.205320000000000 0.211720000000000 0.213480000000000 0.215000000000000 0.249240000000000 0.263580000000000 0.264480000000000 0.290080000000000 0.302900000000000 0.306320000000000 0.315920000000000 0.319020000000000 0.369200000000000 0.381580000000000 0.390580000000000 0.393920000000000 0.413040000000000 0.441720000000000 0.453140000000000 0.470640000000000 0.487060000000000 0.519980000000000 0.538200000000000 0.574280000000000 0.581140000000000 0.587160000000000 0.617400000000000 0.640820000000000 0.675320000000000 0.697820000000000 0.699860000000000 0.709340000000000 0.730800000000000 0.751760000000000 0.767020000000000 0.767400000000000 0.785500000000000 0.792780000000000 0.807180000000000 0.817140000000000 0.826460000000000 0.831860000000000 0.832980000000000 0.847140000000000 0.857600000000000 0.870840000000000 0.886020000000000 0.888460000000000 0.925540000000000 0.927200000000000 0.960580000000000 0.963040000000000 0.982080000000000
00101001101001000000000000010011000000000000000000000100101000000000
00000000000000011011000001001000000000001000010001110011000100100010
00001110000000100001011101000000001100010101000010000100101000001000
01011000010010000101000000100001000000001010101000000000010000000000
01001000010000000100100000100001000000101010001000000000010000000000
01001000010000000100100010100001000000101010001000000000010000000000
00000000000100000000000000000100110011000000000100001000000011010100
01001000010000000100100000100001000000101010001000000000010000000000
10001110000000100001011101000000110011000000000100001000000011010001
00000000000000000000000000000100110011000000000100001000000011010000
