//
segsites: 51
positions: 0.002620000000000 0.044060000000000 0.081260000000000 0.095840000000000 0.103240000000000 0.105240000000000 0.144180000000000 0.217820000000000 0.221740000000000 0.232280000000000 0.263680000000000 0.264840000000000 0.265040000000000 0.304840000000000 0.316140000000000 0.321960000000000 0.351140000000000 0.359120000000000 0.359180000000000 0.365780000000000 0.393020000000000 0.404080000000000 0.438720000000000 0.473340000000000 0.475220000000000 0.495600000000000 0.524680000000000 0.539120000000000 0.545900000000000 0.548600000000000 0.564120000000000 0.564840000000000 0.597100000000000 0.624500000000000 0.660540000000000 0.686800000000000 0.711740000000000 0.724360000000000 0.725480000000000 0.757900000000000 0.758220000000000 0.765340000000000 0.786680000000000 0.814300000000000 0.837620000000000 0.894200000000000 0.897580000000000 0.916360000000000 0.929800000000000 0.970180000000000 0.988280000000000
100000000000000100100001010100101001011000001010100
001100010001101001000000101000001010000100101001001
001100010001101001000000101000001010000100101001001
000010000010010010011110011010001100000011010100010
000010000010010010011110011011001100000011010100010
011000010001101001000000101000011010100100101001001
001100010001101001000000101000001010000100101001001
001000010000000100100001010100101001011000001010101
001100010001101001000000101000001010000100101010101
000001101100010000000001010100101001011000001010101
