//
segsites: 63
positions: 0.015240000000000 0.045420000000000 0.085760000000000 0.089340000000000 0.114400000000000 0.114420000000000 0.116940000000000 0.123920000000000 0.127680000000000 0.127780000000000 0.134220000000000 0.134440000000000 0.144480000000000 0.165160000000000 0.178080000000000 0.197560000000000 0.224540000000000 0.238300000000000 0.254660000000000 0.260760000000000 0.267420000000000 0.293200000000000 0.307000000000000 0.318760000000000 0.324240000000000 0.330000000000000 0.330140000000000 0.344340000000000 0.378240000000000 0.397880000000000 0.414340000000000 0.439420000000000 0.440960000000000 0.443420000000000 0.448120000000000 0.451920000000000 0.465140000000000 0.479720000000000 0.480020000000000 0.493920000000000 0.499700000000000 0.566240000000000 0.570800000000000 0.596200000000000 0.597940000000000 0.602820000000000 0.649020000000000 0.667360000000000 0.672560000000000 0.691040000000000 0.729500000000000 0.744340000000000 0.777420000000000 0.780800000000000 0.808140000000000 0.811620000000000 0.812640000000000 0.817480000000000 0.841940000000000 0.847560000000000 0.917080000000000 0.958260000000000 0.999860000000000
000000000001000000001000010001001101000111000010000000000011000
100010000001000000000100100010000010010000001011000010001000100
011000000011000000100000000010000001101000000000110000110000010
011000000001001110010100100010000010010100110010000111000000001
000100000000000001100000000010000001001000000000110000000011000
011000000001001110010100100010000010010100110010000111000100000
100001111100110000000011001101010001000000000100001000001000100
011000000001001110010100100010000010010000001011000010000000000
000100000000000000100000000010100001001000000000110011000000000
000000000001000000000000000010000001000000001011000010000000000
