//
segsites: 66
positions: 0.013800000000000 0.019100000000000 0.040660000000000 0.047400000000000 0.060120000000000 0.096040000000000 0.108660000000000 0.109820000000000 0.141480000000000 0.146420000000000 0.197380000000000 0.208280000000000 0.212300000000000 0.225120000000000 0.239600000000000 0.240740000000000 0.248000000000000 0.273700000000000 0.301800000000000 0.314140000000000 0.315080000000000 0.326140000000000 0.356300000000000 0.383600000000000 0.418180000000000 0.419960000000000 0.428980000000000 0.445020000000000 0.448000000000000 0.453760000000000 0.470200000000000 0.477480000000000 0.477920000000000 0.493560000000000 0.506860000000000 0.532760000000000 0.554280000000000 0.571680000000000 0.601900000000000 0.657080000000000 0.663300000000000 0.667060000000000 0.688280000000000 0.691560000000000 0.693580000000000 0.703060000000000 0.730060000000000 0.733820000000000 0.771100000000000 0.777880000000000 0.778580000000000 0.781760000000000 0.787480000000000 0.818800000000000 0.820620000000000 0.832560000000000 0.851060000000000 0.864100000000000 0.882280000000000 0.894440000000000 0.903120000000000 0.909000000000000 0.947500000000000 0.960900000000000 0.976060000000000 0.997160000000000
000001101101011101000100110000000110110001010010000001100001000010
000101100010000000000000001101001000000000000000010010001000001010
000101100001010000001011001010110000000000000000000000000001000011
000101100010000000110000001101001000000000000000010010001000001010
000000000000001110000000001101001000000100100000101100010100100000
000101100010000000000000001101001000000000000000010010001000001010
000101100010000000000000001101001000000000000000010010001000001010
101010011001111101000000000000000001001010101101000000000000000100
010010011101011101000000000000000001000010101101000000000010000100
101010011001011101000000000000000001000010101101000000000000010100
