//
segsites: 57
positions: 0.048460000000000 0.051780000000000 0.079640000000000 0.097920000000000 0.100700000000000 0.102820000000000 0.120980000000000 0.123280000000000 0.127820000000000 0.152540000000000 0.179000000000000 0.184780000000000 0.202560000000000 0.227880000000000 0.230240000000000 0.255780000000000 0.270980000000000 0.293760000000000 0.295380000000000 0.315780000000000 0.315980000000000 0.354620000000000 0.403200000000000 0.450320000000000 0.463740000000000 0.491040000000000 0.494260000000000 0.507800000000000 0.546700000000000 0.549960000000000 0.606020000000000 0.607760000000000 0.616020000000000 0.637100000000000 0.649440000000000 0.686080000000000 0.696620000000000 0.698960000000000 0.708720000000000 0.729280000000000 0.737260000000000 0.738000000000000 0.759100000000000 0.771400000000000 0.793140000000000 0.806000000000000 0.818640000000000 0.821920000000000 0.834740000000000 0.856400000000000 0.881580000000000 0.883680000000000 0.889920000000000 0.905420000000000 0.905900000000000 0.919800000000000 0.981700000000000
111010001100100000001001000000110001001100100000110010100
100011001000011000000000000001001000000000101100110110101
000100000000100000000010000000001000000000101100110110100
100000010000000011000000000010010000000100100000110010000
100000100001100100000100100110000010100001110010101001010
100000010010000100110000011000010000010100100001110010100
100000010010000100110000011000010000010100100001110010100
000100000000100100110000011000010100000100100000110010000
111010001100100000001000000000110000001100100000110010100
100000010000000011000000000010010000000110100000110010000
