//
segsites: 44
positions: 0.009200000000000 0.017440000000000 0.039680000000000 0.087180000000000 0.116800000000000 0.152460000000000 0.197380000000000 0.204500000000000 0.222400000000000 0.232560000000000 0.239180000000000 0.249900000000000 0.274180000000000 0.315380000000000 0.352560000000000 0.370000000000000 0.374260000000000 0.385520000000000 0.423780000000000 0.464960000000000 0.472040000000000 0.475860000000000 0.485600000000000 0.489880000000000 0.525740000000000 0.594200000000000 0.614140000000000 0.629740000000000 0.669420000000000 0.710680000000000 0.719880000000000 0.749140000000000 0.749480000000000 0.759020000000000 0.796680000000000 0.843520000000000 0.875300000000000 0.883260000000000 0.888340000000000 0.909500000000000 0.912160000000000 0.923600000000000 0.939780000000000 0.973440000000000
01100010011111001100000000111101010000100100
01100010011111101011010000111101010000001000
01100010011111001100001000111111010001001010
00111101011000011011010000111101010000001000
01100010111111001100100101000000001110000001
01100010011111001100000000111101010000100100
01100010011111001100001000111111010001001010
01100010011111001100000000111101010000110100
00111101011000011011010010111101110000100100
10100010011111001100000000111101010000001000
