//
segsites: 45
positions: 0.021580000000000 0.043280000000000 0.071860000000000 0.084460000000000 0.092740000000000 0.093500000000000 0.148780000000000 0.160180000000000 0.162580000000000 0.163200000000000 0.168360000000000 0.183360000000000 0.189260000000000 0.198220000000000 0.249960000000000 0.282240000000000 0.292660000000000 0.316460000000000 0.320480000000000 0.339120000000000 0.343300000000000 0.366060000000000 0.380660000000000 0.401640000000000 0.420280000000000 0.420740000000000 0.427960000000000 0.448640000000000 0.482820000000000 0.519200000000000 0.537640000000000 0.582620000000000 0.631880000000000 0.707420000000000 0.720920000000000 0.730940000000000 0.774400000000000 0.779400000000000 0.800840000000000 0.851600000000000 0.868340000000000 0.897940000000000 0.944040000000000 0.987740000000000 0.988060000000000
001000000000000011100000000100000010001101001
000100011100000100010010111010011001001000000
000100011100001100010000111010011001001000000
001000001001100000001100100011000010001110000
110001100000000000100000000100000001001000100
000100011110000100010010111010011001001000000
001010000000000000001101100011100010110000000
001000000000000001100000000100000110001100000
010001100000010000100000000100000001000000000
000100011100000100001101100011100010110000010
