//
segsites: 45
positions: 0.020660000000000 0.060880000000000 0.096360000000000 0.134580000000000 0.169880000000000 0.214680000000000 0.252080000000000 0.265940000000000 0.269680000000000 0.274440000000000 0.281760000000000 0.307120000000000 0.311900000000000 0.322840000000000 0.346820000000000 0.373220000000000 0.385720000000000 0.397580000000000 0.404160000000000 0.426140000000000 0.435660000000000 0.467600000000000 0.546160000000000 0.546500000000000 0.574140000000000 0.605140000000000 0.606380000000000 0.606600000000000 0.615820000000000 0.667380000000000 0.674600000000000 0.684260000000000 0.733380000000000 0.740600000000000 0.762200000000000 0.783280000000000 0.800540000000000 0.814020000000000 0.818020000000000 0.848920000000000 0.899400000000000 0.904240000000000 0.970300000000000 0.986880000000000 0.994720000000000
100010001000000000000000110100000000000001000
001100000000110011001010001010101010100000010
000010100110000001000010001010101010000000011
000010100110001001000010001010101010001010100
000010100110000001000010001010101010000000010
000010100111000101000010001011101010000000010
010001001000000000000001110100000000000001000
000010000000110010110100110100010101010100000
000010010000110010010100110100010101010100000
000010100110000001000010001010101010000001000
