//
segsites: 59
positions: 0.004940000000000 0.035140000000000 0.059080000000000 0.071000000000000 0.074220000000000 0.076000000000000 0.086000000000000 0.118040000000000 0.161540000000000 0.174480000000000 0.192720000000000 0.241460000000000 0.255300000000000 0.265240000000000 0.297640000000000 0.297680000000000 0.326200000000000 0.331900000000000 0.361640000000000 0.364080000000000 0.367160000000000 0.375580000000000 0.378600000000000 0.387600000000000 0.389620000000000 0.414920000000000 0.426560000000000 0.428400000000000 0.449980000000000 0.488240000000000 0.502980000000000 0.519740000000000 0.580660000000000 0.592160000000000 0.600000000000000 0.610020000000000 0.610580000000000 0.614500000000000 0.618440000000000 0.650440000000000 0.651620000000000 0.662980000000000 0.710060000000000 0.710060000000000 0.738180000000000 0.762120000000000 0.820260000000000 0.836240000000000 0.845560000000000 0.881400000000000 0.889280000000000 0.907180000000000 0.918720000000000 0.943340000000000 0.954500000000000 0.955400000000000 0.961620000000000 0.981160000000000 0.985160000000000
01000000000010100000000001000100010011000000001000000000000
01000000000000000000000010100000101100000001001001000000000
00010010010000000010100010100000101100000001101101011111101
00000101000010100000000001000100010011000000001000000000000
10011000111101010010100100000000100000100010001000000000000
00000101000010100000000001001010101000000000001011100000000
10010010010000001000000010100000100000100010001000000000000
01000000000000000101011001000100010011001100011000001111111
00100101000010100000000001010001100000010000001000000000000
00010010010000000010100010100000101100000001001001000000000
