//
segsites: 50
positions: 0.000880000000000 0.008180000000000 0.030460000000000 0.073280000000000 0.081340000000000 0.086180000000000 0.132780000000000 0.134340000000000 0.164100000000000 0.187980000000000 0.204100000000000 0.215000000000000 0.234040000000000 0.245320000000000 0.260900000000000 0.266020000000000 0.307280000000000 0.322960000000000 0.350600000000000 0.354260000000000 0.354560000000000 0.364320000000000 0.377700000000000 0.442280000000000 0.464480000000000 0.476060000000000 0.499100000000000 0.512940000000000 0.543380000000000 0.545820000000000 0.570380000000000 0.594880000000000 0.618720000000000 0.620060000000000 0.620880000000000 0.655680000000000 0.689560000000000 0.689740000000000 0.694060000000000 0.725560000000000 0.764800000000000 0.816460000000000 0.834360000000000 0.844780000000000 0.873520000000000 0.876840000000000 0.883760000000000 0.952540000000000 0.959020000000000 0.989200000000000
01100001101011000010000110100101000000000100001000
00100000001011010010000001011001100000000100010110
00100010001011010010000001011001100000000100010110
01100000001011100010000001001001110000000100010110
00111000101011011001111001001001100001100100010110
00111000100000001000111000000110001010010100010110
00100000001111010110000001011001100100000101100001
10111100101011011001111001011001100000010101100110
00111000111011011001111001001001100000101100010110
00100000001011010010000001011001100000000110010110
