//
segsites: 48
positions: 0.025560000000000 0.026260000000000 0.027220000000000 0.043740000000000 0.055080000000000 0.078520000000000 0.100720000000000 0.116840000000000 0.125700000000000 0.163840000000000 0.196620000000000 0.197720000000000 0.226240000000000 0.246660000000000 0.317520000000000 0.326980000000000 0.329400000000000 0.344340000000000 0.370680000000000 0.434240000000000 0.436980000000000 0.445300000000000 0.453840000000000 0.474580000000000 0.476860000000000 0.501220000000000 0.517160000000000 0.552980000000000 0.562100000000000 0.567500000000000 0.598040000000000 0.726880000000000 0.741660000000000 0.756840000000000 0.770500000000000 0.783100000000000 0.788520000000000 0.813380000000000 0.816680000000000 0.866980000000000 0.867660000000000 0.925820000000000 0.945480000000000 0.946000000000000 0.946600000000000 0.978060000000000 0.979880000000000 0.980100000000000
000010000101000011010100000000000000001000001000
000001000010010000010100000010000000001000100000
100100000001101000101000101010001101000100001010
001000000001100000101000000100000000001001100000
000000101010000100000010010001010000010000000100
100100000001101000101000101010000000001000100000
110000010010010000010100000100001101000100001000
000000000001100000101001101010000000001000100000
100100000001101000101000100001101010100010001001
100000010010010000010100000100001001000100011000
