//
segsites: 54
positions: 0.003000000000000 0.033220000000000 0.037200000000000 0.039360000000000 0.040960000000000 0.058100000000000 0.060820000000000 0.065740000000000 0.112600000000000 0.131380000000000 0.132440000000000 0.143720000000000 0.158520000000000 0.190940000000000 0.202780000000000 0.220120000000000 0.227780000000000 0.228900000000000 0.242380000000000 0.245720000000000 0.252540000000000 0.260400000000000 0.298100000000000 0.341520000000000 0.342080000000000 0.366640000000000 0.435500000000000 0.491480000000000 0.494960000000000 0.511360000000000 0.515760000000000 0.519360000000000 0.525880000000000 0.559980000000000 0.578800000000000 0.584020000000000 0.584960000000000 0.630060000000000 0.637920000000000 0.654540000000000 0.657600000000000 0.663460000000000 0.684020000000000 0.724480000000000 0.751700000000000 0.767460000000000 0.804060000000000 0.810780000000000 0.847200000000000 0.870580000000000 0.891640000000000 0.893500000000000 0.898300000000000 0.955020000000000
110111000101000110000011010000000101100000010001100100
010111000010100110000010010000000101100000010000100000
010111001010100110000010010000001001100000101110000011
110111000100010000001000100000100000000100000000101100
001000100010101111100100010000000101100000000000110100
000000000010100111100100000010011010011001101110000011
000000000010100110000011010000000101100000010001100000
110110010010100000010000001100000101100010010000100000
110111000100010000001000100000100000000100000000100100
001000100010100111100100000001000101100000010000100000
