//
segsites: 46
positions: 0.000940000000000 0.004840000000000 0.025880000000000 0.045360000000000 0.073860000000000 0.087000000000000 0.113660000000000 0.151060000000000 0.171980000000000 0.181020000000000 0.182120000000000 0.188320000000000 0.200100000000000 0.215500000000000 0.215540000000000 0.216260000000000 0.235480000000000 0.242320000000000 0.242380000000000 0.251280000000000 0.310700000000000 0.337680000000000 0.361980000000000 0.388380000000000 0.450600000000000 0.460480000000000 0.493180000000000 0.538620000000000 0.550820000000000 0.585500000000000 0.594540000000000 0.603480000000000 0.618560000000000 0.683460000000000 0.693180000000000 0.713280000000000 0.729780000000000 0.749320000000000 0.750160000000000 0.760140000000000 0.787340000000000 0.826280000000000 0.826320000000000 0.869160000000000 0.894980000000000 0.963960000000000
0000001100000100100101100000001110100001101100
1010100010100101001101100000001110100001101000
0000000100000000000111100010001111001110010011
1000010100000000000101101000000000010000110010
0000001100000100000101100000001110100001101100
0100010100000000000101101001010000010000110010
0001000001010010000000000100001111001110010011
0001000001011000010000010000100000100001101100
0001000001010010000000000100001111001110010011
0001000001010010000000000100001111001110010011
