//
segsites: 50
positions: 0.078760000000000 0.084740000000000 0.089500000000000 0.093240000000000 0.100580000000000 0.101540000000000 0.125200000000000 0.126620000000000 0.162560000000000 0.170440000000000 0.205160000000000 0.237220000000000 0.239860000000000 0.245020000000000 0.257140000000000 0.267780000000000 0.318580000000000 0.375180000000000 0.410500000000000 0.413100000000000 0.433440000000000 0.443940000000000 0.455680000000000 0.463940000000000 0.507940000000000 0.517480000000000 0.531300000000000 0.609720000000000 0.617560000000000 0.711280000000000 0.722780000000000 0.735860000000000 0.744760000000000 0.745180000000000 0.760900000000000 0.766580000000000 0.773640000000000 0.778220000000000 0.791140000000000 0.791640000000000 0.796380000000000 0.803480000000000 0.841240000000000 0.872740000000000 0.912920000000000 0.912960000000000 0.921580000000000 0.945200000000000 0.951820000000000 0.968540000000000
00010000110000000101000000000100000100001100000000
11001000110001100000100000100000001000000000001001
00001001100010110000100000100000001000000000001001
11001000110000100000100010100001000000000000000100
00001000100110000000000101001001000000100000000100
00100110000000101000100000110001000000100000001001
00010000111000100010011000000010110000000001000100
11001010000000100000100000110001000000100000000100
00001000100010000101000000000001000000000000100100
00001000100010000101000000000000000011011010010110
