//
segsites: 47
positions: 0.014580000000000 0.025540000000000 0.043420000000000 0.045320000000000 0.054600000000000 0.056780000000000 0.087560000000000 0.123620000000000 0.125440000000000 0.164520000000000 0.172120000000000 0.174960000000000 0.225420000000000 0.229000000000000 0.241900000000000 0.266540000000000 0.277880000000000 0.289080000000000 0.484400000000000 0.484720000000000 0.510980000000000 0.545600000000000 0.545720000000000 0.558160000000000 0.558600000000000 0.563940000000000 0.572060000000000 0.572960000000000 0.599640000000000 0.601380000000000 0.605800000000000 0.640420000000000 0.675100000000000 0.684540000000000 0.685620000000000 0.697740000000000 0.720960000000000 0.726840000000000 0.788720000000000 0.848700000000000 0.874960000000000 0.889840000000000 0.913060000000000 0.944820000000000 0.964340000000000 0.983960000000000 0.990480000000000
01000001000000010101100001011000100010100101100
00001010000000000000000000000000000101100101001
01000001000000001000111001100000000000000000000
00100100011001110101100001011000000101100000000
10010000000101100010000110000111011000011010010
01000001000000000000000000000000000101000101000
00001010100000000000000000000000000101100101000
00001010100001110100000000000000000101100101001
01000001000000010110000110000111011000011010010
00001010100010000000000000000000000101000000000
