//
segsites: 47
positions: 0.011520000000000 0.034020000000000 0.058360000000000 0.065420000000000 0.079320000000000 0.085140000000000 0.160600000000000 0.173100000000000 0.179980000000000 0.201200000000000 0.207720000000000 0.232440000000000 0.262640000000000 0.281340000000000 0.300720000000000 0.305680000000000 0.323760000000000 0.343460000000000 0.372180000000000 0.384480000000000 0.396100000000000 0.404920000000000 0.420060000000000 0.429900000000000 0.443120000000000 0.457440000000000 0.555140000000000 0.561700000000000 0.567480000000000 0.601580000000000 0.637740000000000 0.643040000000000 0.660800000000000 0.695360000000000 0.727200000000000 0.739520000000000 0.764860000000000 0.766360000000000 0.814880000000000 0.883820000000000 0.897680000000000 0.900960000000000 0.933740000000000 0.941960000000000 0.974520000000000 0.980200000000000 0.983260000000000
01001000101000000010100001110100001000100100000
00010011000001001100001010110000101000100100001
00010011000001011100001000110000101001100100000
10001000100010100000001000101000010000011001100
00010011000001001100001010110000101000100100001
00010011000001011100001110110000101000100100001
00110011000001001101001000110001101000100100000
10001100100010100000011000101000010000011001000
00010011000101001100001010110010000110100010010
00110011010001001100001001110000001000100100000
