//
segsites: 47
positions: 0.003920000000000 0.092240000000000 0.094900000000000 0.104760000000000 0.136940000000000 0.169300000000000 0.195620000000000 0.212920000000000 0.220360000000000 0.242820000000000 0.268880000000000 0.275720000000000 0.355800000000000 0.374520000000000 0.375140000000000 0.404200000000000 0.443900000000000 0.451500000000000 0.469340000000000 0.490100000000000 0.518020000000000 0.529260000000000 0.571660000000000 0.578180000000000 0.596460000000000 0.630200000000000 0.653480000000000 0.712520000000000 0.754880000000000 0.760800000000000 0.761400000000000 0.764980000000000 0.773300000000000 0.788440000000000 0.794720000000000 0.797220000000000 0.812360000000000 0.884020000000000 0.887740000000000 0.897940000000000 0.925640000000000 0.935180000000000 0.937780000000000 0.942120000000000 0.943940000000000 0.971480000000000 0.971640000000000
00000010100010100001011000000000000001000000101
00100101000010010000000101001001010101110111001
00100101000011001100100000010000000000110111001
00000010000010001100100000000000000001001000000
00100101010010001100100010010000000000110111001
00001000001110000001010101001001010101000000111
00100101000011001100100000100110101000100000000
00001000001110000011010101001001010101000000101
10001000001110000001010101001001010111000000101
01010010000010001100100000000000000001000000101
