//
segsites: 59
positions: 0.039880000000000 0.069200000000000 0.117620000000000 0.122540000000000 0.151500000000000 0.192480000000000 0.200200000000000 0.207600000000000 0.211720000000000 0.255320000000000 0.256340000000000 0.290080000000000 0.312980000000000 0.316020000000000 0.325600000000000 0.326460000000000 0.338700000000000 0.340240000000000 0.340380000000000 0.372220000000000 0.374780000000000 0.407000000000000 0.420740000000000 0.449180000000000 0.450720000000000 0.478100000000000 0.485840000000000 0.501340000000000 0.505600000000000 0.582160000000000 0.590680000000000 0.603600000000000 0.607620000000000 0.610580000000000 0.633640000000000 0.645280000000000 0.649860000000000 0.650160000000000 0.673980000000000 0.682520000000000 0.685440000000000 0.690080000000000 0.714400000000000 0.766700000000000 0.777260000000000 0.797640000000000 0.800560000000000 0.802200000000000 0.807760000000000 0.822320000000000 0.824180000000000 0.842440000000000 0.842520000000000 0.916220000000000 0.918380000000000 0.940960000000000 0.950120000000000 0.952620000000000 0.982960000000000
00100000100000010010100000000010000101010010010011110100011
01001010000000010010101010000000010000000000000100000000000
01001010000010001000101001100000001010100000000000000001000
10010010010100100000000000000000000000001101101000001000101
00100000000000010010100000000010000101010010000001110110001
00100101000001010000101000100000001010100000000000000001000
00100000001010001000010000011010000101010010000001110110001
01001010000000010010101010000010000101010010000001110110001
00100000001010001101000000011010000101010010010011110100011
00100000100000010010100100000101100000001101101000000000000
