//
segsites: 62
positions: 0.002560000000000 0.030780000000000 0.047140000000000 0.071680000000000 0.078080000000000 0.111860000000000 0.130520000000000 0.156680000000000 0.183680000000000 0.202060000000000 0.209840000000000 0.238360000000000 0.280400000000000 0.282840000000000 0.340500000000000 0.362700000000000 0.387200000000000 0.401180000000000 0.401440000000000 0.404880000000000 0.419860000000000 0.426760000000000 0.427780000000000 0.459660000000000 0.498700000000000 0.513300000000000 0.529240000000000 0.543480000000000 0.551520000000000 0.560540000000000 0.563760000000000 0.577460000000000 0.583760000000000 0.617560000000000 0.623020000000000 0.623140000000000 0.634480000000000 0.640240000000000 0.640820000000000 0.644800000000000 0.646220000000000 0.687280000000000 0.693540000000000 0.697940000000000 0.701640000000000 0.714860000000000 0.735040000000000 0.749100000000000 0.778060000000000 0.781000000000000 0.827040000000000 0.831500000000000 0.834460000000000 0.864880000000000 0.875420000000000 0.886000000000000 0.893600000000000 0.931500000000000 0.941980000000000 0.952900000000000 0.953740000000000 0.972640000000000
00010000100000000010000010110010100000000000100001000000000000
00101000000000000010001010000001101110011011010000100010100000
00010000000000001100100001110010100000000000100011000000000000
00010010010100000000000100000000101110011011010000100010100000
00010010010110000000000100001000101110011011011000100010100001
00001000000001111101010000000100010000000000100101000100011100
11010000000000000010000010110010100000000100100011000000000000
00010110010100000000000100000000101110011011010000110010100000
01000001001000000010000000000100010001000000110000100010100000
00010000000000001100000000000000000000100000000000001001000010
