//
segsites: 30
positions: 0.001920000000000 0.006480000000000 0.033620000000000 0.053660000000000 0.085820000000000 0.213540000000000 0.255960000000000 0.342880000000000 0.347580000000000 0.359040000000000 0.373980000000000 0.408460000000000 0.472080000000000 0.483500000000000 0.530840000000000 0.586340000000000 0.675960000000000 0.684560000000000 0.712080000000000 0.735340000000000 0.742600000000000 0.755300000000000 0.760400000000000 0.788820000000000 0.799920000000000 0.800480000000000 0.856140000000000 0.884340000000000 0.938000000000000 0.999640000000000
010011101011010000110101010100
010001111011010010110101110110
010011101011010000110101010100
010001111011010010110101010100
010011101011010000110101010100
100001101010110000110101011100
101100100100000001110101010100
010001111011010010111101010100
101100100100001100000010000001
000001101010010000110101010100
