//
segsites: 32
positions: 0.004060000000000 0.008700000000000 0.022640000000000 0.035860000000000 0.046960000000000 0.097080000000000 0.118160000000000 0.133080000000000 0.291640000000000 0.308340000000000 0.308440000000000 0.312340000000000 0.314700000000000 0.331160000000000 0.352440000000000 0.364720000000000 0.370600000000000 0.417920000000000 0.421660000000000 0.518340000000000 0.524460000000000 0.529760000000000 0.535040000000000 0.556660000000000 0.583900000000000 0.591180000000000 0.613640000000000 0.686280000000000 0.711680000000000 0.724360000000000 0.829740000000000 0.967100000000000
11011000001000000001011000001101
00000100010000100000000110000110
00000100010000100000100010000110
00000100010010100000000010000110
11011000100101010110000000110100
00000100010000100000100010000110
00000100010000100000000010000110
00000110010000101000000011000110
00100101010000100000000010000110
00000110010000100000000010000110
