//
segsites: 44
positions: 0.065520000000000 0.090200000000000 0.123280000000000 0.151220000000000 0.185140000000000 0.200860000000000 0.248360000000000 0.260060000000000 0.280580000000000 0.283240000000000 0.295880000000000 0.304160000000000 0.307320000000000 0.309840000000000 0.313880000000000 0.318560000000000 0.325980000000000 0.337700000000000 0.340640000000000 0.357040000000000 0.374920000000000 0.412280000000000 0.440480000000000 0.443340000000000 0.471980000000000 0.487360000000000 0.487700000000000 0.502480000000000 0.511640000000000 0.541980000000000 0.560840000000000 0.560960000000000 0.607940000000000 0.632060000000000 0.636480000000000 0.671720000000000 0.716100000000000 0.829200000000000 0.849720000000000 0.865580000000000 0.884720000000000 0.892760000000000 0.897620000000000 0.964140000000000
10000010100000001110101100000000000000001100
01101001000000000001101100000000000000001000
10000010100000001110010100000100101000001000
00010101000000000001000010000011010110001100
00000100010011110000000011011000010110011001
00000100000011010000000011111000010111000010
10000010101000001110010100000011010110011000
00000100000111010000000011011000010111100010
00000100000011010000000011011000010111000010
10000010100000001100000100000000000000001100
