//
segsites: 54
positions: 0.002080000000000 0.022620000000000 0.055580000000000 0.084020000000000 0.086980000000000 0.102480000000000 0.106800000000000 0.142680000000000 0.178220000000000 0.188760000000000 0.213880000000000 0.242700000000000 0.243540000000000 0.271540000000000 0.285180000000000 0.295280000000000 0.300860000000000 0.342780000000000 0.346820000000000 0.352660000000000 0.358840000000000 0.369860000000000 0.374680000000000 0.381000000000000 0.394000000000000 0.431180000000000 0.436180000000000 0.444680000000000 0.492440000000000 0.507020000000000 0.518820000000000 0.538980000000000 0.541960000000000 0.553280000000000 0.558660000000000 0.583100000000000 0.615620000000000 0.616640000000000 0.616760000000000 0.676120000000000 0.703280000000000 0.715220000000000 0.747640000000000 0.765080000000000 0.803260000000000 0.850740000000000 0.850860000000000 0.862360000000000 0.891000000000000 0.895540000000000 0.898960000000000 0.909340000000000 0.983700000000000 0.994040000000000
100101010000010001000100101000000011000000000010100010
001000110001000010111011100000000010100010000000100010
100101010000001001000000100010000010000100010101011010
100101010011000101000000100101101100010001000000100110
100101010000001001000000100010000010000000010010100010
010001010101100000000000110000010000001000101000011011
100101010000010001000100101000000010000000000010100010
100101011000000001000000100000000010000000000010100010
001010110001000010111011100000000010100010000010100010
100101010000001001000000100000000010000001000000100010
