//
segsites: 33
positions: 0.031700000000000 0.041280000000000 0.067260000000000 0.088980000000000 0.160720000000000 0.174680000000000 0.243800000000000 0.386900000000000 0.414240000000000 0.454200000000000 0.465020000000000 0.470180000000000 0.491380000000000 0.500620000000000 0.527760000000000 0.655480000000000 0.666460000000000 0.684080000000000 0.689700000000000 0.693140000000000 0.693840000000000 0.712660000000000 0.737740000000000 0.763960000000000 0.767540000000000 0.782240000000000 0.840920000000000 0.851580000000000 0.882280000000000 0.907840000000000 0.924820000000000 0.930280000000000 0.956520000000000
100000000010100111100010000000000
010110010010100111100110000000101
010011100010101110011000101100101
010010010010100100000000011100000
100000000010100111100010000000000
000010000010100111100010000000000
010010000010100111100010000000000
010010101111110000000000001111011
010010000010100111100010000000000
101000000010100111100011000000000
