//
segsites: 56
positions: 0.017220000000000 0.021040000000000 0.031520000000000 0.038720000000000 0.054960000000000 0.103500000000000 0.144440000000000 0.180340000000000 0.209400000000000 0.214620000000000 0.218100000000000 0.223280000000000 0.230020000000000 0.232140000000000 0.254060000000000 0.261500000000000 0.285420000000000 0.289960000000000 0.298540000000000 0.311200000000000 0.355200000000000 0.383980000000000 0.435900000000000 0.504180000000000 0.512220000000000 0.540840000000000 0.552980000000000 0.565060000000000 0.582620000000000 0.592280000000000 0.595880000000000 0.619700000000000 0.637620000000000 0.665040000000000 0.671900000000000 0.702780000000000 0.715900000000000 0.723180000000000 0.724600000000000 0.749720000000000 0.757540000000000 0.758640000000000 0.791220000000000 0.791780000000000 0.793480000000000 0.828580000000000 0.833740000000000 0.871440000000000 0.875400000000000 0.883400000000000 0.911660000000000 0.918660000000000 0.921140000000000 0.932580000000000 0.950220000000000 0.956020000000000
00000001100000011010001110100011010010001000100100000101
00000000011011000100100011110100000100010000010001000000
10010110001000000001010011100000011011001000000100000101
00000000011011000100100011100000011010001000000100000101
00000000100000010000010010100000000010001000001000001000
00000000011011000100100011100000011010001000000100000000
01001000001000000000000010101000100010000000000011100010
00000000001000100000000010100000010010010111000000010000
00100000011011000100000010100000010010010111000000010000
10010010001100000001010010100000000010101000001000000000
