//
segsites: 81
positions: 0.007980000000000 0.038940000000000 0.057240000000000 0.058120000000000 0.059020000000000 0.061020000000000 0.064280000000000 0.068120000000000 0.068600000000000 0.072780000000000 0.093680000000000 0.095540000000000 0.137480000000000 0.141020000000000 0.160020000000000 0.191800000000000 0.195820000000000 0.212680000000000 0.220280000000000 0.244280000000000 0.290960000000000 0.300680000000000 0.323280000000000 0.343580000000000 0.357940000000000 0.368560000000000 0.369600000000000 0.372720000000000 0.375600000000000 0.378720000000000 0.396300000000000 0.402560000000000 0.437960000000000 0.465920000000000 0.468940000000000 0.469480000000000 0.469540000000000 0.481920000000000 0.490320000000000 0.493480000000000 0.505720000000000 0.509340000000000 0.521860000000000 0.529300000000000 0.554800000000000 0.559320000000000 0.566040000000000 0.574500000000000 0.579220000000000 0.598220000000000 0.599460000000000 0.609720000000000 0.614320000000000 0.620660000000000 0.643540000000000 0.669160000000000 0.670360000000000 0.706880000000000 0.712300000000000 0.733240000000000 0.793240000000000 0.797640000000000 0.804680000000000 0.826800000000000 0.829500000000000 0.829720000000000 0.835080000000000 0.854640000000000 0.888940000000000 0.897900000000000 0.925200000000000 0.925940000000000 0.938460000000000 0.948460000000000 0.952100000000000 0.953780000000000 0.956720000000000 0.964460000000000 0.985680000000000 0.988620000000000 0.989420000000000
000010100000000000000110000100001000000010001001000000011000100110000000000100010
100010100000000000000000000000101010000010000000010000010000100110010000000100110
000001000000000001000100110010000000100011000010001010010100011100000000000001000
000001011111111100001000001000101001000010100000000000110001000110100000010100010
000001011111111100001000001000101001000010100000000000110001000110100000010100010
000010100000000000000000000000101000000010000000010000010000100110000000000001000
001101000000000010000111000001101001001010100000010000010000100110000000000001000
000001011111111000011000001000101001010010100000000000110001000001000010000010000
000001000000000001000100100000111100000100010010100000110010100110001000100001010
010001011000110000100000001000101001000010100100000101110001000110000101001000001
