//
segsites: 57
positions: 0.011060000000000 0.013500000000000 0.015220000000000 0.034000000000000 0.047200000000000 0.049200000000000 0.057720000000000 0.084620000000000 0.118900000000000 0.126840000000000 0.173500000000000 0.173580000000000 0.177900000000000 0.192240000000000 0.219340000000000 0.232880000000000 0.244540000000000 0.252660000000000 0.257360000000000 0.264240000000000 0.290940000000000 0.333920000000000 0.334580000000000 0.334880000000000 0.338980000000000 0.348400000000000 0.356160000000000 0.379660000000000 0.409520000000000 0.467700000000000 0.485340000000000 0.497460000000000 0.571060000000000 0.581980000000000 0.587220000000000 0.597520000000000 0.602660000000000 0.628600000000000 0.718360000000000 0.732800000000000 0.737940000000000 0.740960000000000 0.780380000000000 0.784320000000000 0.824360000000000 0.825200000000000 0.833960000000000 0.850240000000000 0.865900000000000 0.871260000000000 0.874700000000000 0.894040000000000 0.908800000000000 0.922420000000000 0.924940000000000 0.957640000000000 0.987180000000000
000000100000000000000011100111000111010000001100000000111
000100100011100110111100000010111000000100000100010000100
100001000110000010101000010010111000000001001100000000110
010000010011100110111100000010111000011010000000000100000
001000010000001001000001100111000011100000010010100000000
100001000110000010101000000010111000000001001100000000110
000100101011000110111100000010111000000000000100010000100
000100100011010110111100001010111000000000100000001011000
000100100011000110111100000010111000000000000100000100000
000010100011000110111100000010111000000000000101010000100
