//
segsites: 65
positions: 0.026600000000000 0.027720000000000 0.046500000000000 0.048180000000000 0.057780000000000 0.069920000000000 0.080400000000000 0.095100000000000 0.122820000000000 0.124240000000000 0.125220000000000 0.140480000000000 0.144020000000000 0.193420000000000 0.204980000000000 0.212860000000000 0.218900000000000 0.230220000000000 0.232120000000000 0.243380000000000 0.249280000000000 0.266200000000000 0.282460000000000 0.291680000000000 0.291740000000000 0.300540000000000 0.306700000000000 0.314220000000000 0.345520000000000 0.378080000000000 0.411180000000000 0.415460000000000 0.416200000000000 0.416940000000000 0.458400000000000 0.465500000000000 0.505100000000000 0.513400000000000 0.517220000000000 0.618800000000000 0.619700000000000 0.624500000000000 0.630360000000000 0.641780000000000 0.669760000000000 0.686520000000000 0.711360000000000 0.715780000000000 0.723360000000000 0.725380000000000 0.726140000000000 0.738140000000000 0.744140000000000 0.746140000000000 0.776940000000000 0.792560000000000 0.796600000000000 0.854280000000000 0.859300000000000 0.864980000000000 0.914520000000000 0.917440000000000 0.918460000000000 0.959800000000000 0.982140000000000
00010001000000000000010010101000000010011000000100001000010010010
00010001000000010000010000101000000000000000000100001000100010010
01000100000000101100101000100010000000001000000100001000000010010
00010001000000000000010001101000010010000011010001100001000000000
01001110001010000010000000100001000000000000000100001000001110100
01001110001010001000100000100010000101100100000010011000000010010
00010001000000000000010000101000000000000001010001100100000000000
11000110100001000000000100100100001000000000011000011000000010010
00100100010110000011000000110000100000000000100100001000000001001
01000110100001000000000100100100001000000000011000011010000010010
