//
segsites: 45
positions: 0.004800000000000 0.030980000000000 0.031660000000000 0.086020000000000 0.086660000000000 0.097740000000000 0.121300000000000 0.141260000000000 0.177800000000000 0.190920000000000 0.193140000000000 0.210780000000000 0.244120000000000 0.253700000000000 0.260840000000000 0.267320000000000 0.267780000000000 0.287260000000000 0.308940000000000 0.338000000000000 0.349380000000000 0.363060000000000 0.376660000000000 0.416320000000000 0.417800000000000 0.419540000000000 0.436920000000000 0.473960000000000 0.480920000000000 0.486760000000000 0.511860000000000 0.513580000000000 0.538540000000000 0.543880000000000 0.563360000000000 0.564320000000000 0.617260000000000 0.628100000000000 0.629900000000000 0.652540000000000 0.706960000000000 0.737280000000000 0.738560000000000 0.961840000000000 0.995680000000000
100100000100010000100001100111011011000000000
100011001000101001000000000001000000000011100
100011001000101001000000000001000000000011100
100011001000101001000100000111000000000011110
101100111000101001000000000001000000000011100
100011001010101001000000001001000000000011100
100011001001101000011010010111011101111100000
110100000100010000100001100111011011000000000
100011001000101101000000000111000000000011100
100011001000101011000000000001100000000011101
