//
segsites: 68
positions: 0.000940000000000 0.003460000000000 0.013420000000000 0.024720000000000 0.031280000000000 0.049880000000000 0.069360000000000 0.070540000000000 0.087060000000000 0.093700000000000 0.095100000000000 0.140060000000000 0.142620000000000 0.148260000000000 0.158820000000000 0.169280000000000 0.184200000000000 0.199940000000000 0.203440000000000 0.228740000000000 0.243160000000000 0.250820000000000 0.256120000000000 0.262120000000000 0.273020000000000 0.281820000000000 0.296080000000000 0.315360000000000 0.319680000000000 0.323060000000000 0.352020000000000 0.365860000000000 0.380580000000000 0.391420000000000 0.393180000000000 0.410000000000000 0.410540000000000 0.416800000000000 0.421360000000000 0.433560000000000 0.475500000000000 0.522940000000000 0.561060000000000 0.577660000000000 0.578660000000000 0.586160000000000 0.586640000000000 0.604560000000000 0.607220000000000 0.613460000000000 0.626100000000000 0.631600000000000 0.648440000000000 0.692000000000000 0.708400000000000 0.724960000000000 0.738080000000000 0.754360000000000 0.787320000000000 0.820140000000000 0.847140000000000 0.847820000000000 0.856160000000000 0.872140000000000 0.925560000000000 0.935400000000000 0.946640000000000 0.985240000000000
00100001100011100000000001000000000001010101010000000001001001001110
01000000100010110000000001000000000001010101010000000000001001010011
10001100001000000101100000101000000000000001010000010000110000000000
00000000000100001010000100000000010110000010001011000000000000000000
00000000000100001010000100000000010110100010001011001000000100000000
00100001100011100000000001000000000001010101010000000000001001000010
00000000000100001010000100000000010110100010001011001100000100000000
00000010010010100000001110000000001000000101110100100010000010100000
00000000000010100000001110000011101000001101110100100000000010000000
00010000000010100000011110010100101000001101110100100000000010000000
