//
segsites: 55
positions: 0.014480000000000 0.020480000000000 0.038620000000000 0.059200000000000 0.070640000000000 0.071100000000000 0.072200000000000 0.081100000000000 0.121560000000000 0.136120000000000 0.232740000000000 0.235860000000000 0.274600000000000 0.283300000000000 0.294940000000000 0.300740000000000 0.306800000000000 0.308560000000000 0.331780000000000 0.342680000000000 0.414640000000000 0.425460000000000 0.437440000000000 0.456660000000000 0.462860000000000 0.514240000000000 0.516220000000000 0.523480000000000 0.536260000000000 0.552420000000000 0.570800000000000 0.590080000000000 0.599000000000000 0.601240000000000 0.618920000000000 0.637180000000000 0.670880000000000 0.679320000000000 0.697760000000000 0.700800000000000 0.701080000000000 0.719380000000000 0.738800000000000 0.755620000000000 0.847120000000000 0.851720000000000 0.857020000000000 0.861780000000000 0.885320000000000 0.902600000000000 0.937340000000000 0.946360000000000 0.948980000000000 0.976920000000000 0.999020000000000
0100010001111101100001000001001000111000100000000000101
1010001000011000001110000001001000111000100000000000111
1010001000000010010000100011000011001110100000000011000
0100010101111101100001001000010000000000011111001000000
0001000000011000001100000001001000111000100000100000101
0000000000011000001100000001001100111000100000000000111
1010001000011000001100000001001000111000100000000100101
1010001000011010000000000101000100111000100000000000000
0000100010000010000000000101000100111000100000010000111
0000001000011000001100010001101000111001100000000000101
