//
segsites: 45
positions: 0.004260000000000 0.052580000000000 0.112980000000000 0.133940000000000 0.192140000000000 0.256140000000000 0.258220000000000 0.298040000000000 0.302660000000000 0.304160000000000 0.332540000000000 0.337660000000000 0.350280000000000 0.355120000000000 0.373760000000000 0.395780000000000 0.412140000000000 0.414100000000000 0.447780000000000 0.465000000000000 0.487980000000000 0.532120000000000 0.534660000000000 0.560800000000000 0.583560000000000 0.644300000000000 0.647440000000000 0.659240000000000 0.741460000000000 0.756240000000000 0.769500000000000 0.776360000000000 0.816960000000000 0.840700000000000 0.849660000000000 0.873260000000000 0.885060000000000 0.887780000000000 0.911320000000000 0.914780000000000 0.916780000000000 0.937860000000000 0.971860000000000 0.987560000000000 0.988740000000000
110100011010111000100001000000000010010000010
110100011010011000000001000011000010101001000
001001100100000110000010001100010101000000010
110100011001010000011100110000100001000000010
001001100100000000000001000000000010001001000
001001100100000111000010110000100000010010010
110100011010011000000001000011000010101001011
001001100100000010000010001100001101000100010
001011100100000000000001000000000010001001000
001001100100000010000010001100000101000000110
