//
segsites: 72
positions: 0.031400000000000 0.034420000000000 0.034580000000000 0.044360000000000 0.082860000000000 0.096220000000000 0.098160000000000 0.127920000000000 0.129840000000000 0.135100000000000 0.168120000000000 0.189200000000000 0.189340000000000 0.190200000000000 0.190600000000000 0.260700000000000 0.290740000000000 0.292220000000000 0.315900000000000 0.349600000000000 0.350440000000000 0.354120000000000 0.354200000000000 0.363220000000000 0.372840000000000 0.376180000000000 0.387360000000000 0.433800000000000 0.439380000000000 0.442400000000000 0.442460000000000 0.451460000000000 0.466560000000000 0.470720000000000 0.504960000000000 0.512100000000000 0.530360000000000 0.535280000000000 0.540040000000000 0.557240000000000 0.570660000000000 0.571540000000000 0.577720000000000 0.579080000000000 0.593420000000000 0.598300000000000 0.604380000000000 0.606740000000000 0.620800000000000 0.653000000000000 0.665540000000000 0.669380000000000 0.677920000000000 0.683700000000000 0.691400000000000 0.707100000000000 0.713740000000000 0.775880000000000 0.815480000000000 0.820660000000000 0.823780000000000 0.829780000000000 0.830000000000000 0.836000000000000 0.846820000000000 0.907960000000000 0.911820000000000 0.925400000000000 0.934540000000000 0.971200000000000 0.979540000000000 0.998640000000000
011001011001001100000011000010010001010000010000000000100101011110001100
011000010000001101100000000000000000001100100110000110001010000010100011
000000000100100000000000000100100100000100101000000000001000000010100011
011000011000001110000000101000000000010000010000010000001000000010110000
000100100000100000000000011000001000110001010001001001000010000010000100
011000011001001100000011000010010000010000010000000000000101011110000100
111010000010100000011000000101100010000100100000100000010101010111000100
011000011001011100000011000010010000010000010000000000000101011110000100
011010000010100001100100000000000000000100100010000110001010100010100011
011000011001001100000011000010010000010010010000000000000101011110000100
