//
segsites: 45
positions: 0.012500000000000 0.032240000000000 0.103500000000000 0.116880000000000 0.190280000000000 0.228920000000000 0.240200000000000 0.246380000000000 0.249220000000000 0.261880000000000 0.295960000000000 0.359380000000000 0.371740000000000 0.375780000000000 0.402020000000000 0.408160000000000 0.455020000000000 0.501640000000000 0.523060000000000 0.533280000000000 0.540800000000000 0.571900000000000 0.599980000000000 0.619680000000000 0.660380000000000 0.678980000000000 0.703640000000000 0.712440000000000 0.740840000000000 0.753480000000000 0.780380000000000 0.781000000000000 0.794380000000000 0.824700000000000 0.842180000000000 0.842300000000000 0.852580000000000 0.895380000000000 0.898600000000000 0.906860000000000 0.927260000000000 0.947740000000000 0.951620000000000 0.962260000000000 0.989720000000000
011000000000000000011000001000110000011101101
011100110110000000001000000111001000000000000
101011101000000101000000000111001000000000000
011100000000000110000100010100000010000000000
011100110110000000101000000111001000000000000
011100110110000000001000000111001000000000000
011100110110000000001000000110001000000000000
101010100000100001000010000000000000011101001
011000000000011100000101110100010101100010000
101011100001000101000000000110001000000000010
