//
segsites: 60
positions: 0.012820000000000 0.029420000000000 0.076780000000000 0.082020000000000 0.085900000000000 0.103320000000000 0.121280000000000 0.149380000000000 0.153880000000000 0.180720000000000 0.186940000000000 0.189620000000000 0.190140000000000 0.237300000000000 0.239200000000000 0.242540000000000 0.255760000000000 0.326460000000000 0.332180000000000 0.346840000000000 0.347120000000000 0.351420000000000 0.356960000000000 0.375460000000000 0.408100000000000 0.433340000000000 0.436280000000000 0.439220000000000 0.441500000000000 0.446520000000000 0.447580000000000 0.453680000000000 0.488340000000000 0.492740000000000 0.493440000000000 0.496440000000000 0.503720000000000 0.509280000000000 0.584420000000000 0.590500000000000 0.636780000000000 0.649120000000000 0.688920000000000 0.702420000000000 0.711360000000000 0.744020000000000 0.831500000000000 0.844000000000000 0.847300000000000 0.850260000000000 0.878280000000000 0.907780000000000 0.914940000000000 0.928280000000000 0.930400000000000 0.934620000000000 0.946520000000000 0.972280000000000 0.989140000000000 0.992900000000000
101001000110100100000110101010100000101000010000000001000000
101001010000001001110000000100000100000000010011101000100001
101001100110100100000110101010100000101000010000000001000000
101001100110100100000110101010100000101000010000000001000000
111001011000001001000010101010100000101000010000000001000000
001001010000001001000000000100000100000111001000000101010110
100110000001010001000001010100001010010011100100010010001000
101001010000001011000000101000100001000000000011001000100001
001001010000001001001000000101010100000111001000000001000110
001001010000001001000000000100000100000111001000000101010110
