//
segsites: 43
positions: 0.006600000000000 0.027340000000000 0.049460000000000 0.063320000000000 0.110780000000000 0.135080000000000 0.155100000000000 0.164040000000000 0.234380000000000 0.236760000000000 0.237060000000000 0.238200000000000 0.293180000000000 0.336440000000000 0.337720000000000 0.377980000000000 0.379020000000000 0.385540000000000 0.395340000000000 0.407780000000000 0.415020000000000 0.427600000000000 0.464560000000000 0.468880000000000 0.499340000000000 0.511820000000000 0.558840000000000 0.582440000000000 0.583800000000000 0.646480000000000 0.682600000000000 0.712280000000000 0.734300000000000 0.758360000000000 0.771000000000000 0.792500000000000 0.796940000000000 0.801360000000000 0.827680000000000 0.872260000000000 0.920480000000000 0.941080000000000 0.970000000000000
0011000000010101110011010000010000000010100
0010001100000000000100000010100010100000100
0011000000010101110011010000010000000010100
0011000000010101110011010000010000000010100
0011000000010111110011110000010000000010100
1100000011111000001000000101001000010000110
0000100000010000000000001000010000000000100
0011010000010101110011010000000101000010101
0011000001111000001000000001001000001101000
0011000000010101110011010000010000000010100
