//
segsites: 57
positions: 0.002700000000000 0.009120000000000 0.025840000000000 0.030560000000000 0.046720000000000 0.083520000000000 0.173860000000000 0.217200000000000 0.219620000000000 0.239980000000000 0.287020000000000 0.292640000000000 0.297480000000000 0.301760000000000 0.321740000000000 0.347500000000000 0.380760000000000 0.387760000000000 0.426620000000000 0.501820000000000 0.502460000000000 0.605660000000000 0.608260000000000 0.626800000000000 0.648960000000000 0.649920000000000 0.657640000000000 0.664440000000000 0.677680000000000 0.678760000000000 0.682080000000000 0.682520000000000 0.686720000000000 0.706680000000000 0.726080000000000 0.728540000000000 0.733540000000000 0.765380000000000 0.771300000000000 0.797880000000000 0.824260000000000 0.836760000000000 0.842200000000000 0.842380000000000 0.851400000000000 0.873360000000000 0.876760000000000 0.878840000000000 0.880720000000000 0.888940000000000 0.933140000000000 0.934020000000000 0.939820000000000 0.957920000000000 0.964140000000000 0.974480000000000 0.982340000000000
000000000110010101100100010000001111000000100010011000000
010000001110010101100100000001000000001100001101000000100
000001000000001010000001100110000001101010001101000001100
000000000110010101010100000001000000001101000000000000011
001110010001100000001010001000001111000000100010011000000
101110110001100000000010000000100000001010001101000000100
001110010001100101100100000001000000001101000000000100000
000000000000001010000001100110000001100000010000000010010
101110110001100000000010000000010101000000000000100000011
001110010001100000001010001000010101010000000000100000011
