//
segsites: 52
positions: 0.041680000000000 0.139140000000000 0.139780000000000 0.144880000000000 0.153660000000000 0.156240000000000 0.176640000000000 0.222180000000000 0.229000000000000 0.256300000000000 0.275820000000000 0.276700000000000 0.277800000000000 0.283300000000000 0.291920000000000 0.326840000000000 0.335920000000000 0.358520000000000 0.373500000000000 0.374220000000000 0.375060000000000 0.386020000000000 0.395820000000000 0.404680000000000 0.456600000000000 0.465660000000000 0.480100000000000 0.523760000000000 0.524860000000000 0.544320000000000 0.554920000000000 0.570480000000000 0.594380000000000 0.637400000000000 0.652660000000000 0.673620000000000 0.681920000000000 0.700680000000000 0.716800000000000 0.758120000000000 0.764520000000000 0.790560000000000 0.799020000000000 0.803020000000000 0.817500000000000 0.862080000000000 0.873780000000000 0.922740000000000 0.932960000000000 0.946280000000000 0.983180000000000 0.987100000000000
0000100000001100000100000000001100001010000011010000
0000001000000000100000000100000000000001010010100110
0000000000001100000100000000001100110000100011010110
0001010001100011001010101010010001000000010010100110
0101010000010000010001000001100000001010000000001000
1010001000000000100000000000001100010000100011010000
0000001000000000100000000000000000000000010010100111
0000001000000000100000010000000000000000010010100110
0000001010000000100000000000000010001110000100000000
0000000100010000010000000001100000001010001000001000
