//
segsites: 46
positions: 0.021140000000000 0.041620000000000 0.049840000000000 0.071740000000000 0.150740000000000 0.160660000000000 0.185120000000000 0.209640000000000 0.241320000000000 0.271580000000000 0.292160000000000 0.301800000000000 0.398200000000000 0.410360000000000 0.438980000000000 0.452780000000000 0.468700000000000 0.569500000000000 0.572340000000000 0.575280000000000 0.605600000000000 0.622320000000000 0.638640000000000 0.672860000000000 0.687220000000000 0.713420000000000 0.737080000000000 0.747400000000000 0.762460000000000 0.766240000000000 0.800260000000000 0.810340000000000 0.811140000000000 0.829220000000000 0.852280000000000 0.871440000000000 0.892860000000000 0.901720000000000 0.925560000000000 0.933920000000000 0.936200000000000 0.943100000000000 0.946620000000000 0.953480000000000 0.964900000000000 0.972160000000000
0001010100000100111111000000100001101000100011
0001010001111000111111000000100001101000100011
1001010100000000100000101001010000010001000000
0101010001111011000000000110100001101000100011
0111010001011011000000010101010110000000001011
0001011001011011000000000101011010000000010101
0101010001111011000000000101010010000100001011
0001010110000000111111000000100001101000100011
0001110100000000111111000000100001101000100011
0111010100000000111111000000100001101010100011
