//
segsites: 47
positions: 0.034160000000000 0.096800000000000 0.108760000000000 0.157360000000000 0.164140000000000 0.190220000000000 0.207960000000000 0.234580000000000 0.248060000000000 0.259040000000000 0.274700000000000 0.279600000000000 0.326400000000000 0.350800000000000 0.380680000000000 0.386860000000000 0.391560000000000 0.425340000000000 0.430400000000000 0.455200000000000 0.460120000000000 0.470660000000000 0.478360000000000 0.567920000000000 0.575240000000000 0.606520000000000 0.610340000000000 0.612260000000000 0.646560000000000 0.657140000000000 0.668380000000000 0.725340000000000 0.733080000000000 0.743560000000000 0.775780000000000 0.780000000000000 0.780060000000000 0.793720000000000 0.810320000000000 0.861440000000000 0.862020000000000 0.907900000000000 0.922060000000000 0.931200000000000 0.935540000000000 0.969220000000000 0.994520000000000
00010000000001000010000000101001100001100011001
00010000000000000010001010101001100001100011000
00101111100110101010100100010000000100010001001
00010000000000001010000000101101100001100011000
10010000000000001010000000101001010000001101010
00100111100110101010110000101001101011100011000
00100111110100001010000000101011100001100011000
01101111100110000101000001100001000000000001010
00100111100110111010100100010000000100010001101
00010000001000000010001010101001100001100011000
