//
segsites: 39
positions: 0.060260000000000 0.066380000000000 0.111700000000000 0.114560000000000 0.166020000000000 0.193340000000000 0.216300000000000 0.226740000000000 0.271680000000000 0.273720000000000 0.276020000000000 0.290880000000000 0.309600000000000 0.336040000000000 0.346960000000000 0.375400000000000 0.398580000000000 0.454480000000000 0.478340000000000 0.482080000000000 0.555660000000000 0.560660000000000 0.616300000000000 0.636260000000000 0.651140000000000 0.675760000000000 0.699980000000000 0.743080000000000 0.743980000000000 0.767880000000000 0.841680000000000 0.882380000000000 0.893060000000000 0.938080000000000 0.951860000000000 0.954580000000000 0.959480000000000 0.974900000000000 0.995420000000000
010000010011000100001000110010101100100
001000000011010100001100110010100100101
010000010011001100001000110111100000100
010000010011001100001000110111100000100
000000000011000100001000110011110011000
000101000011000100001000110011100000010
000000000101000000101000110111100000100
100010101001000010000011001010100100100
010000010011100100001000110010101100100
000000000011000101011000110010100100100
