//
segsites: 52
positions: 0.004240000000000 0.009680000000000 0.033200000000000 0.077920000000000 0.110980000000000 0.125660000000000 0.135700000000000 0.161780000000000 0.179260000000000 0.183700000000000 0.236460000000000 0.250680000000000 0.263280000000000 0.264260000000000 0.268400000000000 0.294940000000000 0.309540000000000 0.323740000000000 0.325800000000000 0.383260000000000 0.401140000000000 0.427300000000000 0.489840000000000 0.495820000000000 0.523680000000000 0.527640000000000 0.530980000000000 0.556120000000000 0.589180000000000 0.601160000000000 0.611940000000000 0.644700000000000 0.645520000000000 0.650400000000000 0.651320000000000 0.674740000000000 0.708800000000000 0.731120000000000 0.740560000000000 0.746160000000000 0.751540000000000 0.763660000000000 0.776180000000000 0.798400000000000 0.842020000000000 0.872100000000000 0.903160000000000 0.914440000000000 0.917260000000000 0.929040000000000 0.965440000000000 0.979060000000000
0100010010000000010100100010010010001000000001000000
0000000000110010100000000000000001100001000010100101
0000001000110010100000000100000000010100101000001000
0000000000110010100000001000000000000001000010100101
1010100100000001011000010001000001100001000000100101
1010100100000001010000010001000001100001000000100000
0000000000111100100000001000001000000000000001010010
0000000001000000010010000000000100000010000010000000
1011100100000001010001010001100000000000010110000000
1010100100000001010000010001000001100001000010100101
