//
segsites: 59
positions: 0.015600000000000 0.045920000000000 0.051480000000000 0.052340000000000 0.079060000000000 0.080820000000000 0.099260000000000 0.103960000000000 0.110460000000000 0.112140000000000 0.124640000000000 0.170360000000000 0.208560000000000 0.229720000000000 0.231660000000000 0.287220000000000 0.296820000000000 0.305340000000000 0.322920000000000 0.327280000000000 0.337440000000000 0.339820000000000 0.343000000000000 0.356480000000000 0.357260000000000 0.362040000000000 0.368160000000000 0.381780000000000 0.421280000000000 0.426780000000000 0.436040000000000 0.460300000000000 0.471820000000000 0.488160000000000 0.488520000000000 0.498260000000000 0.547220000000000 0.548000000000000 0.554300000000000 0.574520000000000 0.645640000000000 0.654960000000000 0.659580000000000 0.683540000000000 0.683580000000000 0.691120000000000 0.724880000000000 0.735980000000000 0.772300000000000 0.818600000000000 0.843380000000000 0.844440000000000 0.852320000000000 0.868680000000000 0.872220000000000 0.928800000000000 0.940440000000000 0.946640000000000 0.949520000000000
00000010000010000000000010000000011010100000101010000010100
00101000010011010100001010000010000001000010100001000000001
10101100010011010100000010000000001010000000101000000010100
00101000010011010100000010000000001010000000101000000010100
10101100101000101000100010101100100000000101000100101000000
00101000010011010100000010000010000001000010011000000100000
00101000010011000000000010000000000000000000101000000100000
01010001100010000001000010000000000000000000101000000100000
10101100101000101000100010001100001010000000011000000000000
01010001100100100110010101010001000100011000101000010001010
