//
segsites: 36
positions: 0.018220000000000 0.077060000000000 0.086360000000000 0.097400000000000 0.120780000000000 0.150840000000000 0.178920000000000 0.181680000000000 0.318720000000000 0.400780000000000 0.411740000000000 0.430660000000000 0.449640000000000 0.466620000000000 0.507520000000000 0.674580000000000 0.707180000000000 0.715520000000000 0.736160000000000 0.763500000000000 0.763640000000000 0.779420000000000 0.791680000000000 0.817560000000000 0.826360000000000 0.837720000000000 0.860400000000000 0.860480000000000 0.874760000000000 0.875740000000000 0.891200000000000 0.891660000000000 0.939000000000000 0.956700000000000 0.979280000000000 0.993540000000000
110100001001000100110100100000000111
010100010010001100100000000001011000
110100000000000100110100100000000111
011100010010001100100000000001111000
010101010010011100110100101111000100
010110100010001100100000000001011000
010101010110101100111101101111000100
110100000000000100110100100000000111
010110100010001101100100101111000100
010100010010000110110110111000000100
