//
segsites: 45
positions: 0.007600000000000 0.031800000000000 0.036680000000000 0.064160000000000 0.091040000000000 0.195600000000000 0.212180000000000 0.226840000000000 0.231860000000000 0.232300000000000 0.247900000000000 0.254240000000000 0.261900000000000 0.289720000000000 0.300560000000000 0.308460000000000 0.357140000000000 0.418680000000000 0.427580000000000 0.467440000000000 0.471400000000000 0.491400000000000 0.620060000000000 0.626860000000000 0.634020000000000 0.664540000000000 0.669040000000000 0.673260000000000 0.729240000000000 0.761920000000000 0.794120000000000 0.798520000000000 0.813460000000000 0.820420000000000 0.841220000000000 0.860560000000000 0.888140000000000 0.900720000000000 0.909160000000000 0.939980000000000 0.972180000000000 0.972860000000000 0.974040000000000 0.983220000000000 0.992920000000000
100101001001010000000100100000010000010100000
100111011001010010000101001010000010000000000
100101011011010000000100100000010000010100000
100101011001010001011000011000110000010000111
100111011011010000000100100000010000010100000
011100100100101100100010100101110100010001000
100111011001010000000100011000111001101010000
100111011001010000000100011000110001101010000
100101011001010000011000011000110000010000111
100101001001010000000100100000010000010100000
