//
segsites: 38
positions: 0.012640000000000 0.043200000000000 0.056380000000000 0.080820000000000 0.116900000000000 0.206620000000000 0.212120000000000 0.247320000000000 0.265360000000000 0.272160000000000 0.290140000000000 0.294940000000000 0.305200000000000 0.334420000000000 0.337000000000000 0.344600000000000 0.348120000000000 0.412440000000000 0.416220000000000 0.494620000000000 0.502780000000000 0.536320000000000 0.556200000000000 0.608140000000000 0.648120000000000 0.653300000000000 0.691180000000000 0.710500000000000 0.733100000000000 0.757900000000000 0.829260000000000 0.841460000000000 0.877900000000000 0.935580000000000 0.949300000000000 0.959560000000000 0.962040000000000 0.992240000000000
01110100101010001010100101010101001100
10100010000100010001001000100011001100
00100010000100010001001000100011001100
10100010000100010001001000101011001100
10100100110100010100100101010100001100
01110100101010001011011000100001001100
10100010000101010001000101010100110001
01110101101010101010100101010100110011
10100100110100010100100101010100001100
01111100101010001001001010100011001100
