//
segsites: 65
positions: 0.000400000000000 0.001720000000000 0.011460000000000 0.017260000000000 0.019060000000000 0.020240000000000 0.048060000000000 0.053440000000000 0.083580000000000 0.084820000000000 0.094900000000000 0.095200000000000 0.115260000000000 0.137380000000000 0.174620000000000 0.208660000000000 0.215680000000000 0.229020000000000 0.231660000000000 0.277520000000000 0.283260000000000 0.310580000000000 0.334300000000000 0.355020000000000 0.381660000000000 0.388840000000000 0.422840000000000 0.423060000000000 0.456400000000000 0.470840000000000 0.481100000000000 0.518180000000000 0.524420000000000 0.559380000000000 0.559620000000000 0.590160000000000 0.629320000000000 0.639600000000000 0.667000000000000 0.680440000000000 0.693280000000000 0.694100000000000 0.703440000000000 0.710060000000000 0.731800000000000 0.749180000000000 0.762360000000000 0.769840000000000 0.771440000000000 0.778580000000000 0.801320000000000 0.806820000000000 0.812980000000000 0.813020000000000 0.843700000000000 0.856780000000000 0.862340000000000 0.864800000000000 0.892980000000000 0.893360000000000 0.935660000000000 0.951500000000000 0.972780000000000 0.982080000000000 0.998240000000000
01000000011010000000000001100100010001000000000010010000000001010
01000000011010000000000010000001010100001000000011000000101000100
00010010011000000000110000001000010010010000001000100100000000000
00101000100000110000000010000000110010100000100000000000000010000
00010010011001000000110100001010001000000000001000100100000100001
00000000000000000010010000100000000000000110010000000001000000010
01000000011010000000000010000001010100001000000011000000111000100
10100100100100001101000000000000000010010001000100100100000100001
01000001011010000000000010000001010100001000000011000010111000100
00100000100000000000001000010010001000000000001000101100000000000
