//
segsites: 51
positions: 0.008080000000000 0.050240000000000 0.079880000000000 0.083820000000000 0.106480000000000 0.187020000000000 0.207060000000000 0.244660000000000 0.273760000000000 0.291080000000000 0.297740000000000 0.326340000000000 0.332360000000000 0.348720000000000 0.351960000000000 0.367380000000000 0.417900000000000 0.427900000000000 0.454500000000000 0.454740000000000 0.463380000000000 0.476220000000000 0.506380000000000 0.514080000000000 0.515580000000000 0.517420000000000 0.558080000000000 0.606380000000000 0.626960000000000 0.627640000000000 0.637760000000000 0.644320000000000 0.650000000000000 0.671320000000000 0.717460000000000 0.735840000000000 0.742620000000000 0.751520000000000 0.807820000000000 0.811660000000000 0.867400000000000 0.872080000000000 0.874680000000000 0.885180000000000 0.906880000000000 0.948060000000000 0.950700000000000 0.954160000000000 0.958900000000000 0.965320000000000 0.987420000000000
000101001100100000001000000000001010111011010110100
000010001100010000001000101001000000001101000101100
000000000000000010010011010100100000111011010100110
000000001100000000001000001001000000001101000101100
000000000001001010010010000000001010111011010100100
010000000010000001100100000000001001000001000101100
001000100010000101100100000010100000000000101000001
000000010000000010010011010100100000111011010100110
000000000000001010010010000000001110111011000100100
100000000000000010010011010001010000001101000101100
