//
segsites: 69
positions: 0.052000000000000 0.056660000000000 0.060180000000000 0.062660000000000 0.079000000000000 0.087360000000000 0.137560000000000 0.204100000000000 0.232340000000000 0.252900000000000 0.257360000000000 0.288680000000000 0.317720000000000 0.321020000000000 0.325360000000000 0.334280000000000 0.338760000000000 0.350640000000000 0.355120000000000 0.393820000000000 0.412540000000000 0.421640000000000 0.422400000000000 0.429640000000000 0.429960000000000 0.445760000000000 0.446100000000000 0.480500000000000 0.501520000000000 0.505640000000000 0.554480000000000 0.562160000000000 0.567000000000000 0.569820000000000 0.580280000000000 0.581260000000000 0.586140000000000 0.593880000000000 0.605980000000000 0.607060000000000 0.628980000000000 0.632280000000000 0.637580000000000 0.638680000000000 0.644440000000000 0.647440000000000 0.651560000000000 0.651600000000000 0.653320000000000 0.663100000000000 0.665840000000000 0.677500000000000 0.702740000000000 0.730660000000000 0.755840000000000 0.836420000000000 0.839760000000000 0.857400000000000 0.861640000000000 0.890020000000000 0.906100000000000 0.911260000000000 0.928880000000000 0.933620000000000 0.946100000000000 0.956780000000000 0.973820000000000 0.976240000000000 0.994000000000000
111000000000000101001010011000000000000000000100000001000001000000010
001000100000010000010101010000100000011000000010100010000000000000000
000000010000000110000000110010010000010001101000000000110000010110000
000000000101000001001010011000000000000000000100010001000010101000001
111000000000000101001010011000001100100100010000000000110000010111100
001000101000101000010000110010010000010001101000000100110100010110000
001111100000000100000000000101000010000011101001001010000010001000001
000000010000000000100000110010010001010001101000000000111000010110000
001000100000100000000000000000000000000000000100000001000001000000010
001000100010000000010101010000000000011000000010100010000000000000000
