//
segsites: 50
positions: 0.024920000000000 0.035680000000000 0.088380000000000 0.121840000000000 0.181120000000000 0.193600000000000 0.204360000000000 0.223120000000000 0.231500000000000 0.241920000000000 0.277600000000000 0.285760000000000 0.303440000000000 0.308600000000000 0.317300000000000 0.335780000000000 0.369340000000000 0.441380000000000 0.457060000000000 0.477380000000000 0.477400000000000 0.480400000000000 0.521800000000000 0.592200000000000 0.610920000000000 0.628280000000000 0.649360000000000 0.679200000000000 0.712700000000000 0.722320000000000 0.728640000000000 0.730060000000000 0.754980000000000 0.757380000000000 0.768000000000000 0.790260000000000 0.800980000000000 0.805700000000000 0.815460000000000 0.817500000000000 0.847000000000000 0.851660000000000 0.873160000000000 0.913020000000000 0.915980000000000 0.925620000000000 0.926400000000000 0.941860000000000 0.972860000000000 0.993200000000000
00100010100000110101001000000010101000000100000001
00100100100000110101001000000111101000000100000001
00100000100000110101001000010010101000000100000100
10000000000000000110100001000000010001110010000010
00000000001000000101001000000010101000000100001001
00000000000001000110000000000010101000000100000001
00000000001000000101001000100010101100000100000001
00010000000000001000010010001000010001110010000010
01100000100000110101001000000010101000000100000001
00011001010110000000010100000000000010001101110000
