//
segsites: 63
positions: 0.001320000000000 0.007820000000000 0.010140000000000 0.015000000000000 0.041860000000000 0.092780000000000 0.102680000000000 0.120520000000000 0.146560000000000 0.151840000000000 0.163180000000000 0.214740000000000 0.228780000000000 0.264640000000000 0.278760000000000 0.326040000000000 0.329660000000000 0.344040000000000 0.353860000000000 0.374440000000000 0.379460000000000 0.379680000000000 0.412240000000000 0.434980000000000 0.439780000000000 0.444400000000000 0.464600000000000 0.476540000000000 0.479240000000000 0.501180000000000 0.515400000000000 0.520980000000000 0.541660000000000 0.547600000000000 0.575820000000000 0.581040000000000 0.600640000000000 0.630880000000000 0.632380000000000 0.652620000000000 0.682720000000000 0.697080000000000 0.700140000000000 0.719700000000000 0.745800000000000 0.751380000000000 0.755620000000000 0.760160000000000 0.771620000000000 0.779640000000000 0.805040000000000 0.826140000000000 0.836800000000000 0.841760000000000 0.859160000000000 0.865180000000000 0.866720000000000 0.905240000000000 0.908800000000000 0.912220000000000 0.924040000000000 0.930180000000000 0.961220000000000
100001001010010000010100010010000100101110010100101000100000001
011101100100001010111010001001001010010000000000100100000000000
000011010000001110111011001101000100101110010100101000100000000
100001001010110000010100110010000000101110000100101000101000000
000001000001001010000000000000010000101000100000000100000110110
000001000000001011000000000000000001101001001010110000010001000
000001000000001011000000000000000001101001001011110000010001000
011101100000001010111010001010000000101110000100100001000000000
100001001010110000010100010010100000101110000100100010000000000
100001001010010000010100010010000000101110000100100000100000000
