//
segsites: 51
positions: 0.021820000000000 0.033560000000000 0.063320000000000 0.071340000000000 0.090980000000000 0.103440000000000 0.121060000000000 0.137820000000000 0.149640000000000 0.156520000000000 0.172580000000000 0.179820000000000 0.184760000000000 0.184960000000000 0.204620000000000 0.223680000000000 0.279920000000000 0.287480000000000 0.349800000000000 0.354380000000000 0.359200000000000 0.377560000000000 0.406320000000000 0.409120000000000 0.426240000000000 0.429120000000000 0.429640000000000 0.431840000000000 0.436120000000000 0.462600000000000 0.483960000000000 0.485800000000000 0.495100000000000 0.514280000000000 0.528720000000000 0.538700000000000 0.587620000000000 0.641820000000000 0.693060000000000 0.708520000000000 0.732560000000000 0.764040000000000 0.767240000000000 0.799380000000000 0.806740000000000 0.894360000000000 0.924520000000000 0.931260000000000 0.932400000000000 0.979140000000000 0.981200000000000
100000000101001111010000100001011010000010010100000
100010000011001111010000100001011010000010010100000
001000000001101000000100010000000001010000010100000
100100100101001101101011001110000001110000111001010
100100000101001101010000100001011010000110010100000
001000000001101000000100010000000010010001110011001
001000000001101000000100010000000010010000110011001
010001011001010000000100000000100010001000010000100
001000000001101000000100010000000101011000010001000
100000000101001111010000100001011010000010010100000
