//
segsites: 44
positions: 0.016680000000000 0.024020000000000 0.062820000000000 0.063320000000000 0.078900000000000 0.102080000000000 0.151600000000000 0.164500000000000 0.179480000000000 0.198860000000000 0.199520000000000 0.212100000000000 0.243320000000000 0.259260000000000 0.303520000000000 0.305620000000000 0.343520000000000 0.351700000000000 0.365240000000000 0.371560000000000 0.373240000000000 0.391300000000000 0.435980000000000 0.458080000000000 0.482160000000000 0.495020000000000 0.518180000000000 0.548680000000000 0.565080000000000 0.593480000000000 0.645100000000000 0.684020000000000 0.747520000000000 0.839660000000000 0.855940000000000 0.870500000000000 0.872540000000000 0.879980000000000 0.887680000000000 0.902360000000000 0.907780000000000 0.928540000000000 0.949760000000000 0.978840000000000
10110011000100110000100000100001000010000000
10000011000100110000100000100001000010000000
00000100010000110000100000100001000010000001
00000100010001110000100000100001100010000001
00000100010000111101001111010101000000010100
11001011000100110000100000100001000010000000
00000110101010001010010000001101010000000010
00000100010000110000100000100001000010000001
10000011000100110000100000100001011101101000
00000110100010001010010000001111010000000010
