//
segsites: 75
positions: 0.080440000000000 0.088200000000000 0.089200000000000 0.092840000000000 0.097780000000000 0.147540000000000 0.154480000000000 0.165760000000000 0.183020000000000 0.201620000000000 0.208780000000000 0.273140000000000 0.305120000000000 0.315620000000000 0.321780000000000 0.326180000000000 0.349000000000000 0.365560000000000 0.386680000000000 0.390640000000000 0.397640000000000 0.401420000000000 0.406140000000000 0.454020000000000 0.455380000000000 0.466580000000000 0.471720000000000 0.473420000000000 0.493740000000000 0.509440000000000 0.529740000000000 0.535880000000000 0.537940000000000 0.561840000000000 0.569200000000000 0.595740000000000 0.624480000000000 0.633080000000000 0.634380000000000 0.647380000000000 0.681120000000000 0.686620000000000 0.693300000000000 0.704180000000000 0.705460000000000 0.706480000000000 0.724440000000000 0.729480000000000 0.731880000000000 0.740340000000000 0.757900000000000 0.773480000000000 0.777520000000000 0.787440000000000 0.789280000000000 0.795220000000000 0.817940000000000 0.841160000000000 0.842760000000000 0.854700000000000 0.870040000000000 0.884720000000000 0.890920000000000 0.891280000000000 0.918840000000000 0.919580000000000 0.925680000000000 0.929740000000000 0.937280000000000 0.940920000000000 0.941760000000000 0.952400000000000 0.954860000000000 0.977340000000000 0.980460000000000
010100011000010000111010000000000000100000001101101000000000101000010000010
000000100100000000000100010100001010000000000000000000000000010101000011000
000000100100000000000100010100001010000000100000000010000000000000100000000
000000100100000000000100010100001101000100010000000000101001000001000000001
100000000001100010000100001000110000001010000000000100010000000000000100100
010010010010001101000001000000100000010001000010000000000010000010011000010
011100011000010000111010000011100000010001000010010000000100000000000100100
010010010010001101000001000000100000010001000010000000000010000010011000010
010001010010001101000001100000100000010001000010000001000100000000000100100
100000000001100010000100001000100000001010000000000100010000000000000100110
