//
segsites: 58
positions: 0.016780000000000 0.035400000000000 0.042920000000000 0.046180000000000 0.052640000000000 0.057800000000000 0.072360000000000 0.098160000000000 0.108920000000000 0.144900000000000 0.145600000000000 0.158920000000000 0.211200000000000 0.224080000000000 0.228640000000000 0.233880000000000 0.238800000000000 0.241220000000000 0.248960000000000 0.263820000000000 0.266360000000000 0.287720000000000 0.373080000000000 0.373560000000000 0.395420000000000 0.440020000000000 0.444460000000000 0.471660000000000 0.488720000000000 0.509320000000000 0.513520000000000 0.523620000000000 0.525100000000000 0.571080000000000 0.583300000000000 0.590780000000000 0.608960000000000 0.646380000000000 0.664820000000000 0.679540000000000 0.682020000000000 0.695000000000000 0.701220000000000 0.705760000000000 0.729540000000000 0.733580000000000 0.734340000000000 0.734580000000000 0.753500000000000 0.863400000000000 0.944720000000000 0.946360000000000 0.956320000000000 0.978240000000000 0.982400000000000 0.985800000000000 0.989980000000000 0.999520000000000
1000101000000010100100000000000010010010000100000000000100
0111010001100100000001000000000010010010000100000000000100
1000100100000010100110000000101000001000100010100001000000
1000100000000010100100000001010001001101010000000000000000
1000100000010100001000100000101000001000100010100001000000
1000100011101100000001111000010001101101010001000000000000
1000100000010011100100000000010101101101010000000000000000
1000100000000100010001110100000000001100010000011100111011
1000100000000010100100000011010001001010001100000010011000
0111010001100100000001000000000010010010000100000000000100
