//
segsites: 54
positions: 0.002500000000000 0.006340000000000 0.009020000000000 0.012860000000000 0.074640000000000 0.078120000000000 0.083920000000000 0.158440000000000 0.184560000000000 0.208820000000000 0.227380000000000 0.229540000000000 0.247300000000000 0.253260000000000 0.263920000000000 0.276820000000000 0.288640000000000 0.293360000000000 0.296700000000000 0.329840000000000 0.411340000000000 0.430580000000000 0.440120000000000 0.447780000000000 0.459400000000000 0.466540000000000 0.486600000000000 0.494820000000000 0.512720000000000 0.524500000000000 0.526840000000000 0.590620000000000 0.611780000000000 0.629760000000000 0.641160000000000 0.652540000000000 0.652960000000000 0.685560000000000 0.695080000000000 0.698280000000000 0.712020000000000 0.770340000000000 0.783980000000000 0.806320000000000 0.824480000000000 0.837120000000000 0.858700000000000 0.880860000000000 0.890660000000000 0.896800000000000 0.916280000000000 0.961780000000000 0.995480000000000 0.997740000000000
011100000000001100001010101110101000111000001011111000
011100100000000100000001011100100000111001001011011001
011101000000001100001010001100100100000000000100000100
011100000000001100001010101100101000111000001011111001
011110100000000100000001010001000011000110110100000000
111100000000011100001010001100100000111000001011011011
000100000000001110000100000000010010011000001011011001
000100000100000100000100000000010010000000001011111001
011100000000001100101010001100100000111000001011111001
000000011011101001010010001000101000111000001011111001
