//
segsites: 57
positions: 0.007800000000000 0.011040000000000 0.013840000000000 0.030260000000000 0.053500000000000 0.074260000000000 0.083100000000000 0.105540000000000 0.134140000000000 0.137720000000000 0.165040000000000 0.167480000000000 0.168220000000000 0.174840000000000 0.179400000000000 0.188200000000000 0.188300000000000 0.237440000000000 0.304300000000000 0.320980000000000 0.334020000000000 0.336360000000000 0.337620000000000 0.361940000000000 0.457320000000000 0.458320000000000 0.505120000000000 0.515140000000000 0.560920000000000 0.575120000000000 0.594160000000000 0.633140000000000 0.670080000000000 0.680800000000000 0.680960000000000 0.681680000000000 0.696780000000000 0.708420000000000 0.709780000000000 0.724060000000000 0.738220000000000 0.739560000000000 0.743520000000000 0.773500000000000 0.785200000000000 0.797000000000000 0.812040000000000 0.828800000000000 0.857220000000000 0.861560000000000 0.862340000000000 0.880900000000000 0.922300000000000 0.932160000000000 0.933200000000000 0.935060000000000 0.988300000000000
000001100000000001000100011011110001001000001010111001001
011010000000011000101000000000000000010000000010110001001
011000000100011010101000100000000000010000100010110001001
011000000100011010101000100000000000010000000010110001001
000001100000000000000110001011110101001000001010110001001
111100011011100100010000001101000010000001010101000110110
011010000000011000101000000000000000000110000100110001001
000001100000000001000101001011111001001000001010111001000
000000101000100000000110001011110001001000001010110001001
011000000000011000101000000000000000110000000010110001001
