//
segsites: 38
positions: 0.017880000000000 0.101680000000000 0.178180000000000 0.228520000000000 0.238480000000000 0.281540000000000 0.283980000000000 0.299760000000000 0.304340000000000 0.335700000000000 0.357700000000000 0.384320000000000 0.389820000000000 0.419760000000000 0.424720000000000 0.452560000000000 0.470080000000000 0.500000000000000 0.511680000000000 0.560820000000000 0.581160000000000 0.624200000000000 0.644240000000000 0.644380000000000 0.647580000000000 0.665140000000000 0.681760000000000 0.703580000000000 0.748420000000000 0.774780000000000 0.786120000000000 0.790340000000000 0.821320000000000 0.861400000000000 0.869760000000000 0.933540000000000 0.986840000000000 0.994580000000000
00001001000100000111111000100000110000
00000010100010000000000001001110001000
00001001000100000011111000100000110000
00001001000100000011111100100000110000
00011001000100000111111000110000110101
00001001000100000111111000100000110000
00001001000100000111111000100000110000
00001001010100000011111010100001110000
11100100001001111001011000100000110010
00001001000100000111111000100000110000
