//
segsites: 65
positions: 0.001480000000000 0.008940000000000 0.023540000000000 0.036600000000000 0.054180000000000 0.063460000000000 0.064320000000000 0.074920000000000 0.079820000000000 0.081580000000000 0.096900000000000 0.101340000000000 0.104500000000000 0.125660000000000 0.135840000000000 0.140580000000000 0.144840000000000 0.154380000000000 0.166200000000000 0.177940000000000 0.197920000000000 0.198200000000000 0.209640000000000 0.225240000000000 0.226740000000000 0.254260000000000 0.326380000000000 0.329800000000000 0.331780000000000 0.350940000000000 0.352220000000000 0.355920000000000 0.367660000000000 0.396520000000000 0.402800000000000 0.405300000000000 0.426100000000000 0.436500000000000 0.500000000000000 0.549440000000000 0.555140000000000 0.629200000000000 0.636340000000000 0.636340000000000 0.688880000000000 0.697080000000000 0.698860000000000 0.733620000000000 0.743740000000000 0.744200000000000 0.774680000000000 0.784600000000000 0.799040000000000 0.805580000000000 0.836080000000000 0.843760000000000 0.854700000000000 0.888320000000000 0.905800000000000 0.927920000000000 0.932960000000000 0.945460000000000 0.977700000000000 0.980880000000000 0.992760000000000
00100000001000000101001010000100000100000000100100001000000111001
00000010010000001000100000000000000100000000000000000010000000100
01001100100001000010000001100010000100000000000010000001010010010
00000010010000101000100000000001100100000100011000011000101000010
00000010010000001000100000000000000100100010000000100010000000100
00000010010101000000010000001000010000001001000001011000100000010
01001100000001000010000001000010000100000000000010000001010010010
10010001010010010000000100010000001011010000000000011100010010000
00000010010000001000100000000000000100000000100100001000000111001
00000010010000001000100000000000000100100010000000100010000000100
