//
segsites: 31
positions: 0.040780000000000 0.049520000000000 0.051360000000000 0.062020000000000 0.062760000000000 0.109500000000000 0.113080000000000 0.137100000000000 0.141960000000000 0.216140000000000 0.218260000000000 0.243980000000000 0.246060000000000 0.290080000000000 0.324540000000000 0.370400000000000 0.384600000000000 0.454780000000000 0.500000000000000 0.540540000000000 0.559300000000000 0.576460000000000 0.661780000000000 0.679640000000000 0.707620000000000 0.735440000000000 0.803860000000000 0.823300000000000 0.872340000000000 0.911340000000000 0.946580000000000
1100001011111011110001011111001
1110001011111010101000100011010
0101111010110000001000100011010
0101111010110000001000100011010
0101111010110000001010100011110
0101111010110100001000100011010
0101011110110000000100100011001
0101011110110000001000100011010
0101111010110000001000100011010
0101011010110000000000100011010
