//
segsites: 24
positions: 0.053900000000000 0.076020000000000 0.116380000000000 0.136780000000000 0.235040000000000 0.261240000000000 0.276900000000000 0.304020000000000 0.339120000000000 0.492760000000000 0.500000000000000 0.555840000000000 0.599160000000000 0.619700000000000 0.678040000000000 0.750220000000000 0.815080000000000 0.827620000000000 0.842140000000000 0.893680000000000 0.918740000000000 0.926480000000000 0.982160000000000 0.990100000000000
001000001010110111001110
001000001010110111001110
110111110101101110101110
110111110100100110011011
001000001010110111001110
001000001010110111001110
001000001010110111001110
001000001010110111001110
001000001010110111001110
001000001010110111001110
