//
segsites: 38
positions: 0.020300000000000 0.103940000000000 0.126080000000000 0.135100000000000 0.269180000000000 0.288920000000000 0.333620000000000 0.354420000000000 0.361140000000000 0.361220000000000 0.373320000000000 0.437440000000000 0.453020000000000 0.500000000000000 0.502240000000000 0.502280000000000 0.539800000000000 0.542940000000000 0.545900000000000 0.617000000000000 0.623100000000000 0.628660000000000 0.647180000000000 0.651280000000000 0.669520000000000 0.700440000000000 0.719220000000000 0.739620000000000 0.740260000000000 0.751900000000000 0.833080000000000 0.837580000000000 0.855460000000000 0.896680000000000 0.922660000000000 0.943900000000000 0.943920000000000 0.983300000000000
00101110110000011110000000010001100100
00101110110000011110000000110001100100
00101111001011000000010000000000011001
00101111000011000000010000000000011001
10111110110000011110000100000010000000
00101111000011000000010000000000011001
00101111000011000000010000000000011001
01101110010100011011101011001100000010
00101111000011000000010000000000011001
10111110110000111110000000000010000000
