//
segsites: 47
positions: 0.015720000000000 0.092540000000000 0.098460000000000 0.158120000000000 0.168840000000000 0.189900000000000 0.201860000000000 0.203660000000000 0.213060000000000 0.218240000000000 0.241780000000000 0.242380000000000 0.271140000000000 0.274800000000000 0.278640000000000 0.282040000000000 0.283260000000000 0.294260000000000 0.314240000000000 0.319000000000000 0.377980000000000 0.449200000000000 0.451460000000000 0.491480000000000 0.500000000000000 0.529880000000000 0.554220000000000 0.603820000000000 0.615600000000000 0.683880000000000 0.692840000000000 0.708940000000000 0.715460000000000 0.726520000000000 0.772160000000000 0.777660000000000 0.795180000000000 0.804020000000000 0.808940000000000 0.860280000000000 0.878300000000000 0.881500000000000 0.921020000000000 0.941580000000000 0.960300000000000 0.972680000000000 0.995880000000000
10001010000010001000100011100010001100000001011
10001010000010001000100011100010001100000001011
10001010000010001000100011100010001100000001011
10010100001000001000000011100010001100000001011
10001010000010001000100011100010001100000001011
00001010000000001000000101000101100011001010000
00000001000100100000010001100000011111001000000
00100001000100100000010001101000011111001000000
00000001000110001000001001100000001100110100100
01000000110001011111010001110000011111001000000
