//
segsites: 39
positions: 0.043140000000000 0.145820000000000 0.160360000000000 0.167460000000000 0.175980000000000 0.186400000000000 0.193400000000000 0.219680000000000 0.288580000000000 0.292540000000000 0.297180000000000 0.397900000000000 0.400680000000000 0.411720000000000 0.415200000000000 0.422920000000000 0.500000000000000 0.510880000000000 0.531080000000000 0.535940000000000 0.545160000000000 0.553360000000000 0.630660000000000 0.656860000000000 0.658680000000000 0.664900000000000 0.695520000000000 0.775500000000000 0.795660000000000 0.810920000000000 0.816740000000000 0.877880000000000 0.885620000000000 0.900560000000000 0.920560000000000 0.924580000000000 0.958320000000000 0.972700000000000 0.990700000000000
000000001000010001000101101000000101001
000000100001010001100110010110111000100
001101001000000101100101101000000111000
001101001000010001000101101000000101001
001101001000010011000101101111100111000
001101001000010011000101101111100111000
001101001000010011000101101111100111000
101101001000010001001110000110110000100
010000010000111000010101101110110000100
000010100110000001100110000110110000110
