//
segsites: 33
positions: 0.015740000000000 0.036560000000000 0.088300000000000 0.125640000000000 0.138300000000000 0.172320000000000 0.198980000000000 0.199800000000000 0.226660000000000 0.233060000000000 0.233640000000000 0.238680000000000 0.292680000000000 0.308980000000000 0.329960000000000 0.352400000000000 0.361800000000000 0.470660000000000 0.500000000000000 0.600340000000000 0.688280000000000 0.704840000000000 0.707660000000000 0.833920000000000 0.835780000000000 0.847340000000000 0.867160000000000 0.868120000000000 0.889280000000000 0.907400000000000 0.926580000000000 0.939300000000000 0.997860000000000
000100010100000010100000101110100
000100010100000010100000101110100
111110000011101000001110100100000
111101001000000100100000101110100
111101001000000100000001110101010
000100110100000010000000101100100
000100110100000010000000101100101
000100010100000010110000101110100
000100010100010010100000101110100
000100010100010011100000101110100
