//
segsites: 37
positions: 0.028640000000000 0.060680000000000 0.069780000000000 0.156680000000000 0.182360000000000 0.204360000000000 0.218620000000000 0.229100000000000 0.338560000000000 0.338920000000000 0.353320000000000 0.358740000000000 0.368760000000000 0.406820000000000 0.424960000000000 0.465060000000000 0.484860000000000 0.493060000000000 0.500000000000000 0.507660000000000 0.516440000000000 0.517960000000000 0.540280000000000 0.569780000000000 0.679840000000000 0.685180000000000 0.722920000000000 0.724100000000000 0.739980000000000 0.768040000000000 0.774480000000000 0.777100000000000 0.793200000000000 0.815120000000000 0.918140000000000 0.940020000000000 0.995220000000000
0111000100110110100110100000100101001
1000010011001101001001001101111111110
1000010011000101001001001101111111110
1000110011000101000001011101111111110
1000010011000101001001001101111111110
0110000100110110010000101011111111000
1000010011000101001001001101111111110
1000010011000101001001001101111111110
1000101000110110010000101011111111000
0110010011000101001001001101111111110
