//
segsites: 63
positions: 0.003920000000000 0.024820000000000 0.042160000000000 0.048340000000000 0.051980000000000 0.085380000000000 0.094940000000000 0.104880000000000 0.105720000000000 0.108420000000000 0.110860000000000 0.112520000000000 0.121280000000000 0.133000000000000 0.155560000000000 0.163940000000000 0.181180000000000 0.186140000000000 0.192620000000000 0.240580000000000 0.264740000000000 0.285840000000000 0.291560000000000 0.332460000000000 0.341060000000000 0.348240000000000 0.356740000000000 0.359440000000000 0.375160000000000 0.385560000000000 0.386960000000000 0.424880000000000 0.463700000000000 0.479340000000000 0.490340000000000 0.500000000000000 0.501380000000000 0.507820000000000 0.509360000000000 0.529680000000000 0.535260000000000 0.543340000000000 0.553760000000000 0.558340000000000 0.587600000000000 0.597620000000000 0.658520000000000 0.685300000000000 0.707340000000000 0.738640000000000 0.751760000000000 0.760780000000000 0.761300000000000 0.767480000000000 0.784440000000000 0.792720000000000 0.807800000000000 0.819880000000000 0.869000000000000 0.879400000000000 0.881480000000000 0.969000000000000 0.981360000000000
010000000000000000001010001010010001011001000000100000000000010
100100010100000010000001010101001000100100011000000001000000000
010000000000000000001010001010010001011001000000000000000000010
000000000000000000001010001010010010011001000000000000000000010
001010001011010101100100100000100100000001000001000100110110100
010000000000000000001010001010010001011001000000000000000000010
001011000000100100001010001010010000011010100100010000001001001
000000100001001100010000000000010000011000000010001011000000010
010000000000000000001010001010010001011001000000000000000000010
010000000000000000001010001010010001011001000000000000000000010
