//
segsites: 33
positions: 0.029200000000000 0.032240000000000 0.034760000000000 0.085500000000000 0.093840000000000 0.094040000000000 0.106700000000000 0.113680000000000 0.113800000000000 0.154180000000000 0.165200000000000 0.193100000000000 0.283240000000000 0.298600000000000 0.340120000000000 0.370120000000000 0.379680000000000 0.456580000000000 0.500000000000000 0.502440000000000 0.561900000000000 0.570540000000000 0.593560000000000 0.600100000000000 0.705220000000000 0.734300000000000 0.773800000000000 0.849020000000000 0.875680000000000 0.889880000000000 0.893180000000000 0.948600000000000 0.963340000000000
100111101011000000000001011110100
010000010000010110011010010110100
100101101011100000000001011110100
001100000100001000000001010111110
100101101011000000000001111110101
001100000001000000000101010111110
001100000100001000000001010111110
001100000100001001100001010111110
001100000100001000100001010111110
100101101011000000000001011000000
