//
segsites: 49
positions: 0.016060000000000 0.022920000000000 0.051960000000000 0.066360000000000 0.067260000000000 0.086720000000000 0.102600000000000 0.194240000000000 0.204440000000000 0.213260000000000 0.214300000000000 0.219000000000000 0.225380000000000 0.235540000000000 0.252640000000000 0.255880000000000 0.285400000000000 0.287380000000000 0.296900000000000 0.299120000000000 0.333880000000000 0.350400000000000 0.364160000000000 0.381640000000000 0.420860000000000 0.444700000000000 0.451180000000000 0.456000000000000 0.466800000000000 0.468120000000000 0.468480000000000 0.500000000000000 0.504020000000000 0.511560000000000 0.519520000000000 0.529280000000000 0.575740000000000 0.592140000000000 0.671320000000000 0.759760000000000 0.766240000000000 0.808820000000000 0.851380000000000 0.884320000000000 0.887880000000000 0.888160000000000 0.935420000000000 0.944620000000000 0.984620000000000
0100010001110001000001000000000110110110101010010
0100010001110001000001000000000110110110101010010
1010001000101000010010000001100000000100101010010
0100010001110001000001100000000110110110101010010
0100010001110001000001000000000110110110101010010
0100010001110001000001010000000110110110101010010
0100010001110001000001000000000010110110101010010
0001100100000110101100000010000001000000101010010
0000100010110000000000001100111000001000000100000
0000100100000110010000000000000000000101010001101
