//
segsites: 78
positions: 0.010040000000000 0.018180000000000 0.026420000000000 0.034180000000000 0.037060000000000 0.050840000000000 0.050940000000000 0.091800000000000 0.111000000000000 0.117080000000000 0.127280000000000 0.131780000000000 0.139020000000000 0.141920000000000 0.146620000000000 0.147320000000000 0.170100000000000 0.209300000000000 0.224620000000000 0.273740000000000 0.274420000000000 0.298480000000000 0.310620000000000 0.321800000000000 0.344640000000000 0.347720000000000 0.355420000000000 0.357420000000000 0.360520000000000 0.370200000000000 0.375460000000000 0.396020000000000 0.427800000000000 0.430360000000000 0.453440000000000 0.455920000000000 0.483360000000000 0.483720000000000 0.485460000000000 0.491640000000000 0.500000000000000 0.502320000000000 0.539920000000000 0.564660000000000 0.625020000000000 0.643720000000000 0.657040000000000 0.668760000000000 0.686120000000000 0.695580000000000 0.698160000000000 0.704520000000000 0.710960000000000 0.726800000000000 0.729680000000000 0.732260000000000 0.732300000000000 0.747940000000000 0.748740000000000 0.750280000000000 0.757620000000000 0.769820000000000 0.793100000000000 0.818060000000000 0.827540000000000 0.839100000000000 0.848700000000000 0.852000000000000 0.912880000000000 0.925280000000000 0.929460000000000 0.930680000000000 0.960080000000000 0.970860000000000 0.981840000000000 0.989660000000000 0.990680000000000 0.998300000000000
000111010101001011100010000010100001000010000100000100010000000001010101001111
010010001001000000001000100000011000000000000000000100010000000010000001001111
000111010101001011100010000010100001000010000100000100010000000001010111001111
000111010101001011100010000010100001000010000100000100010000000001010101001111
000111010101001011100010000010100001000110000100000100010000000001010101001111
000111010101001011100010000010100001000010000100000100010000000001010101001111
001000100010100100000000011101000101000000000011111001001011000100101000010000
100010000010110000011101011000000011101001111010111010110100111001010101010000
000111010101001011100010000010100001010000000100000100010000000001010101101111
000111010101001011100010000010100001000010000100000100010000000001010101001111
