//
segsites: 54
positions: 0.001820000000000 0.021140000000000 0.029680000000000 0.047260000000000 0.058100000000000 0.071060000000000 0.090180000000000 0.095160000000000 0.106900000000000 0.119340000000000 0.142280000000000 0.152680000000000 0.153620000000000 0.172100000000000 0.214460000000000 0.249120000000000 0.296420000000000 0.352280000000000 0.408140000000000 0.412780000000000 0.469620000000000 0.491520000000000 0.496160000000000 0.500000000000000 0.502880000000000 0.503240000000000 0.530360000000000 0.566900000000000 0.572080000000000 0.573280000000000 0.597140000000000 0.605840000000000 0.607600000000000 0.624200000000000 0.641980000000000 0.655900000000000 0.656140000000000 0.691340000000000 0.736460000000000 0.754400000000000 0.755320000000000 0.773100000000000 0.781800000000000 0.790260000000000 0.799300000000000 0.804800000000000 0.819040000000000 0.841200000000000 0.886000000000000 0.942800000000000 0.952240000000000 0.968200000000000 0.988480000000000 0.994900000000000
001001001110110100010000010110000000100000010000000000
010000100000000100100000000010000100010001000001001011
100000000001000101000000100001111010000111000101000011
100000000001000100001110100000000000011001000001000000
000000000000000110100001001000000000010000000010010000
000110100000000100100000000010000100010000101000100100
001000010010001100000000000010000001000111010000000000
000000000000000110100001001000000000010000000010010000
000000000000000110100001001000000000010000000010010000
000000000000000110100001001000000000010000000010010000
