//
segsites: 38
positions: 0.177020000000000 0.234320000000000 0.250640000000000 0.252060000000000 0.299080000000000 0.333240000000000 0.423360000000000 0.438480000000000 0.484200000000000 0.496380000000000 0.500000000000000 0.531820000000000 0.553700000000000 0.561120000000000 0.589600000000000 0.594160000000000 0.610420000000000 0.666600000000000 0.671660000000000 0.682340000000000 0.707220000000000 0.753320000000000 0.759060000000000 0.763520000000000 0.808660000000000 0.808980000000000 0.819120000000000 0.870200000000000 0.871820000000000 0.873580000000000 0.886100000000000 0.902460000000000 0.906000000000000 0.919420000000000 0.921780000000000 0.932900000000000 0.935960000000000 0.987260000000000
00010000101111101100010100000001001000
00000000100111101100010100000001001000
00000000101111101100010100000001001000
00010000101111101100010100000001001000
01000000100111111100010100000001001000
00010000101111101100010100000001001000
00100000010111001111011100001000001000
10000000100111101100010100000001001000
00000000100111101100010100010011101100
10001111000111001110110111100101011011
