//
segsites: 42
positions: 0.014100000000000 0.062980000000000 0.118660000000000 0.145780000000000 0.150160000000000 0.156040000000000 0.185080000000000 0.186880000000000 0.187520000000000 0.201720000000000 0.267560000000000 0.343460000000000 0.354760000000000 0.361200000000000 0.382200000000000 0.414100000000000 0.471280000000000 0.473420000000000 0.500000000000000 0.531060000000000 0.550460000000000 0.557260000000000 0.560680000000000 0.564240000000000 0.612520000000000 0.643140000000000 0.688080000000000 0.715340000000000 0.757480000000000 0.792940000000000 0.805900000000000 0.827740000000000 0.849260000000000 0.882720000000000 0.886180000000000 0.920940000000000 0.961740000000000 0.965220000000000 0.965820000000000 0.971980000000000 0.979980000000000 0.988780000000000
011001011001110110100001111010101100101000
100000000001110110000001111010101100101000
011001011001110110100001111010101100101000
100000000001110110001000000001010011000000
011001011001110110100001111010101100101000
100000000000001001010100000101101100010111
011001011001110110100001111010101100101000
011001011001110110100001111010101100101000
011001011001110110100001111010101100101000
000110100110000001011010000000000000000000
