//
segsites: 52
positions: 0.023320000000000 0.056400000000000 0.116800000000000 0.125340000000000 0.143000000000000 0.162740000000000 0.179560000000000 0.180420000000000 0.194620000000000 0.221160000000000 0.234980000000000 0.271280000000000 0.287820000000000 0.308640000000000 0.310180000000000 0.315160000000000 0.339500000000000 0.366000000000000 0.372840000000000 0.379220000000000 0.408060000000000 0.467420000000000 0.487780000000000 0.500000000000000 0.513640000000000 0.517740000000000 0.520600000000000 0.524420000000000 0.534420000000000 0.555340000000000 0.601680000000000 0.604040000000000 0.650520000000000 0.650720000000000 0.683760000000000 0.716760000000000 0.721580000000000 0.744600000000000 0.749520000000000 0.757300000000000 0.758940000000000 0.783160000000000 0.789520000000000 0.857360000000000 0.878700000000000 0.890480000000000 0.896620000000000 0.898040000000000 0.909600000000000 0.923000000000000 0.944660000000000 0.949620000000000
0100000000101010010000000010010010100000000010000010
0100000000101010010000010000100110110000000000111100
0100000000101010010000010100100110110000000000111100
0100000000101010010000010000100110110000000000111100
1111100000000000100000000010000000000110000100000000
1100010101010100010011100010010010100001000010000010
0100000000101010010000010000100110110000000000111100
0100000000100010001000000001000001001000111000000001
1100100000101010010000010000100110110000000000111100
1100001010000001010100001000001000100000000001000000
