//
segsites: 45
positions: 0.012080000000000 0.056120000000000 0.065620000000000 0.091220000000000 0.099400000000000 0.125720000000000 0.161080000000000 0.177840000000000 0.202940000000000 0.234560000000000 0.265200000000000 0.269540000000000 0.272140000000000 0.276960000000000 0.287520000000000 0.319780000000000 0.322800000000000 0.338700000000000 0.349140000000000 0.361260000000000 0.367920000000000 0.368320000000000 0.387200000000000 0.477560000000000 0.500000000000000 0.514300000000000 0.517800000000000 0.585220000000000 0.600860000000000 0.624700000000000 0.642300000000000 0.713180000000000 0.736920000000000 0.742900000000000 0.765020000000000 0.773980000000000 0.844500000000000 0.881060000000000 0.882980000000000 0.888160000000000 0.897360000000000 0.953240000000000 0.957460000000000 0.962320000000000 0.980120000000000
100100001100101010100000011100100001000010001
001010011000100010100000011101000000100010001
000100000000010101000011000010011001011101010
100100001100100010100000111100000010000010001
100100001100100010100000111100000010000010001
100100001100100010100000111100000010000010001
110001100011000000011100011100000010000010101
100100001100100010100000111100000010000010001
100100001100100010100000111100000110000010001
100100001100100010100000111100000010000010001
