//
segsites: 20
positions: 0.030160000000000 0.069140000000000 0.072720000000000 0.101100000000000 0.104540000000000 0.119680000000000 0.178600000000000 0.195200000000000 0.199220000000000 0.392360000000000 0.470500000000000 0.500000000000000 0.547500000000000 0.568300000000000 0.638720000000000 0.685380000000000 0.751400000000000 0.825140000000000 0.859840000000000 0.860900000000000
01101111000101100110
01101111000101000110
11100111000001000110
01101111000101010110
01100111000001001110
01110000111010000001
01101111000101000110
01101111000101000101
01101111000101000110
01101111000101000110
