//
segsites: 43
positions: 0.011760000000000 0.018140000000000 0.032780000000000 0.099260000000000 0.125740000000000 0.129360000000000 0.169400000000000 0.217900000000000 0.224160000000000 0.226880000000000 0.242160000000000 0.243480000000000 0.244320000000000 0.299440000000000 0.309300000000000 0.369120000000000 0.377640000000000 0.409000000000000 0.432920000000000 0.458700000000000 0.471320000000000 0.478600000000000 0.500000000000000 0.504920000000000 0.534540000000000 0.582180000000000 0.611360000000000 0.641540000000000 0.654100000000000 0.657100000000000 0.662880000000000 0.677680000000000 0.763680000000000 0.798360000000000 0.809520000000000 0.878260000000000 0.886260000000000 0.915020000000000 0.938040000000000 0.962000000000000 0.970680000000000 0.975500000000000 0.989320000000000
0010001000001110010000110010001000011000000
0010010111000101001110010100001011100010000
0010000111000100010000110010001000011000000
0010101000001110010000010000001000011000000
1101000000110001001010001010000000000101010
0010001000001110010000110010001000010000000
0010001000001111100000010010001000011000100
0010000111000101001000001001110111100000001
0010001000001110010001010010001000011000000
0010000111000101001000001001110111100000000
