//
segsites: 46
positions: 0.007100000000000 0.046060000000000 0.056540000000000 0.076580000000000 0.085180000000000 0.099280000000000 0.117840000000000 0.126100000000000 0.161320000000000 0.204500000000000 0.215720000000000 0.220000000000000 0.232200000000000 0.263740000000000 0.272060000000000 0.285700000000000 0.330440000000000 0.355600000000000 0.500000000000000 0.508120000000000 0.510820000000000 0.567300000000000 0.569220000000000 0.581140000000000 0.626320000000000 0.628060000000000 0.629320000000000 0.635000000000000 0.670080000000000 0.687160000000000 0.699420000000000 0.707100000000000 0.711840000000000 0.725340000000000 0.756180000000000 0.806140000000000 0.830940000000000 0.855900000000000 0.873440000000000 0.897520000000000 0.908080000000000 0.917220000000000 0.918880000000000 0.933160000000000 0.963100000000000 0.996760000000000
1110111001100111011001100100101011010110000001
1110111001000111011011100100100011010111000001
1110110001000111000100000111100110000010011110
0001000110011000100001111000010000101010100000
1110111001000111011001100100100011010110000001
1110111001000111011001100100100011010110000001
1110111001000111011001100100100011010110000001
1110111001000111011001100100100011010110000001
1110110001000111000100000111100110000010011110
1110111001000111011001100100100011010110000001
