//
segsites: 51
positions: 0.045500000000000 0.056760000000000 0.058080000000000 0.063700000000000 0.101380000000000 0.117580000000000 0.132600000000000 0.222940000000000 0.234760000000000 0.243660000000000 0.318500000000000 0.323980000000000 0.342520000000000 0.361260000000000 0.425040000000000 0.441140000000000 0.444260000000000 0.458520000000000 0.486240000000000 0.500000000000000 0.518980000000000 0.550920000000000 0.563060000000000 0.588360000000000 0.589640000000000 0.591760000000000 0.600640000000000 0.610280000000000 0.643400000000000 0.665880000000000 0.675900000000000 0.685920000000000 0.709140000000000 0.713100000000000 0.719900000000000 0.741520000000000 0.745060000000000 0.813740000000000 0.822940000000000 0.846100000000000 0.850440000000000 0.856740000000000 0.862600000000000 0.865820000000000 0.880560000000000 0.901940000000000 0.912860000000000 0.971420000000000 0.979580000000000 0.981020000000000 0.993580000000000
100000100100000000001001010010100011100111000101011
011000010001000100101001010010100000010111000101011
000001000010001011001100000001101100001100100100100
000111000010000000011000100100010000000100011110100
000111000010000000011000100100010000000100011110100
100000101000011011001100000000101100001100100100100
000111000010000000011010101100010000000100011110100
000111000010100000011000100100010000000100011110100
000111000010000000011000100100010000000100011110100
000001100000011011001100000000101100001100101110100
