//
segsites: 36
positions: 0.024380000000000 0.064420000000000 0.070660000000000 0.089060000000000 0.117380000000000 0.126220000000000 0.156720000000000 0.176680000000000 0.204220000000000 0.227260000000000 0.227740000000000 0.234260000000000 0.264920000000000 0.305220000000000 0.307960000000000 0.309500000000000 0.353600000000000 0.363700000000000 0.369040000000000 0.391500000000000 0.423800000000000 0.445680000000000 0.452000000000000 0.465460000000000 0.476060000000000 0.488240000000000 0.500000000000000 0.514200000000000 0.606560000000000 0.695980000000000 0.727780000000000 0.775460000000000 0.787860000000000 0.834340000000000 0.886620000000000 0.930300000000000
100100100000000001010101001100011001
100100100000000001010101001100011001
100100100000000000010001000101000010
100100100000000001010101001100011001
100100100000000001010101001100011001
100100100000000001010101001100011001
011011010100101000010001000101000010
000000001010010100101010110011100010
011011010101100010010001000101000111
100100100000000001010101001100011001
