//
segsites: 43
positions: 0.005200000000000 0.073380000000000 0.110940000000000 0.188360000000000 0.207720000000000 0.280560000000000 0.283600000000000 0.315320000000000 0.315560000000000 0.351900000000000 0.383460000000000 0.401860000000000 0.423700000000000 0.440640000000000 0.472380000000000 0.474840000000000 0.477200000000000 0.487500000000000 0.489400000000000 0.500000000000000 0.506800000000000 0.550600000000000 0.579040000000000 0.599440000000000 0.614240000000000 0.617240000000000 0.626920000000000 0.632740000000000 0.646380000000000 0.653260000000000 0.729560000000000 0.730280000000000 0.767020000000000 0.783000000000000 0.805160000000000 0.806420000000000 0.807660000000000 0.831480000000000 0.832000000000000 0.836040000000000 0.888580000000000 0.925380000000000 0.984640000000000
1000110001000100100111010011001111101100001
1000110001000100100111010011001111101100001
0111100000001000010000000000000000010011000
1000101110000001001000101100100000000000011
1000110001000100100010010011001111101100001
1000110001000110100111010011011111101100001
1000110001000100100111010011001111101100001
1000110001000100100111010011001111101100001
1000110001000100100010010011001111101100000
1000110001110100100010010011001111101100100
