//
segsites: 39
positions: 0.008500000000000 0.019560000000000 0.054220000000000 0.064540000000000 0.107240000000000 0.132340000000000 0.143220000000000 0.164000000000000 0.167640000000000 0.218720000000000 0.242400000000000 0.246680000000000 0.308780000000000 0.336700000000000 0.385920000000000 0.454260000000000 0.460360000000000 0.464540000000000 0.484580000000000 0.490720000000000 0.500000000000000 0.521740000000000 0.588540000000000 0.642400000000000 0.691220000000000 0.694300000000000 0.749960000000000 0.772140000000000 0.791740000000000 0.811900000000000 0.816440000000000 0.831780000000000 0.855240000000000 0.863140000000000 0.867100000000000 0.893980000000000 0.900700000000000 0.902840000000000 0.950200000000000
000001000011010000000011000001000011000
001011010000101100011100111010110000101
001011010000101100011100111010110000101
001011010000101100011100111010110000101
110101101100010011000000101110111100000
001011010000101100011100111010110000101
001011010000101100011100111010110000111
001011010000101100011100111010110000101
001011010000101100011100111010110000101
001011010000101100111100111010110000101
