//
segsites: 32
positions: 0.016900000000000 0.041340000000000 0.064220000000000 0.111340000000000 0.115080000000000 0.170580000000000 0.190200000000000 0.217560000000000 0.273440000000000 0.286420000000000 0.309440000000000 0.324560000000000 0.383580000000000 0.399760000000000 0.445500000000000 0.462820000000000 0.472820000000000 0.497280000000000 0.500000000000000 0.571360000000000 0.582460000000000 0.590200000000000 0.624560000000000 0.643100000000000 0.659180000000000 0.699980000000000 0.717760000000000 0.725660000000000 0.800700000000000 0.836060000000000 0.989000000000000 0.999640000000000
00000000101010010110110000100100
00000000101010010110010000100100
11001011010110100001000011001100
00010000100011010100011000100100
11001111010110100001000011001110
00000000101010010110010000110100
00100000101010010110010000100100
00000000100010010100010000100111
00000000101010011110010000100100
00000000101010010110010100100100
