//
segsites: 32
positions: 0.069620000000000 0.082380000000000 0.128500000000000 0.128980000000000 0.150000000000000 0.214440000000000 0.230000000000000 0.248220000000000 0.252000000000000 0.301040000000000 0.306260000000000 0.340340000000000 0.356600000000000 0.369980000000000 0.437120000000000 0.457920000000000 0.483640000000000 0.500000000000000 0.548840000000000 0.641200000000000 0.663880000000000 0.716580000000000 0.740460000000000 0.832360000000000 0.870460000000000 0.889160000000000 0.899400000000000 0.910240000000000 0.936600000000000 0.957320000000000 0.962320000000000 0.997620000000000
00110100101101010110101110100010
11000000010010101001010001011101
00110100101101010110101110100010
00110101101101010110101110100010
00110100101101010110101100100000
00110100101101010110101110100010
00110100101101010010101110100010
00000010000010010010101100100000
10001000001101010110101110100010
00110100101101010110101110100010
