//
segsites: 38
positions: 0.001520000000000 0.005920000000000 0.024200000000000 0.037940000000000 0.053140000000000 0.058020000000000 0.089360000000000 0.119780000000000 0.134340000000000 0.142440000000000 0.161240000000000 0.178580000000000 0.189460000000000 0.281680000000000 0.281880000000000 0.372580000000000 0.414680000000000 0.451740000000000 0.465900000000000 0.470400000000000 0.473220000000000 0.500000000000000 0.554140000000000 0.554780000000000 0.590700000000000 0.624080000000000 0.650180000000000 0.660040000000000 0.685560000000000 0.685860000000000 0.693460000000000 0.753480000000000 0.782440000000000 0.795880000000000 0.838960000000000 0.911160000000000 0.920360000000000 0.953540000000000
00110100010001001111111100000011101000
00110100010001001111111100000011101000
00110100010001001011111100000011101000
00110100010001001011100101100000000000
00110100110001001011100100000011100111
00110100010001001011111100000011101000
01001011001110110000000001101100010000
00110100010001001011111100000011101000
10010100010001001011100111110001100111
00110100010001001011111100000011101000
