//
segsites: 61
positions: 0.001480000000000 0.006800000000000 0.049200000000000 0.094300000000000 0.115520000000000 0.117380000000000 0.136240000000000 0.147680000000000 0.171000000000000 0.207520000000000 0.213100000000000 0.219100000000000 0.244500000000000 0.247800000000000 0.291040000000000 0.382660000000000 0.386260000000000 0.399620000000000 0.400460000000000 0.400640000000000 0.416960000000000 0.429100000000000 0.442900000000000 0.481980000000000 0.500000000000000 0.503480000000000 0.504200000000000 0.504420000000000 0.509540000000000 0.511860000000000 0.536240000000000 0.540100000000000 0.562840000000000 0.632200000000000 0.645300000000000 0.652700000000000 0.660640000000000 0.664380000000000 0.674900000000000 0.676160000000000 0.700040000000000 0.715260000000000 0.740620000000000 0.744300000000000 0.752040000000000 0.753080000000000 0.762660000000000 0.772820000000000 0.810260000000000 0.810480000000000 0.820220000000000 0.830960000000000 0.839020000000000 0.844120000000000 0.868260000000000 0.872800000000000 0.916500000000000 0.922760000000000 0.943800000000000 0.953080000000000 0.955580000000000
0110110010000000001001010110000000010001010110100000100000000
0001000000000001000100011000011001101010001000011000001000000
0001000000000001000100110000011001101010001000011000001000000
0110110010000000001001010000000000010001010110000101000000011
1000001101111000010010000000100001101000000010000100000000000
0000000010000100100000000001000001000101110010000100000000100
0110110010000000001001010000000000010001010110000101000011011
1000000101111010010010000000100110000000010001000010010100000
0001000000000001000100011000011001101010001000011000001000000
0001000000000001000100011000011001101010001000011000001000000
