//
segsites: 51
positions: 0.006100000000000 0.034180000000000 0.052720000000000 0.053320000000000 0.064680000000000 0.065420000000000 0.070380000000000 0.079780000000000 0.121120000000000 0.140900000000000 0.141420000000000 0.202340000000000 0.203880000000000 0.211120000000000 0.243760000000000 0.264020000000000 0.268320000000000 0.269640000000000 0.274100000000000 0.338060000000000 0.388680000000000 0.399120000000000 0.417760000000000 0.446140000000000 0.492200000000000 0.495120000000000 0.500000000000000 0.511880000000000 0.521100000000000 0.537680000000000 0.567920000000000 0.571200000000000 0.574620000000000 0.593560000000000 0.599300000000000 0.603120000000000 0.607940000000000 0.608020000000000 0.624860000000000 0.644360000000000 0.649640000000000 0.674920000000000 0.701540000000000 0.730200000000000 0.740360000000000 0.768460000000000 0.786980000000000 0.832860000000000 0.917020000000000 0.953940000000000 0.985900000000000
000001000000010001000000001100000000001111000000001
000000000010100100001010000001000000100000011000101
000010010010001010010100000100000000001111000000001
000001000000010001000000001100000000001111000000001
000001000000010001000000001100000000001111000000001
101100000000010001000000001100000000001111000000001
000000000011001010010100100000010111010000100111010
001100000000010001000001110010101000000000000111001
000001100000010001000000001100000000001111000000001
010000001100000001100001110010101000000000000111001
