//
segsites: 51
positions: 0.019180000000000 0.021260000000000 0.113700000000000 0.132260000000000 0.143080000000000 0.182600000000000 0.247120000000000 0.258760000000000 0.270580000000000 0.271420000000000 0.272620000000000 0.317060000000000 0.323000000000000 0.323860000000000 0.326200000000000 0.334340000000000 0.339780000000000 0.351200000000000 0.365820000000000 0.382920000000000 0.445060000000000 0.463100000000000 0.500000000000000 0.521980000000000 0.539780000000000 0.541540000000000 0.566760000000000 0.592740000000000 0.592880000000000 0.626800000000000 0.628280000000000 0.707620000000000 0.764120000000000 0.780720000000000 0.784760000000000 0.828880000000000 0.831420000000000 0.842920000000000 0.843260000000000 0.865400000000000 0.865480000000000 0.866660000000000 0.880520000000000 0.882780000000000 0.887440000000000 0.896300000000000 0.902780000000000 0.938500000000000 0.946600000000000 0.957280000000000 0.983220000000000
110111000001001000100010000000011100100000100100001
001001000001001000100010000000011100100000100100001
000001100000000100110000011001100001001101010001010
110111000001001000100010000000011100100000100100001
110111000001001000100010000000011100100000100100001
000001011010100011000101100110001010000010001000000
110111000001011000100010000000011100100000100100001
110111000001001000101010000000011100100000100100001
001001000100100001000101000110001010010010001010100
110111000001001000100010000000011100100000100100001
