//
segsites: 62
positions: 0.000300000000000 0.006380000000000 0.010440000000000 0.031980000000000 0.043060000000000 0.043320000000000 0.119180000000000 0.131060000000000 0.142540000000000 0.195900000000000 0.216680000000000 0.231900000000000 0.234360000000000 0.260380000000000 0.265440000000000 0.270060000000000 0.276360000000000 0.276720000000000 0.287480000000000 0.298800000000000 0.299740000000000 0.302320000000000 0.312720000000000 0.328740000000000 0.355020000000000 0.390780000000000 0.398820000000000 0.417740000000000 0.433160000000000 0.453200000000000 0.474680000000000 0.477740000000000 0.489080000000000 0.490760000000000 0.494380000000000 0.500000000000000 0.510900000000000 0.519920000000000 0.565160000000000 0.567660000000000 0.569660000000000 0.572340000000000 0.577100000000000 0.614880000000000 0.626240000000000 0.649480000000000 0.652060000000000 0.696600000000000 0.770400000000000 0.785660000000000 0.788580000000000 0.797720000000000 0.872060000000000 0.883560000000000 0.884020000000000 0.892160000000000 0.904160000000000 0.914840000000000 0.924200000000000 0.929160000000000 0.939140000000000 0.940480000000000
00000111000010001010000010101011001010100001010100110001000011
00000111000000000000100000000100000100100001010100110001000000
00000111000000000000100000000100000100100001010100110001000000
00000110000011001010000011101011001000001010001011001010000111
10000000111110000010010000000000000000000000100000000100111000
01001000100000010000000000101011001000000010000011001010000011
00000111000000000000100000000100000100100001010100110001000000
00000111000000000000100000000100000100100001010100110001000000
00110000000000000000001100000100000000100001010100110001000000
01001000100000100101001100010000110001010101010100110001000000
