//
segsites: 52
positions: 0.001140000000000 0.001840000000000 0.021340000000000 0.022840000000000 0.023620000000000 0.030280000000000 0.037460000000000 0.051840000000000 0.057660000000000 0.068500000000000 0.094540000000000 0.145860000000000 0.170080000000000 0.217900000000000 0.237060000000000 0.276340000000000 0.349280000000000 0.364860000000000 0.374780000000000 0.410660000000000 0.415160000000000 0.418560000000000 0.452040000000000 0.457440000000000 0.475100000000000 0.477520000000000 0.484840000000000 0.491000000000000 0.491580000000000 0.500000000000000 0.509460000000000 0.547980000000000 0.555940000000000 0.598980000000000 0.599660000000000 0.666720000000000 0.719780000000000 0.726400000000000 0.738640000000000 0.757400000000000 0.788440000000000 0.804300000000000 0.807060000000000 0.807660000000000 0.819620000000000 0.871180000000000 0.892520000000000 0.926160000000000 0.965760000000000 0.979100000000000 0.988720000000000 0.992800000000000
0001001010100010000100000011001000000000010001100000
1110100100000010000010001000000000010000001100010011
0001001010100010100101000000000001000100000100010011
0100000001001101011000100100010000010000101100011111
0100000001001101011000100100010000010000101100011111
1100010100010000000000010000100010101011001100010011
0100000001001101010000100100010000010000101100011111
0100000001001101010000100100010100010000101100011111
0100000001001101010000100100010000010000101100011111
1100010100010000000000010000100000001000000010000010
