//
segsites: 56
positions: 0.006920000000000 0.015480000000000 0.026800000000000 0.036180000000000 0.038560000000000 0.041100000000000 0.044520000000000 0.063460000000000 0.084020000000000 0.086120000000000 0.094440000000000 0.143600000000000 0.151460000000000 0.161720000000000 0.175820000000000 0.239200000000000 0.259060000000000 0.259660000000000 0.287940000000000 0.315220000000000 0.319740000000000 0.328200000000000 0.359380000000000 0.386060000000000 0.414220000000000 0.424600000000000 0.489540000000000 0.496880000000000 0.499300000000000 0.500000000000000 0.500360000000000 0.505380000000000 0.529660000000000 0.534780000000000 0.550060000000000 0.581540000000000 0.621420000000000 0.643240000000000 0.726900000000000 0.733000000000000 0.741360000000000 0.779940000000000 0.783840000000000 0.789180000000000 0.807140000000000 0.814540000000000 0.828980000000000 0.843060000000000 0.874360000000000 0.895200000000000 0.905900000000000 0.937520000000000 0.953760000000000 0.981300000000000 0.996600000000000 0.998160000000000
01010000000010100001000000000010000000001001011100000010
01010001100000000110000100001000100001011000100000001000
00000101100000000100101001100100000100000010100000110001
01111000011001101000110011000000000100000000100000110001
00000000000100101000100000000001000000000000100000001000
10000101100000000100101001100100000100000010100000110001
00000101100000000100101001000000000100000000100001000100
00000101100000000100101001100100000100000010100000110001
00000010000000110000100000010000011010101100000010000000
00000101100000000100101001100100000100000010100000110001
