//
segsites: 61
positions: 0.017800000000000 0.052060000000000 0.057480000000000 0.121700000000000 0.125660000000000 0.144180000000000 0.146880000000000 0.156000000000000 0.161600000000000 0.180720000000000 0.193980000000000 0.205080000000000 0.207000000000000 0.246580000000000 0.282000000000000 0.285960000000000 0.290660000000000 0.305860000000000 0.332320000000000 0.359680000000000 0.365840000000000 0.369840000000000 0.376660000000000 0.380000000000000 0.393980000000000 0.425120000000000 0.452140000000000 0.455500000000000 0.495000000000000 0.500000000000000 0.501020000000000 0.519660000000000 0.557060000000000 0.562960000000000 0.620180000000000 0.635400000000000 0.656240000000000 0.664060000000000 0.664120000000000 0.700120000000000 0.707420000000000 0.718420000000000 0.741620000000000 0.747340000000000 0.756580000000000 0.787000000000000 0.800060000000000 0.803400000000000 0.805440000000000 0.809840000000000 0.823780000000000 0.830840000000000 0.838960000000000 0.840340000000000 0.847040000000000 0.865320000000000 0.931500000000000 0.948960000000000 0.949260000000000 0.964080000000000 0.988960000000000
0000010100001110111100001000001000010110000100000100000000001
1000101100001100010000000001000000000000101001000010000001000
0110000100001100010000000001000000101001101011000000001110110
0000000100001110111100001000011000010110000100000101100000000
0110000000100001000001110100100011010000000000010001100000000
0000000100001110111100001000011000010110000100000101100000000
0110000100001100010000000001000000101001101011001000001110110
0000000100011110111110001000001000010000010000010000000000000
0000000100001110111100001000011000010110000100000101100000000
0001100111000001000000000110000111010000000000110000010000110
