//
segsites: 47
positions: 0.013580000000000 0.059720000000000 0.062840000000000 0.075160000000000 0.095740000000000 0.105620000000000 0.130460000000000 0.135800000000000 0.143740000000000 0.146300000000000 0.148220000000000 0.154000000000000 0.160380000000000 0.167020000000000 0.204680000000000 0.212540000000000 0.230540000000000 0.287060000000000 0.319840000000000 0.356000000000000 0.359140000000000 0.373180000000000 0.389760000000000 0.418700000000000 0.426000000000000 0.448700000000000 0.500000000000000 0.534120000000000 0.586320000000000 0.591240000000000 0.643320000000000 0.677380000000000 0.694120000000000 0.702120000000000 0.712260000000000 0.720080000000000 0.786620000000000 0.808140000000000 0.812820000000000 0.823620000000000 0.823700000000000 0.872120000000000 0.881900000000000 0.909900000000000 0.933180000000000 0.945000000000000 0.950240000000000
11000001010101100001100100001011011001000110000
11000100000000001100000001000101100110100000010
11000001010101110001100100100001011001000110000
11000001010101100001100100000001011001000110000
00000100000000000010011010010001100110101001101
11000001010101110001100100100001011001000110000
00111010101010000010011010010001100110110000000
11000001010101110001100100100001011001000110000
11000001010101110001100100100001011001000110000
11000001010101110001100100100001011001000110000
