//
segsites: 19
positions: 0.025380000000000 0.075240000000000 0.076060000000000 0.095280000000000 0.141880000000000 0.370500000000000 0.395060000000000 0.431120000000000 0.449260000000000 0.474860000000000 0.486460000000000 0.500000000000000 0.593320000000000 0.644800000000000 0.722000000000000 0.867040000000000 0.932580000000000 0.953420000000000 0.997200000000000
0110001000011000000
0110001000011000000
0000100101100110000
0110001000011000000
0001100101100110000
0110001000011000000
0110001000011000000
0110001000011001000
1110011010001000111
0110001000011000000
