//
segsites: 29
positions: 0.023080000000000 0.031260000000000 0.048240000000000 0.061500000000000 0.103420000000000 0.105160000000000 0.125640000000000 0.130080000000000 0.139100000000000 0.172460000000000 0.189460000000000 0.208900000000000 0.248500000000000 0.307140000000000 0.337360000000000 0.368720000000000 0.417160000000000 0.455020000000000 0.500000000000000 0.515600000000000 0.566620000000000 0.652900000000000 0.729760000000000 0.751000000000000 0.790620000000000 0.920720000000000 0.970340000000000 0.992460000000000 0.995200000000000
11001100100011100100000011001
00101100100011100010000010110
00010011011100101001010111001
00101100100011100010000010110
00101100100011110010000010110
00010011011100100000111011001
00101100100011100010000010110
00001100100011100000000010001
00101100100011100010000010110
00101100100011100010000010110
