//
segsites: 52
positions: 0.002440000000000 0.006640000000000 0.015540000000000 0.023700000000000 0.026420000000000 0.043220000000000 0.070500000000000 0.089060000000000 0.113760000000000 0.122280000000000 0.174320000000000 0.215500000000000 0.222520000000000 0.228700000000000 0.313000000000000 0.326640000000000 0.360140000000000 0.372300000000000 0.376360000000000 0.384840000000000 0.411920000000000 0.425020000000000 0.452940000000000 0.500000000000000 0.517160000000000 0.538200000000000 0.572200000000000 0.581260000000000 0.596640000000000 0.614280000000000 0.627140000000000 0.632320000000000 0.667420000000000 0.681180000000000 0.716460000000000 0.724400000000000 0.730980000000000 0.733400000000000 0.739960000000000 0.756500000000000 0.787820000000000 0.789940000000000 0.799020000000000 0.800960000000000 0.825840000000000 0.865000000000000 0.865200000000000 0.877260000000000 0.922380000000000 0.960940000000000 0.979260000000000 0.986960000000000
0000001011100011010111000010100100010000000001010010
0110000000000000001000110101001011011101011010101100
0110000000000000001000110101001011011101011010101100
0011101011100011010111000010100100010000000001010001
0110000000000000001000110101001011011101011010101100
0110000000000000001000110101001011011101011010101100
0010000000000000001000100101001010010000000001010010
1000011101100011010111000010100011111101110110101100
0000001011111100100011001000010000000010000000000001
0110000000000000001000110101001011011101011010101100
