//
segsites: 42
positions: 0.044400000000000 0.056560000000000 0.057680000000000 0.089160000000000 0.099580000000000 0.121860000000000 0.174780000000000 0.178860000000000 0.186520000000000 0.200160000000000 0.211800000000000 0.222600000000000 0.239400000000000 0.251200000000000 0.289340000000000 0.299840000000000 0.345240000000000 0.352000000000000 0.365280000000000 0.382940000000000 0.451380000000000 0.453260000000000 0.471120000000000 0.500000000000000 0.500760000000000 0.560720000000000 0.622080000000000 0.630200000000000 0.637540000000000 0.641580000000000 0.652700000000000 0.669860000000000 0.737200000000000 0.747400000000000 0.759020000000000 0.767940000000000 0.787180000000000 0.832100000000000 0.865860000000000 0.883760000000000 0.939360000000000 0.955020000000000
001010001000001001001001000001000000000000
001010001000001001001101000001000000000000
010101010000100100000010010101001110111110
001010001000001001001001000001000000000000
001010001000001001001000000001000000000000
001010001000010010100010000011010001000000
001010101000001001001000000001000000000000
001010001000001001001001000001000000000000
001010001000001001001001000001000000000000
100000000111000000010010101000101110111011
