//
segsites: 38
positions: 0.016260000000000 0.042860000000000 0.046560000000000 0.080260000000000 0.097900000000000 0.127020000000000 0.134240000000000 0.153140000000000 0.171480000000000 0.178260000000000 0.179400000000000 0.206500000000000 0.336680000000000 0.338360000000000 0.345760000000000 0.480400000000000 0.500000000000000 0.517560000000000 0.521980000000000 0.613780000000000 0.637880000000000 0.653500000000000 0.731620000000000 0.731640000000000 0.743860000000000 0.747780000000000 0.753700000000000 0.763280000000000 0.845980000000000 0.883220000000000 0.888080000000000 0.901040000000000 0.921380000000000 0.943100000000000 0.968920000000000 0.984480000000000 0.996060000000000 0.997200000000000
11001001000010110010111111000000000000
00010110001100110101011110000001001011
00000110011100111101011110000001001011
00000110001101110010111111001010011010
00000110011100111101011110000001001011
00100000100001110010111111001010001100
00000110011100111101011110000001001011
00000110011100111101010000101010101010
00000110001101110010111111011010001100
00000110001100110101011110001110011010
