//
segsites: 36
positions: 0.010740000000000 0.015680000000000 0.023600000000000 0.038180000000000 0.043220000000000 0.081580000000000 0.123240000000000 0.127160000000000 0.147020000000000 0.173660000000000 0.238500000000000 0.247860000000000 0.255940000000000 0.270680000000000 0.325440000000000 0.327800000000000 0.333660000000000 0.352040000000000 0.355020000000000 0.390680000000000 0.408840000000000 0.410360000000000 0.434580000000000 0.475720000000000 0.498820000000000 0.500000000000000 0.501380000000000 0.535920000000000 0.729900000000000 0.735220000000000 0.841020000000000 0.883500000000000 0.909440000000000 0.914200000000000 0.925960000000000 0.961960000000000
001001100010100101000101100010111101
100110000000010001010101100101011001
100110001101010001000101110001011011
100110000101010001000101110001011011
100110000000010000000001100001011001
100110000101010001000101110001011011
100110000101010001000101110001011011
100110000110100111101111110001011011
100110000101010001000101110001011011
010000010000001001000101101000011001
