//
segsites: 45
positions: 0.012160000000000 0.028080000000000 0.045460000000000 0.045500000000000 0.064240000000000 0.108100000000000 0.131720000000000 0.144020000000000 0.148780000000000 0.152280000000000 0.169660000000000 0.177860000000000 0.194120000000000 0.195100000000000 0.210620000000000 0.257720000000000 0.259780000000000 0.267760000000000 0.276980000000000 0.299880000000000 0.310000000000000 0.322960000000000 0.375380000000000 0.460900000000000 0.471680000000000 0.497800000000000 0.498660000000000 0.500000000000000 0.550940000000000 0.559100000000000 0.567560000000000 0.569900000000000 0.594540000000000 0.613800000000000 0.622660000000000 0.684160000000000 0.693400000000000 0.709280000000000 0.712440000000000 0.716900000000000 0.766020000000000 0.793260000000000 0.933220000000000 0.965440000000000 0.978720000000000
000001000010100101001111001100100101100010001
010100000100010010010011111000000000010100000
001010000000010010010001000011011011000000011
000001000010100101001111001100100101100010001
000001000010100101001111001100100101100010001
100000111000001001100001000000000000000001100
000000000100010010010001001000001011000010001
010100000100010010010011001000000000011000001
001010000000010010010001000011011011000000011
000000000101010010010001000011011011000000000
