//
segsites: 56
positions: 0.032240000000000 0.052400000000000 0.089880000000000 0.119420000000000 0.124760000000000 0.126540000000000 0.131380000000000 0.153700000000000 0.178900000000000 0.187780000000000 0.190740000000000 0.213560000000000 0.228700000000000 0.251320000000000 0.293340000000000 0.333200000000000 0.351300000000000 0.357820000000000 0.379180000000000 0.406460000000000 0.410760000000000 0.438260000000000 0.439260000000000 0.445560000000000 0.466840000000000 0.471560000000000 0.476200000000000 0.500000000000000 0.536380000000000 0.557100000000000 0.571040000000000 0.576200000000000 0.577840000000000 0.642720000000000 0.652680000000000 0.672240000000000 0.674680000000000 0.686760000000000 0.710800000000000 0.732000000000000 0.768320000000000 0.774160000000000 0.791000000000000 0.793880000000000 0.822000000000000 0.839120000000000 0.844300000000000 0.859840000000000 0.892300000000000 0.950500000000000 0.962420000000000 0.968800000000000 0.971120000000000 0.977920000000000 0.981960000000000 0.996500000000000
01000000110000000000001100110000101000000000110010111101
00100001000100011001000010000010000100101001001010000000
01000000110000000000001100110000101000000000110010111101
01000000110000000000001100110000101000000000110010111101
00010110001010100011000001000100000010010000001001000001
00010110001011100011000001000100000010010000001001000001
01000000110000000000001100110000101000000000110010111101
00010110001000000100110010001001010001000110101101000011
10011110001010100000001100110000101000000000110010111101
00010110001010100011000001000100000010010000001001000001
