//
segsites: 47
positions: 0.010940000000000 0.013120000000000 0.051560000000000 0.089120000000000 0.099380000000000 0.110660000000000 0.138180000000000 0.141360000000000 0.146680000000000 0.156420000000000 0.182760000000000 0.197760000000000 0.227760000000000 0.247520000000000 0.269420000000000 0.287980000000000 0.290040000000000 0.321260000000000 0.321540000000000 0.366720000000000 0.458580000000000 0.467560000000000 0.468360000000000 0.500000000000000 0.506940000000000 0.531220000000000 0.575000000000000 0.577080000000000 0.585920000000000 0.603480000000000 0.620380000000000 0.626880000000000 0.681340000000000 0.693800000000000 0.708920000000000 0.716780000000000 0.722680000000000 0.755720000000000 0.767980000000000 0.796280000000000 0.796720000000000 0.808700000000000 0.812620000000000 0.828680000000000 0.918120000000000 0.929240000000000 0.996220000000000
00010000100001010100000010110101000000000000011
11000000001110101100000000000101011110010111000
00000100011000100011011001001101100001100000011
00000000011000100011010101000111100000101000010
00001000011000100011010101000111100000101000010
11000000001110101100000000000101011110010111000
00000000011000100011010101000111100000101000110
00000000011000100011010101000111100000101000010
00000000011000100011011001001101100000100000011
00100011000110101100100000000101011110010111000
