//
segsites: 23
positions: 0.046860000000000 0.082900000000000 0.208720000000000 0.246580000000000 0.280460000000000 0.291860000000000 0.311620000000000 0.421300000000000 0.430260000000000 0.485000000000000 0.489120000000000 0.500000000000000 0.568540000000000 0.582980000000000 0.611400000000000 0.643720000000000 0.653220000000000 0.693500000000000 0.737480000000000 0.813700000000000 0.846580000000000 0.856420000000000 0.949660000000000
11110100101100010110111
11110100101100010110111
11110100101100010110111
11110100101100010110111
11110100101100010110111
11110100101100010110111
11100101101000111110000
11001010111010000000000
10001010111001000000010
11110100101100010111111
