//
segsites: 38
positions: 0.015760000000000 0.029260000000000 0.050840000000000 0.149760000000000 0.259060000000000 0.260520000000000 0.286020000000000 0.291400000000000 0.308220000000000 0.322160000000000 0.325780000000000 0.342820000000000 0.425520000000000 0.436880000000000 0.472700000000000 0.475940000000000 0.483040000000000 0.498780000000000 0.500000000000000 0.501220000000000 0.564840000000000 0.599820000000000 0.628020000000000 0.631740000000000 0.656540000000000 0.704860000000000 0.716540000000000 0.719180000000000 0.754180000000000 0.775940000000000 0.781800000000000 0.807460000000000 0.847400000000000 0.860600000000000 0.875240000000000 0.966460000000000 0.969800000000000 0.970200000000000
11000010011000010001101101011001100101
00111100010000001110000011100010110000
00111100010000001110000011100010110000
00011101100001000001111000011001100101
00111100010000001110000011100010110000
00111100010100001110000011100010110000
00111100010000101110000011100110110000
00111100010010001100000011100010111010
00111100010000001110000011100010110000
00111100010000001110000011100010110000
