//
segsites: 29
positions: 0.058120000000000 0.133520000000000 0.202140000000000 0.203560000000000 0.306620000000000 0.326560000000000 0.351380000000000 0.402520000000000 0.413760000000000 0.443980000000000 0.463840000000000 0.470520000000000 0.499980000000000 0.500000000000000 0.515220000000000 0.515800000000000 0.517000000000000 0.538100000000000 0.586360000000000 0.591760000000000 0.603180000000000 0.712840000000000 0.857720000000000 0.922780000000000 0.924120000000000 0.927200000000000 0.990260000000000 0.992240000000000 0.993260000000000
10100101000111001100001000100
00100101000000000111000011011
10100101000111001100001000100
10100101000111001100001000100
10100101000111011100001000100
10100101000110001100001000100
01000010010000000010000011011
01011100101000100100110111011
10100101000111001100001000100
10100101000111001100001000100
