//
segsites: 33
positions: 0.139500000000000 0.178640000000000 0.180240000000000 0.219080000000000 0.227900000000000 0.229180000000000 0.268240000000000 0.315080000000000 0.355680000000000 0.362840000000000 0.377960000000000 0.423080000000000 0.424840000000000 0.429380000000000 0.439600000000000 0.479920000000000 0.500000000000000 0.558500000000000 0.579960000000000 0.593940000000000 0.651060000000000 0.723140000000000 0.756560000000000 0.765880000000000 0.771140000000000 0.772640000000000 0.776900000000000 0.779280000000000 0.841340000000000 0.888480000000000 0.971340000000000 0.972760000000000 0.986980000000000
110000110000000111011101010010010
110000110000000101100010100010000
110000110000000111011101010010010
001100011001000101001101010010010
000001010110111001000001000111101
110000110000000111011101011010010
110000110000000111011101010010010
000011010100111001000001000111101
000001010100111001000001000111101
110000110000000111011101010010010
