//
segsites: 47
positions: 0.031540000000000 0.054040000000000 0.054540000000000 0.056160000000000 0.059100000000000 0.077940000000000 0.082640000000000 0.105280000000000 0.131840000000000 0.177140000000000 0.215560000000000 0.253120000000000 0.264580000000000 0.267160000000000 0.282260000000000 0.296760000000000 0.317480000000000 0.332420000000000 0.348260000000000 0.401580000000000 0.401960000000000 0.421020000000000 0.490640000000000 0.499020000000000 0.499880000000000 0.500000000000000 0.505300000000000 0.505620000000000 0.549960000000000 0.560760000000000 0.622400000000000 0.627660000000000 0.672940000000000 0.680900000000000 0.681940000000000 0.684280000000000 0.707400000000000 0.763920000000000 0.768300000000000 0.820220000000000 0.850860000000000 0.902560000000000 0.921980000000000 0.926820000000000 0.942020000000000 0.967240000000000 0.981400000000000
01100101011001111101100000101010110001100110001
10011010100001011101100000011010100001100100100
10011010100001011101100000001011100001100111011
00100101011110011101100001101110100001100110001
00100101011110000010011110000000001110111000000
00100101011110000010011110000000001110111000000
00100101011110011101100001101110100001100110001
00100101011110011101100001101110100001100110001
00100101011110011101100001101110100001100110001
00100101011110011101100001101110100001100110001
