//
segsites: 35
positions: 0.010820000000000 0.029340000000000 0.051020000000000 0.089780000000000 0.097740000000000 0.124940000000000 0.140860000000000 0.162360000000000 0.182880000000000 0.218740000000000 0.281360000000000 0.300180000000000 0.302620000000000 0.303680000000000 0.334140000000000 0.426760000000000 0.430240000000000 0.440840000000000 0.481180000000000 0.481780000000000 0.499060000000000 0.500000000000000 0.507500000000000 0.550800000000000 0.623880000000000 0.630880000000000 0.675160000000000 0.685880000000000 0.723180000000000 0.731660000000000 0.745340000000000 0.791060000000000 0.815680000000000 0.876820000000000 0.981560000000000
00000100001011000000010010001000001
00000100001011000000010010001000001
11101000000100101000001001111000001
11000100001011000000010010001000001
00000100001011000000010010001000001
00010000001011000000010010001000001
11001100001011000000010010001010001
00001011110010010111100100000101111
11101000001011000000000000001000111
00000100001011000000010010001000001
