//
segsites: 46
positions: 0.012180000000000 0.022660000000000 0.029400000000000 0.093880000000000 0.107120000000000 0.108200000000000 0.151080000000000 0.151880000000000 0.160900000000000 0.163580000000000 0.181180000000000 0.236320000000000 0.282660000000000 0.397940000000000 0.405140000000000 0.412780000000000 0.477700000000000 0.481520000000000 0.500000000000000 0.522380000000000 0.558760000000000 0.563240000000000 0.576360000000000 0.578940000000000 0.590160000000000 0.702940000000000 0.714680000000000 0.732300000000000 0.770140000000000 0.772320000000000 0.785520000000000 0.792580000000000 0.805480000000000 0.814440000000000 0.826280000000000 0.830660000000000 0.881760000000000 0.886100000000000 0.889920000000000 0.914540000000000 0.923500000000000 0.923560000000000 0.959320000000000 0.974060000000000 0.976800000000000 0.994120000000000
0100000101010110001000001010100111000100000010
0100000101010110001000001010110111000100000010
0100000101010110100101110010100111000100000010
1010111010100110110001110000000000000001010001
0100000101010110001000001010100111000100000010
1010111010100001000000000000100000001000100000
0100000101010110001000001010100111000100000010
0100000101010110001000001010100111000100000010
0011101010100000100010000001100000001010100100
1010111010101001000000000100001000110000001000
