//
segsites: 52
positions: 0.006200000000000 0.008380000000000 0.015180000000000 0.026380000000000 0.049560000000000 0.058520000000000 0.058740000000000 0.065780000000000 0.102060000000000 0.114020000000000 0.120120000000000 0.146300000000000 0.158940000000000 0.181240000000000 0.200600000000000 0.203200000000000 0.221980000000000 0.224300000000000 0.226760000000000 0.233400000000000 0.240540000000000 0.361740000000000 0.375540000000000 0.381300000000000 0.392140000000000 0.402380000000000 0.405740000000000 0.425800000000000 0.461400000000000 0.500000000000000 0.506600000000000 0.516700000000000 0.517500000000000 0.525080000000000 0.542600000000000 0.595360000000000 0.612220000000000 0.654840000000000 0.711760000000000 0.723720000000000 0.731720000000000 0.768780000000000 0.772260000000000 0.792940000000000 0.812380000000000 0.842100000000000 0.848280000000000 0.917700000000000 0.949160000000000 0.971220000000000 0.979680000000000 0.996040000000000
0100010010101111001010010101011100000100000000011001
0100001101000000100001100010100001101011000011101011
0111000101000000100000000010000100010000011001111001
1000110010110000110100001010100001100011000101100100
0101000101000000100000000010000110000000011001100000
0100001101000000100001100010100001100100000000011001
0100000101000000100001100010100001101011000001101001
1000010010110000110100001011001100101011100001101001
0100010010101111001010010101011100000100000000011001
0000010010100111001010010101000001100000000000011001
