//
segsites: 67
positions: 0.012980000000000 0.043380000000000 0.052940000000000 0.059560000000000 0.078760000000000 0.093780000000000 0.098280000000000 0.126480000000000 0.127860000000000 0.132160000000000 0.143160000000000 0.157240000000000 0.179040000000000 0.183960000000000 0.203580000000000 0.251100000000000 0.292020000000000 0.304480000000000 0.325120000000000 0.346680000000000 0.364680000000000 0.366280000000000 0.378100000000000 0.384920000000000 0.396180000000000 0.420920000000000 0.439080000000000 0.454280000000000 0.454600000000000 0.456920000000000 0.499740000000000 0.500000000000000 0.504280000000000 0.508200000000000 0.525400000000000 0.558260000000000 0.567540000000000 0.567720000000000 0.573520000000000 0.579560000000000 0.600280000000000 0.609720000000000 0.698540000000000 0.709840000000000 0.734800000000000 0.753680000000000 0.759360000000000 0.777180000000000 0.795680000000000 0.828180000000000 0.842600000000000 0.851940000000000 0.878500000000000 0.884040000000000 0.892660000000000 0.896400000000000 0.897060000000000 0.900660000000000 0.901680000000000 0.908400000000000 0.925320000000000 0.938160000000000 0.945800000000000 0.962020000000000 0.962260000000000 0.979680000000000 0.999720000000000
1100000010110101000000000000001101111010010000010000000000110000011
0100000000000000010001010001110000000100100010000000001000000001000
1100000010110101000000000000001101011010010000010000000000110000011
1100000010110101000000000000001101011010010000010000000000110000011
1100000010110000100110000010000000000100101000000000010000001100100
0010100011101000001000101000000000000100100110110111100001001100100
0001011110100000101010000010000000000100101000001010100001001100100
0010100011101000000000010100110010000101100010000010000010000000000
1100000010110101000000000000000000000100100011001010100100000011000
1100000010110111000000000000001101011010010000010000000000110000011
