//
segsites: 54
positions: 0.014740000000000 0.029860000000000 0.045940000000000 0.074740000000000 0.079200000000000 0.084400000000000 0.091640000000000 0.112080000000000 0.120420000000000 0.137660000000000 0.139300000000000 0.140940000000000 0.179360000000000 0.224840000000000 0.241760000000000 0.271580000000000 0.314400000000000 0.325420000000000 0.332620000000000 0.335380000000000 0.339960000000000 0.344580000000000 0.366840000000000 0.427660000000000 0.437760000000000 0.440280000000000 0.450380000000000 0.455140000000000 0.462420000000000 0.469180000000000 0.500000000000000 0.532560000000000 0.547400000000000 0.586220000000000 0.590840000000000 0.604000000000000 0.623860000000000 0.644020000000000 0.645900000000000 0.670600000000000 0.699680000000000 0.727460000000000 0.739600000000000 0.767620000000000 0.784880000000000 0.794960000000000 0.802680000000000 0.812320000000000 0.855360000000000 0.863440000000000 0.866420000000000 0.871120000000000 0.916640000000000 0.997560000000000
100010011100000100001010000100100000000001010111100111
000100100010000100001010000100100000000001010111101000
111000010100000100000010000100000000010011010111101000
000101100010100011100101000100000000000001010111101000
000000000001010000000001001011011010101100101000010100
100010011100000100001010000100100000000001010111101000
100010011100000100001010000100100000000001010111101000
000000000001000000000001001011011000101100101000010100
000000000001000000000001001011011001101100101000010100
000000000000001000010001110011011100000010101000010100
