//
segsites: 39
positions: 0.016080000000000 0.113620000000000 0.170820000000000 0.190000000000000 0.201680000000000 0.228860000000000 0.273520000000000 0.295360000000000 0.341340000000000 0.358960000000000 0.375680000000000 0.376120000000000 0.382660000000000 0.408960000000000 0.418360000000000 0.421180000000000 0.443920000000000 0.452060000000000 0.464900000000000 0.500000000000000 0.507000000000000 0.517320000000000 0.538680000000000 0.559560000000000 0.573200000000000 0.632800000000000 0.642040000000000 0.645860000000000 0.687420000000000 0.694240000000000 0.728040000000000 0.741300000000000 0.741620000000000 0.750360000000000 0.771720000000000 0.795420000000000 0.863380000000000 0.920860000000000 0.985480000000000
110000000001110000010000010011100000001
000010100000000000100000101101001001000
110101011000001100000000010011100100001
110000001010000000000000000011100000100
110000000001110000010000010011100000001
110000000001110000010000010011100000001
110000001101110000001011000011100000001
110000000001110000010000010011100000001
110000000001110000010000010011100000001
111000000001110011000100000000010010010
