//
segsites: 58
positions: 0.008500000000000 0.040440000000000 0.059140000000000 0.083080000000000 0.087060000000000 0.092220000000000 0.105500000000000 0.153040000000000 0.201780000000000 0.238620000000000 0.335600000000000 0.362600000000000 0.380600000000000 0.391620000000000 0.407540000000000 0.407560000000000 0.413660000000000 0.417200000000000 0.463580000000000 0.464060000000000 0.477260000000000 0.481520000000000 0.500000000000000 0.500760000000000 0.512200000000000 0.523280000000000 0.534740000000000 0.566100000000000 0.587160000000000 0.588180000000000 0.591300000000000 0.606880000000000 0.608960000000000 0.631820000000000 0.641620000000000 0.691580000000000 0.730520000000000 0.748180000000000 0.754600000000000 0.757120000000000 0.758960000000000 0.778980000000000 0.803700000000000 0.805680000000000 0.805800000000000 0.840040000000000 0.869040000000000 0.881040000000000 0.892340000000000 0.922080000000000 0.925600000000000 0.926540000000000 0.944460000000000 0.974600000000000 0.974980000000000 0.987940000000000 0.991880000000000 0.996000000000000
0000100010110000101000010011000000100001010110000100101000
0000110010100001100011000000110011000000100000010011010110
0001000010110000100000000011000000101110000110100000001000
0000110010100001100011000100110010000000100000010011010110
0000110010100001100011000000110010000000100000010011010110
0000101010100110110000001000011000010000000000000000001001
1001000101001000100100101000010100000000100000010011010110
0110000101001000100100101000010100000000100001010011010110
0110000101001000100100001000010100001110001110000000001000
0110000101001000100100101000010100000000100000011011010110
