//
segsites: 43
positions: 0.038040000000000 0.061180000000000 0.074980000000000 0.128040000000000 0.130020000000000 0.179280000000000 0.200480000000000 0.267000000000000 0.275220000000000 0.295360000000000 0.307180000000000 0.308440000000000 0.308760000000000 0.330140000000000 0.333340000000000 0.347240000000000 0.425520000000000 0.430500000000000 0.434220000000000 0.462500000000000 0.467400000000000 0.498680000000000 0.500000000000000 0.508220000000000 0.524100000000000 0.528420000000000 0.590580000000000 0.599600000000000 0.673040000000000 0.700520000000000 0.716080000000000 0.774140000000000 0.778480000000000 0.822420000000000 0.826780000000000 0.834780000000000 0.835620000000000 0.894660000000000 0.895060000000000 0.898340000000000 0.923580000000000 0.940280000000000 0.985320000000000
0110001000001010010100110011000101100001011
0110001000001010010100110011000101100001011
0110001000001010010100110011000101100001011
0110001000001010010100110011000101100001011
0000100101000000001000000100010000000100100
0011011010100100110101001001000001111011011
0110001000001010010110110011000101100001011
1011001010100101110101001001001011100001011
0110001000001010010100110011100101100001011
0000000100010000010100010011000001100001011
