//
segsites: 40
positions: 0.001440000000000 0.031920000000000 0.034460000000000 0.060000000000000 0.097080000000000 0.101740000000000 0.115700000000000 0.135540000000000 0.195100000000000 0.228040000000000 0.239100000000000 0.247280000000000 0.266680000000000 0.274020000000000 0.345260000000000 0.435020000000000 0.444980000000000 0.488700000000000 0.500000000000000 0.567080000000000 0.590440000000000 0.712700000000000 0.724580000000000 0.770360000000000 0.787460000000000 0.787860000000000 0.793700000000000 0.803300000000000 0.823780000000000 0.846540000000000 0.851820000000000 0.892160000000000 0.900000000000000 0.901620000000000 0.912700000000000 0.914960000000000 0.922320000000000 0.933760000000000 0.961240000000000 0.987780000000000
0011100000111000001000000000100101000001
0001100000111000001000000000100101000001
0000011101000000110110100010101010000110
0001100000111000001000000000100101000001
1001100000000111000000011000010000101110
0001100000111000001000000000100101000001
0001100000111000001000000000100101000001
0001100010010000000001000001100000111110
0001100000111000001000000000100101000001
0100100000000111000000011100010000101110
