//
segsites: 32
positions: 0.012280000000000 0.030460000000000 0.040520000000000 0.049940000000000 0.053240000000000 0.053420000000000 0.061680000000000 0.062400000000000 0.091140000000000 0.141060000000000 0.144240000000000 0.163880000000000 0.283440000000000 0.319820000000000 0.326220000000000 0.388700000000000 0.408020000000000 0.411860000000000 0.413700000000000 0.457340000000000 0.484040000000000 0.500000000000000 0.504820000000000 0.546600000000000 0.550380000000000 0.727860000000000 0.744300000000000 0.819380000000000 0.845900000000000 0.927000000000000 0.940200000000000 0.988200000000000
11000010001001000001100101110000
00011000110111111000001110101111
00110101100111111000010110001111
00110101100111111000010110001100
11000010001011111000010110001111
00110101100111111010010110001111
00110101100111111000010110001111
00110101100111111000010110001111
00110101100111111000010110001111
00110101100111111100010110001111
