//
segsites: 67
positions: 0.040940000000000 0.080320000000000 0.099100000000000 0.125980000000000 0.170000000000000 0.184500000000000 0.214220000000000 0.222560000000000 0.254680000000000 0.275300000000000 0.277360000000000 0.287160000000000 0.305780000000000 0.308600000000000 0.344960000000000 0.346540000000000 0.392940000000000 0.429040000000000 0.451720000000000 0.453860000000000 0.493740000000000 0.500000000000000 0.530120000000000 0.538040000000000 0.539280000000000 0.547860000000000 0.551940000000000 0.574520000000000 0.588400000000000 0.590880000000000 0.614180000000000 0.618740000000000 0.653120000000000 0.661600000000000 0.671060000000000 0.671580000000000 0.678660000000000 0.710600000000000 0.719020000000000 0.732800000000000 0.734900000000000 0.746080000000000 0.763680000000000 0.772500000000000 0.784060000000000 0.793700000000000 0.832280000000000 0.832520000000000 0.848520000000000 0.851120000000000 0.853520000000000 0.865660000000000 0.871800000000000 0.879400000000000 0.894000000000000 0.903380000000000 0.909360000000000 0.933940000000000 0.943480000000000 0.946080000000000 0.946740000000000 0.954960000000000 0.956140000000000 0.962400000000000 0.964060000000000 0.996140000000000 0.997580000000000
1001110100010010000000110000111000000000000000000101101000100011010
0100000001100001011000011000101010001100011011010101000011000000000
0000000010000001011001011000101010001100111011010101000011000000000
0000000010000001011001011000101010001100111011010101000011000000000
0000000010000001011001011000101010001100111011010101000011000000000
0010001000010110000000010001000011110110000101101010010000000100101
0000000010000001011001011000101010001100111011010101000011000000000
0000000001101000100000000011000110000101000000000101000110010000000
0000000010000001011001011000101010001100111011010101000011000000000
0000000000000000000110000111000010000110000000000101000011001000000
