//
segsites: 52
positions: 0.013220000000000 0.037200000000000 0.068180000000000 0.069740000000000 0.075240000000000 0.123840000000000 0.123960000000000 0.186140000000000 0.205860000000000 0.212620000000000 0.213660000000000 0.229200000000000 0.255660000000000 0.261700000000000 0.263440000000000 0.267320000000000 0.281780000000000 0.284720000000000 0.298860000000000 0.333780000000000 0.354200000000000 0.358680000000000 0.378300000000000 0.395300000000000 0.446300000000000 0.447260000000000 0.483420000000000 0.492160000000000 0.500000000000000 0.501800000000000 0.558540000000000 0.562520000000000 0.598480000000000 0.602000000000000 0.617940000000000 0.661440000000000 0.677280000000000 0.700120000000000 0.723620000000000 0.747640000000000 0.755160000000000 0.786340000000000 0.786600000000000 0.812220000000000 0.835780000000000 0.898460000000000 0.928880000000000 0.937040000000000 0.963800000000000 0.970860000000000 0.976060000000000 0.976760000000000
0011101000100000000000010001000000000000001010001000
1001010100010000110100101110001110100011000000010110
1001000001000101001011000000001111110011100000010110
0100000010001010110011000000011111100011000001001000
0011101000100000000000010001000000000000001010001000
0100000000001010110011000000001110100111000001101000
1001010100010000110100101110001110100011000100000001
1001010100010000110100101110101110101011010000000110
1001010100010000110100101110101110101011010000000110
1001010000010000110011000000001110100011000001001000
