//
segsites: 33
positions: 0.032160000000000 0.060020000000000 0.060040000000000 0.066380000000000 0.078980000000000 0.104800000000000 0.159480000000000 0.166920000000000 0.287860000000000 0.292640000000000 0.315000000000000 0.372120000000000 0.396860000000000 0.475560000000000 0.488660000000000 0.488980000000000 0.500000000000000 0.503400000000000 0.624880000000000 0.627120000000000 0.690440000000000 0.706340000000000 0.720800000000000 0.721200000000000 0.783080000000000 0.889500000000000 0.893620000000000 0.925860000000000 0.926120000000000 0.928500000000000 0.931240000000000 0.955900000000000 0.956060000000000
000000001111100110101110101001010
001000011101100101101110111100101
010001001101100100101110101001010
000000001111100110101110101011010
000000001111100110101110101001010
000010000100011000101110101001010
100100101101100100101111111100101
000000001111100110101110101001010
100100101101100100111110101001010
000000001111100110101110101001010
