//
segsites: 45
positions: 0.028700000000000 0.033780000000000 0.040600000000000 0.047540000000000 0.052080000000000 0.124580000000000 0.134800000000000 0.150080000000000 0.161180000000000 0.173700000000000 0.189040000000000 0.222020000000000 0.252300000000000 0.319160000000000 0.388160000000000 0.393680000000000 0.442220000000000 0.455700000000000 0.500000000000000 0.507260000000000 0.507580000000000 0.555720000000000 0.556280000000000 0.663440000000000 0.689200000000000 0.701320000000000 0.716600000000000 0.718340000000000 0.719820000000000 0.723000000000000 0.772440000000000 0.790980000000000 0.793700000000000 0.797880000000000 0.799740000000000 0.808220000000000 0.811140000000000 0.872680000000000 0.906940000000000 0.911780000000000 0.915000000000000 0.934180000000000 0.949820000000000 0.966360000000000 0.995600000000000
110111101000110010010001011001111010000000000
110111101011110000110001011001111010000000000
110111101011110000110001011001111011011000000
110111101000110000010001011011111010000000000
110111101011110000010101011000111010000101000
110111101011110000110000100000101000000000000
110111101011110000110001011001111011000000000
110111101011110000110001011001111011000000000
001000010100000101001010100000101000000000000
110111101011111000010000000100000100100010111
