//
segsites: 46
positions: 0.017700000000000 0.097100000000000 0.108880000000000 0.119000000000000 0.126600000000000 0.136800000000000 0.182300000000000 0.204820000000000 0.236680000000000 0.238760000000000 0.284100000000000 0.303580000000000 0.364460000000000 0.368820000000000 0.381260000000000 0.420160000000000 0.459540000000000 0.472920000000000 0.484780000000000 0.500000000000000 0.504740000000000 0.523160000000000 0.532300000000000 0.534540000000000 0.534860000000000 0.598460000000000 0.616000000000000 0.623960000000000 0.651260000000000 0.673900000000000 0.684140000000000 0.724140000000000 0.732640000000000 0.746060000000000 0.828180000000000 0.834180000000000 0.855920000000000 0.883520000000000 0.885720000000000 0.917900000000000 0.923140000000000 0.962880000000000 0.967180000000000 0.970640000000000 0.972000000000000 0.985220000000000
0010010100010010011001101000000101000001000100
1001000010000010000001010000110110100110000000
0010010100001001111001001101000000000001000110
1000000000000010000001001101000000011000100000
0100100001101101111001001101000000010000100000
1000000000000010000101001101000000011000100000
1000000000000010000101001101000000011000100000
0010000000000010000001010000110110100010010001
0010010100001001111011101000001101000001000100
0010011100010010011001101010000100000001001110
