//
segsites: 54
positions: 0.000660000000000 0.019940000000000 0.063800000000000 0.083220000000000 0.124720000000000 0.128620000000000 0.138740000000000 0.140600000000000 0.176340000000000 0.205000000000000 0.222620000000000 0.251180000000000 0.254140000000000 0.259080000000000 0.277340000000000 0.285500000000000 0.343580000000000 0.348640000000000 0.352740000000000 0.359220000000000 0.363260000000000 0.409740000000000 0.425700000000000 0.445780000000000 0.449000000000000 0.461440000000000 0.466320000000000 0.487680000000000 0.488520000000000 0.499220000000000 0.500000000000000 0.550960000000000 0.553400000000000 0.565700000000000 0.574540000000000 0.601500000000000 0.639580000000000 0.660060000000000 0.691740000000000 0.724060000000000 0.743580000000000 0.744300000000000 0.747080000000000 0.758160000000000 0.789260000000000 0.806080000000000 0.822420000000000 0.822660000000000 0.856240000000000 0.858880000000000 0.908880000000000 0.924940000000000 0.964840000000000 0.997300000000000
001001010000100010000000000100000000001000000100000100
001001010010111000000000000000010010011001010010010101
101001110000101000000000000000010010011001010010010100
001001010000100010000000000100000000101000000100000100
000010010101000000011101100001000100001000000001001100
010100000000000100000000010110010001001110001000100100
001001011000101001110010001000001000001100000100000100
010100000000000100011101100001000100001000000001001110
000010010101000000011000000000110000001100000100000110
001001010000100010000000000100000000001000100100010101
