//
segsites: 51
positions: 0.007480000000000 0.011560000000000 0.023500000000000 0.029300000000000 0.045700000000000 0.055060000000000 0.066220000000000 0.066300000000000 0.096720000000000 0.099740000000000 0.111800000000000 0.126680000000000 0.171360000000000 0.194960000000000 0.255160000000000 0.313460000000000 0.318940000000000 0.333640000000000 0.345860000000000 0.376820000000000 0.393600000000000 0.396740000000000 0.432660000000000 0.440200000000000 0.455460000000000 0.458120000000000 0.470280000000000 0.500000000000000 0.532540000000000 0.544160000000000 0.557000000000000 0.560480000000000 0.596300000000000 0.612380000000000 0.623240000000000 0.627980000000000 0.638540000000000 0.658520000000000 0.707760000000000 0.760820000000000 0.799860000000000 0.821640000000000 0.831840000000000 0.843780000000000 0.846060000000000 0.880720000000000 0.903760000000000 0.905600000000000 0.913300000000000 0.958560000000000 0.990680000000000
100011000111000010101000100101011110100000000100000
010000011000110011000100100001110110100011100000100
100001000111000010101000100001010110100011100000100
100001100111000010101000100001010110100000010101000
010000011000110010101000101001110110100000000100000
100011000111000111000001110010000000001111101000100
100011000111000010101000100101011110100000000100000
100111000111000010101000100101011110100000000100000
100001000111000010101010100001010110110000000000001
101001000111001010111000100001010111100000000110010
