//
segsites: 51
positions: 0.020540000000000 0.036340000000000 0.038360000000000 0.046460000000000 0.064240000000000 0.078620000000000 0.080640000000000 0.127240000000000 0.131620000000000 0.155940000000000 0.182460000000000 0.191500000000000 0.199560000000000 0.249260000000000 0.269060000000000 0.278640000000000 0.334140000000000 0.339500000000000 0.353980000000000 0.363220000000000 0.367680000000000 0.367940000000000 0.368880000000000 0.420320000000000 0.442880000000000 0.463600000000000 0.466140000000000 0.486100000000000 0.498880000000000 0.500000000000000 0.502080000000000 0.533280000000000 0.542020000000000 0.610340000000000 0.626180000000000 0.698700000000000 0.731680000000000 0.774800000000000 0.775860000000000 0.819260000000000 0.848540000000000 0.865280000000000 0.879580000000000 0.910700000000000 0.925720000000000 0.925840000000000 0.941180000000000 0.954120000000000 0.961860000000000 0.965820000000000 0.993560000000000
000001001010001000000100010010100110100000011000001
000001001010001000000100110010100001100110100001100
000001001010001000000100010011100100100000011000001
110110110001110000110000010010100000101001000010000
000001001010001000000100010011100100100000011000001
000001001010001000000100010011100100100000011000001
000001001010001001000010011110100000110000000100010
001001001010001000000100010011100100100000011000001
000001001100100110001001010010111000101001000000000
000001001010001000000100010011100100100000011000001
