//
segsites: 57
positions: 0.092120000000000 0.146020000000000 0.177180000000000 0.218820000000000 0.250940000000000 0.273680000000000 0.288560000000000 0.289640000000000 0.296680000000000 0.296680000000000 0.299120000000000 0.322280000000000 0.342900000000000 0.387360000000000 0.401200000000000 0.476320000000000 0.477140000000000 0.477720000000000 0.496320000000000 0.498280000000000 0.500000000000000 0.513640000000000 0.539180000000000 0.572480000000000 0.574380000000000 0.586820000000000 0.597380000000000 0.603800000000000 0.603880000000000 0.613300000000000 0.614780000000000 0.618800000000000 0.637640000000000 0.638460000000000 0.645960000000000 0.648700000000000 0.650040000000000 0.652500000000000 0.663320000000000 0.671560000000000 0.696840000000000 0.708380000000000 0.725600000000000 0.731300000000000 0.761860000000000 0.775900000000000 0.800000000000000 0.819380000000000 0.826800000000000 0.851080000000000 0.854780000000000 0.871120000000000 0.905600000000000 0.908380000000000 0.933000000000000 0.960780000000000 0.966120000000000
111100001010000010001010100001000100000100000001010000011
000000010100000100110000000110000100000001010000001001011
000000010100000100110000000110001100001001010000001001011
111100001010000010001010100001000100000100000001010000011
000010000101001001000101011000010001000000000101010000100
111100001010000010001010100001000100000100000001010000011
011100001010000000000001010000010010010010001000110110000
111101001010000010001010100001000100000100000001010000011
111100100000110000000000000000100000100000100010000010000
000000010100000100110000000110001100001001010000001001011
