//
segsites: 53
positions: 0.004260000000000 0.011800000000000 0.012860000000000 0.026040000000000 0.043580000000000 0.091180000000000 0.117960000000000 0.134920000000000 0.164540000000000 0.182860000000000 0.204920000000000 0.223940000000000 0.228100000000000 0.235840000000000 0.243060000000000 0.243140000000000 0.244880000000000 0.249880000000000 0.265000000000000 0.269000000000000 0.273500000000000 0.291560000000000 0.292840000000000 0.347140000000000 0.363500000000000 0.389300000000000 0.500000000000000 0.529240000000000 0.531460000000000 0.541180000000000 0.557260000000000 0.577380000000000 0.617460000000000 0.646400000000000 0.652680000000000 0.657900000000000 0.665820000000000 0.667100000000000 0.678740000000000 0.705880000000000 0.722040000000000 0.724940000000000 0.727180000000000 0.738680000000000 0.765700000000000 0.782160000000000 0.833880000000000 0.865100000000000 0.916680000000000 0.917680000000000 0.947000000000000 0.995880000000000 0.997840000000000
11001010001001100001001100010000100010000001000101000
00001010001001100000001100010000111000001000000101000
00110000010100010000100000001000100000001010110101000
10001010001001100000001000010000101000001000000101000
00001010001001000000001000000100000001010000000000000
00001110110000001110000011000010000100100100001100111
00001011001010001110000001100001000100100100001100011
00001010001001100000001100010000101000001000000101000
00001011001010001110000001100001000100100100001100011
00001110110000001110010001000000000100100100000111000
