//
segsites: 45
positions: 0.021520000000000 0.085420000000000 0.095480000000000 0.150440000000000 0.151540000000000 0.180740000000000 0.197000000000000 0.201300000000000 0.219360000000000 0.226260000000000 0.249320000000000 0.385200000000000 0.392940000000000 0.405860000000000 0.450340000000000 0.460340000000000 0.462100000000000 0.462560000000000 0.466160000000000 0.500000000000000 0.601280000000000 0.615700000000000 0.621440000000000 0.653080000000000 0.657880000000000 0.664480000000000 0.665380000000000 0.671760000000000 0.683220000000000 0.700780000000000 0.700820000000000 0.736360000000000 0.756280000000000 0.761540000000000 0.816100000000000 0.816480000000000 0.821600000000000 0.844480000000000 0.897880000000000 0.909960000000000 0.912820000000000 0.921620000000000 0.953400000000000 0.963840000000000 0.973640000000000
001011000100100101001110000010011000001000100
110000111001010000110010010000000110000000001
110000111001010000110010010000000110000000001
110000111001010100000111101001000001010111001
110000111001010000110010010000000110000000001
110000111001010000110010010000000110000000001
001111000100100100000110000110101000100000010
001011000010011010100010010000000110000000001
110000111001010000110010010000000110000000001
110000111001010000110010010000000110000000001
