//
segsites: 33
positions: 0.049860000000000 0.050060000000000 0.056880000000000 0.059840000000000 0.096920000000000 0.113700000000000 0.114640000000000 0.160600000000000 0.202960000000000 0.218800000000000 0.224460000000000 0.224500000000000 0.228400000000000 0.243320000000000 0.253840000000000 0.273880000000000 0.302520000000000 0.319120000000000 0.326340000000000 0.326420000000000 0.415540000000000 0.500000000000000 0.516620000000000 0.527160000000000 0.533520000000000 0.578960000000000 0.581640000000000 0.612460000000000 0.689020000000000 0.713840000000000 0.770540000000000 0.858280000000000 0.915540000000000
000010100111000010101011100100111
111100011000000100010001000100010
111100011000000100010001000100010
110100010000110110101011100100111
000000100111000010101011100110111
110100011000000100010011100100111
000000100111000010101011101100111
000001100111001010101011110100111
111100011000000101010001000101010
000000100111000010101111100100111
