//
segsites: 48
positions: 0.009280000000000 0.039080000000000 0.044640000000000 0.061560000000000 0.100460000000000 0.102340000000000 0.113180000000000 0.113960000000000 0.127460000000000 0.142340000000000 0.144920000000000 0.151280000000000 0.177540000000000 0.186380000000000 0.198500000000000 0.213800000000000 0.232900000000000 0.235360000000000 0.310020000000000 0.347800000000000 0.384700000000000 0.408860000000000 0.422360000000000 0.460320000000000 0.476880000000000 0.482340000000000 0.485660000000000 0.500000000000000 0.506380000000000 0.507840000000000 0.581320000000000 0.583800000000000 0.645460000000000 0.667680000000000 0.690380000000000 0.699320000000000 0.762940000000000 0.766640000000000 0.778140000000000 0.800600000000000 0.804840000000000 0.867400000000000 0.893160000000000 0.912820000000000 0.960160000000000 0.960800000000000 0.996400000000000 0.996960000000000
101101101010100010000110000000010011100100010100
101101101010100010000110000000010011100100010100
101101101010100010000110000100010011100100010100
001000110110100010001110000000010100000011101011
000000000001001100000010000000110010000011101010
000000100010001000000011000011000100011011000100
000001101010110010000110011000010011100100010100
101101101010100010000110000100010011100100010100
010000110110100001000000100000111010011011000100
000010100010100000110011000011000100011011101011
