//
segsites: 50
positions: 0.025620000000000 0.056700000000000 0.079920000000000 0.086120000000000 0.087120000000000 0.108800000000000 0.122120000000000 0.178520000000000 0.192240000000000 0.198180000000000 0.198920000000000 0.209160000000000 0.212900000000000 0.232460000000000 0.235180000000000 0.264660000000000 0.277360000000000 0.294380000000000 0.299060000000000 0.319260000000000 0.360500000000000 0.402300000000000 0.406400000000000 0.430760000000000 0.449380000000000 0.450120000000000 0.477880000000000 0.490180000000000 0.500000000000000 0.512680000000000 0.553180000000000 0.582100000000000 0.612000000000000 0.672760000000000 0.678900000000000 0.679600000000000 0.691860000000000 0.740380000000000 0.766700000000000 0.773860000000000 0.804260000000000 0.808580000000000 0.846080000000000 0.854860000000000 0.854920000000000 0.880000000000000 0.897740000000000 0.909740000000000 0.915980000000000 0.966460000000000
01101100100010000000000011110000100000110000010000
10010000110010001000100101010000100000000100100100
00000000001000010001011101010000100000000100100100
00000000100010010000000011111000100000110000010000
00010010110010000000100101010100111010001101100111
01101101001000100000000000010010111000001101101111
00000000100010010000000011110000100000110000010000
00000000100010010000000011110000100000110000010000
01101100100101000110100101010001100000010000010000
00000001001000100000000000010000100101010010010000
