//
segsites: 18
positions: 0.028300000000000 0.061520000000000 0.061800000000000 0.099160000000000 0.099260000000000 0.110380000000000 0.314340000000000 0.450980000000000 0.500000000000000 0.522280000000000 0.556240000000000 0.637540000000000 0.643400000000000 0.664300000000000 0.681920000000000 0.867220000000000 0.889420000000000 0.972740000000000
010001110100110011
010001111001001100
010001111001001100
111110011001001100
111110011001001100
111110011001001100
010000110110110011
010001111001001100
010001111001001100
111110011001001100
