//
segsites: 41
positions: 0.004560000000000 0.054160000000000 0.068160000000000 0.077920000000000 0.079960000000000 0.093600000000000 0.095500000000000 0.116840000000000 0.145860000000000 0.147060000000000 0.168140000000000 0.184560000000000 0.187720000000000 0.189100000000000 0.225760000000000 0.239140000000000 0.248000000000000 0.253000000000000 0.309080000000000 0.368320000000000 0.415280000000000 0.427000000000000 0.471020000000000 0.481040000000000 0.481160000000000 0.500000000000000 0.503800000000000 0.507220000000000 0.628920000000000 0.652980000000000 0.682280000000000 0.713380000000000 0.726920000000000 0.790520000000000 0.800460000000000 0.831020000000000 0.856220000000000 0.885980000000000 0.889040000000000 0.913540000000000 0.915000000000000
10000001111000010100001000000111100000000
10000001111011010100001011000101100001011
10000001111011010100001011000101100001011
10000001111010010100001010000101100001001
10000101111000011101000100111101100001001
10000001111010010100001011000101100001011
10000001111000100100001000000101110110100
10000001111011010100001011000101100001011
10000001111011010100001011000101100001011
01111010000100000010111000000101101001001
