//
segsites: 44
positions: 0.011160000000000 0.142480000000000 0.154180000000000 0.159460000000000 0.160180000000000 0.165680000000000 0.172460000000000 0.174020000000000 0.178840000000000 0.182480000000000 0.184700000000000 0.199860000000000 0.205900000000000 0.217700000000000 0.232020000000000 0.261480000000000 0.316300000000000 0.319960000000000 0.355640000000000 0.370840000000000 0.397880000000000 0.408940000000000 0.423760000000000 0.432480000000000 0.485160000000000 0.493900000000000 0.500000000000000 0.510660000000000 0.565300000000000 0.567020000000000 0.575020000000000 0.578920000000000 0.592000000000000 0.639940000000000 0.676080000000000 0.683600000000000 0.685720000000000 0.759240000000000 0.765720000000000 0.786740000000000 0.791320000000000 0.856000000000000 0.879980000000000 0.922840000000000
10000101001101000000100101110000000010000100
00111010100000011101000001000010100011110101
10000101001101000000100101110000000010000100
10000101001101000000100101110000000010000100
10000101001101000000100101110000000010000100
10000101001101000000100101110000000010000100
00111010100000011100000010000000001100000100
00111010100000111100000001000010100011110110
00111010110000010010100101010101000010000100
01110000000010000000011001001000010000001100
