//
segsites: 62
positions: 0.025880000000000 0.048300000000000 0.055520000000000 0.093200000000000 0.100780000000000 0.106080000000000 0.131340000000000 0.142740000000000 0.142960000000000 0.153980000000000 0.165700000000000 0.174180000000000 0.193520000000000 0.197900000000000 0.209480000000000 0.282920000000000 0.287040000000000 0.338800000000000 0.358640000000000 0.370700000000000 0.393780000000000 0.411300000000000 0.433000000000000 0.433360000000000 0.443680000000000 0.460400000000000 0.482760000000000 0.499060000000000 0.500000000000000 0.502460000000000 0.508220000000000 0.522220000000000 0.534680000000000 0.555880000000000 0.560300000000000 0.564680000000000 0.565000000000000 0.592220000000000 0.596060000000000 0.598320000000000 0.650500000000000 0.651800000000000 0.678340000000000 0.693080000000000 0.711400000000000 0.739360000000000 0.747520000000000 0.765380000000000 0.766380000000000 0.787540000000000 0.807900000000000 0.813900000000000 0.825240000000000 0.836360000000000 0.838720000000000 0.874860000000000 0.885900000000000 0.920800000000000 0.945000000000000 0.955000000000000 0.964340000000000 0.995120000000000
00101000110000011100101000010001000000110110000000001110000010
00010110000000011100101010010000000000110010000110100000010100
00010110000000111100101000010000000101000000100000000000101000
01110100000001001110001000011000010010001000010000000000011000
00110100000001001100001000100000000101000000101001000000100001
10110001000100001100001000100100101101000000000000001110000010
00010110000000011100101000010000000000110010000000001100000010
00101000110010000001011000100000000000000000101000000000100001
01110100001001001100001001010010000000000001000000010001000000
01110100000001001110001100011000010010001000010000000000011000
