//
segsites: 37
positions: 0.011740000000000 0.021060000000000 0.035780000000000 0.053420000000000 0.062780000000000 0.136880000000000 0.149700000000000 0.202220000000000 0.267260000000000 0.397440000000000 0.412240000000000 0.462820000000000 0.496860000000000 0.500000000000000 0.590280000000000 0.638160000000000 0.657060000000000 0.658600000000000 0.684420000000000 0.718220000000000 0.736420000000000 0.754620000000000 0.780800000000000 0.794220000000000 0.797480000000000 0.841640000000000 0.843060000000000 0.855060000000000 0.859520000000000 0.864120000000000 0.883720000000000 0.909280000000000 0.912260000000000 0.930040000000000 0.940880000000000 0.986040000000000 0.992760000000000
1100011111101011001001000000101000101
0011100000000000010100010000000100000
1100010111101111101010101100000000010
1100010111101011001001000011010010000
1100010111101111101010101100000000010
0001100011101011001001000000101001101
0011100000010000010100010000000100000
1100010111101011001001000000101000101
1100010111101111101010010000000100000
1100010111101011001001000011010010000
