//
segsites: 56
positions: 0.015140000000000 0.036440000000000 0.049680000000000 0.060180000000000 0.079960000000000 0.087620000000000 0.125880000000000 0.128560000000000 0.150660000000000 0.157080000000000 0.172660000000000 0.173600000000000 0.207700000000000 0.262460000000000 0.309400000000000 0.326520000000000 0.338520000000000 0.369660000000000 0.372600000000000 0.401620000000000 0.409860000000000 0.413420000000000 0.427180000000000 0.465340000000000 0.466420000000000 0.469060000000000 0.500000000000000 0.515940000000000 0.518780000000000 0.578420000000000 0.582860000000000 0.584640000000000 0.591040000000000 0.594500000000000 0.601040000000000 0.613500000000000 0.670620000000000 0.695840000000000 0.705240000000000 0.730200000000000 0.776940000000000 0.799740000000000 0.801540000000000 0.819760000000000 0.843800000000000 0.850300000000000 0.859960000000000 0.862620000000000 0.877720000000000 0.891420000000000 0.895000000000000 0.916380000000000 0.924600000000000 0.937480000000000 0.948400000000000 0.994400000000000
00110011111101110010001001100000101100010000000000011000
00110001111101110010110100000100010100101110000000011101
10000000000010000010001011000100010100100110000000000010
00111100000000001000001000001001000100101110000000011101
00111000000000001000001000001001000000000000011001100010
00001000000000000001001000011100010100100110000000000010
00110001110000000000001001000000101100000001100010011000
00001000000000000000001001000000101110000001100010011000
01110011111101110110110100000110010101100110000100011101
00110011111101110010001001100000101100010000000000011000
