//
segsites: 42
positions: 0.007700000000000 0.017960000000000 0.018100000000000 0.042500000000000 0.046460000000000 0.138060000000000 0.158000000000000 0.200980000000000 0.204680000000000 0.214980000000000 0.215760000000000 0.248200000000000 0.287800000000000 0.314320000000000 0.320500000000000 0.328160000000000 0.346820000000000 0.357780000000000 0.384560000000000 0.388680000000000 0.409540000000000 0.425620000000000 0.441860000000000 0.500000000000000 0.507820000000000 0.514120000000000 0.531440000000000 0.542060000000000 0.547740000000000 0.613560000000000 0.638760000000000 0.694900000000000 0.723540000000000 0.737580000000000 0.766520000000000 0.838740000000000 0.876060000000000 0.886140000000000 0.923620000000000 0.951380000000000 0.978400000000000 0.985360000000000
101000100100011100000001000110010101010000
101000100100011000000001000110010101010000
101000100100011000000001000110010101010000
101000100100011000000001000110010101010000
101110011001000000000010101110010101010000
101000100110000001001010000001001000101010
001001100000100010110000010100000110110001
111001100000100010110100010110110101010101
101001100000100010110000010110010100101000
101000100100011000000001000110010101010000
