//
segsites: 54
positions: 0.058640000000000 0.058760000000000 0.059840000000000 0.085720000000000 0.099680000000000 0.116020000000000 0.123860000000000 0.135820000000000 0.137360000000000 0.150380000000000 0.168160000000000 0.177260000000000 0.189960000000000 0.194320000000000 0.194380000000000 0.199320000000000 0.250920000000000 0.256820000000000 0.275360000000000 0.282400000000000 0.296400000000000 0.308320000000000 0.312020000000000 0.318460000000000 0.338020000000000 0.436200000000000 0.471860000000000 0.487520000000000 0.500000000000000 0.503880000000000 0.521720000000000 0.568280000000000 0.569180000000000 0.588540000000000 0.597280000000000 0.606820000000000 0.626020000000000 0.654900000000000 0.659100000000000 0.673320000000000 0.680200000000000 0.703240000000000 0.719780000000000 0.733600000000000 0.740280000000000 0.774840000000000 0.794660000000000 0.797740000000000 0.819580000000000 0.857480000000000 0.878720000000000 0.915460000000000 0.927220000000000 0.995760000000000
011001100101011000000100000010100000001010001101000100
100000010000000111000011000000100001010101000000000000
011001100101011000000100000010100000001010001101000100
011000100000100000111000110000010000100000010000011100
000000011000000100000000000100100000100000000011000110
010110100001000000000000000000101000100000010000010100
011001100101011000000100000010100000001010001101000100
100000010000000111000011001001101110000000100000100001
011001100101011000000100000010100000001010001101000100
011001100111011000000100000010100000001010001101000100
