//
segsites: 42
positions: 0.066980000000000 0.098160000000000 0.239020000000000 0.311920000000000 0.318580000000000 0.358720000000000 0.378260000000000 0.390920000000000 0.393140000000000 0.406420000000000 0.430500000000000 0.434500000000000 0.500000000000000 0.501120000000000 0.517940000000000 0.532840000000000 0.537140000000000 0.557100000000000 0.566980000000000 0.586120000000000 0.591020000000000 0.594440000000000 0.606040000000000 0.622460000000000 0.627860000000000 0.634460000000000 0.672660000000000 0.683320000000000 0.685180000000000 0.721340000000000 0.725280000000000 0.728340000000000 0.745580000000000 0.764120000000000 0.810880000000000 0.818760000000000 0.866780000000000 0.890760000000000 0.914540000000000 0.922660000000000 0.954860000000000 0.992640000000000
010111000001000110111010001001001110010001
100111010001100001000100100100000000110001
010111010001100001000100100100000000000010
010000101110000001000100110110010011000010
100111010001010000011011001001101010010100
100111010001100001000100100100000000000010
100111010001100001000100100100000000000010
100111010001001001000100110110010011011001
100111010001000001000100110110010010110001
011111000001000110011010001001001110010001
