//
segsites: 49
positions: 0.060920000000000 0.102360000000000 0.134160000000000 0.134920000000000 0.147800000000000 0.230580000000000 0.282820000000000 0.293860000000000 0.298600000000000 0.311200000000000 0.320340000000000 0.323000000000000 0.325400000000000 0.328760000000000 0.337860000000000 0.344060000000000 0.367420000000000 0.373220000000000 0.385460000000000 0.416020000000000 0.424680000000000 0.433340000000000 0.451400000000000 0.465360000000000 0.468760000000000 0.476100000000000 0.500000000000000 0.507200000000000 0.519800000000000 0.560400000000000 0.573660000000000 0.584620000000000 0.627660000000000 0.630660000000000 0.634740000000000 0.639120000000000 0.646980000000000 0.655880000000000 0.664500000000000 0.674260000000000 0.680400000000000 0.733940000000000 0.746320000000000 0.755960000000000 0.815200000000000 0.817780000000000 0.872720000000000 0.902480000000000 0.978380000000000
0100000000010000000010000010100010010101000001000
0100000000010000000010000010100010010101000001000
1000001000000100001001001100001110110111000001000
0100000000010000000010000010100010010101000001000
0001100111001001000100100000010001001001011010011
0000000000000010100000000000010000001001011010011
0001010000100000010000001100000010010101000010100
0010000000010000000000010001010000001001011110000
0100000000010000000010000010100010010101100001000
1000001000000100001001001100000010010101000001000
