//
segsites: 54
positions: 0.043080000000000 0.043520000000000 0.100200000000000 0.110820000000000 0.113780000000000 0.127100000000000 0.137300000000000 0.137520000000000 0.151560000000000 0.159120000000000 0.213180000000000 0.227340000000000 0.241020000000000 0.244340000000000 0.252940000000000 0.301820000000000 0.314820000000000 0.316120000000000 0.331400000000000 0.351440000000000 0.351440000000000 0.405440000000000 0.422140000000000 0.425980000000000 0.431740000000000 0.469480000000000 0.485940000000000 0.498520000000000 0.500000000000000 0.503340000000000 0.517020000000000 0.522840000000000 0.586960000000000 0.590700000000000 0.596440000000000 0.680900000000000 0.704860000000000 0.735820000000000 0.736000000000000 0.742700000000000 0.756940000000000 0.779520000000000 0.794660000000000 0.800000000000000 0.800220000000000 0.806280000000000 0.818440000000000 0.843600000000000 0.881980000000000 0.912800000000000 0.918980000000000 0.935260000000000 0.997240000000000 0.999840000000000
100010000110000101111001001000000100101001000000000100
101000100000100010111001000010000101101001000000000000
100010000101000101000100110100000010010000000000111100
101000100000100010111001000000001100101101000000000000
101000100000100010100000000001110000000010111101000000
101000100000010000000000000001110000000010110101000001
100010010100000101111001000000000100101001000000000000
101000100000100010111001000000000100101001000010000000
011101101000001000000110110100000010010000000000110110
011101101000000000000100110100000010010000000000110100
