//
segsites: 33
positions: 0.013820000000000 0.121220000000000 0.122040000000000 0.131380000000000 0.169080000000000 0.177820000000000 0.250000000000000 0.265320000000000 0.306160000000000 0.312360000000000 0.320520000000000 0.333100000000000 0.341380000000000 0.373020000000000 0.383680000000000 0.388800000000000 0.423080000000000 0.469500000000000 0.485440000000000 0.500000000000000 0.566300000000000 0.597600000000000 0.657380000000000 0.697640000000000 0.701000000000000 0.706000000000000 0.757180000000000 0.778560000000000 0.805820000000000 0.911860000000000 0.914360000000000 0.934600000000000 0.949880000000000
010101010100110101010000100000011
010101010100110101010000100000011
010101010100110101010000100000011
000000001000000010001000011111100
000000001000001010001100100000010
001010100011000000100000100000010
000000001000000010001010011101100
000000001000000010001000011101100
110001000000000010001001011101100
010101010100110101010000100000011
