//
segsites: 41
positions: 0.017120000000000 0.066040000000000 0.092040000000000 0.114980000000000 0.117900000000000 0.124600000000000 0.172320000000000 0.187160000000000 0.206400000000000 0.228680000000000 0.266000000000000 0.295140000000000 0.381400000000000 0.385780000000000 0.430740000000000 0.472740000000000 0.500000000000000 0.531180000000000 0.539980000000000 0.544860000000000 0.547820000000000 0.547840000000000 0.548560000000000 0.551700000000000 0.572280000000000 0.606740000000000 0.635920000000000 0.675440000000000 0.676740000000000 0.722480000000000 0.723500000000000 0.745580000000000 0.753100000000000 0.788660000000000 0.790280000000000 0.818520000000000 0.877420000000000 0.899260000000000 0.911600000000000 0.957280000000000 0.982120000000000
00000000010100100100000100000000000011111
00000000010100100100000100000000000011111
00000000010110111001101001100100010000000
00000000010110111001101001100100010000000
00000000010110111001101001100100010000000
00000000010110111001101001100100010000000
10101010001000000011101000101011001000011
00010001000100100100000100010000000011111
00000110010000000001101010101011101000000
11101010101001000000010100001011001100000
