//
segsites: 56
positions: 0.046940000000000 0.059220000000000 0.081880000000000 0.106100000000000 0.121880000000000 0.153760000000000 0.159280000000000 0.161140000000000 0.161240000000000 0.167620000000000 0.203980000000000 0.227960000000000 0.228560000000000 0.275940000000000 0.283520000000000 0.314720000000000 0.339360000000000 0.357240000000000 0.377680000000000 0.405400000000000 0.420260000000000 0.456100000000000 0.479480000000000 0.481680000000000 0.485580000000000 0.492300000000000 0.500000000000000 0.509240000000000 0.524440000000000 0.535580000000000 0.581240000000000 0.584720000000000 0.599580000000000 0.604080000000000 0.613280000000000 0.645080000000000 0.657200000000000 0.713940000000000 0.714160000000000 0.714420000000000 0.721640000000000 0.726880000000000 0.731760000000000 0.737060000000000 0.765480000000000 0.779660000000000 0.793780000000000 0.796240000000000 0.834180000000000 0.836140000000000 0.847260000000000 0.862380000000000 0.878240000000000 0.898480000000000 0.928440000000000 0.937180000000000
10111101001110110010011110100000001100001011001011000111
10111101001110110010000000000000011100001011001011100111
10111101001110110010010110000001000000100000100111000110
10000000000000000011000000000100011100001011001011000111
11000010100001001100100001011010000011010100010000011000
10111101001110110010011110100000001100001011001011000111
10111101011110110010010110000001100000100000100111000110
10111101001110110010010110000001000000100000100111000110
10111101001110110010011110100000001100001011001011000111
10111101001110110010011110100000001100001011001011000111
