//
segsites: 50
positions: 0.015560000000000 0.029460000000000 0.039060000000000 0.039280000000000 0.048180000000000 0.094580000000000 0.145040000000000 0.157400000000000 0.186020000000000 0.190980000000000 0.193120000000000 0.268960000000000 0.270480000000000 0.310320000000000 0.352200000000000 0.360660000000000 0.423220000000000 0.427400000000000 0.440600000000000 0.458840000000000 0.462360000000000 0.469880000000000 0.500000000000000 0.501320000000000 0.511640000000000 0.511660000000000 0.522980000000000 0.592560000000000 0.639980000000000 0.675920000000000 0.681440000000000 0.700380000000000 0.721520000000000 0.740340000000000 0.753900000000000 0.772680000000000 0.773760000000000 0.787460000000000 0.790260000000000 0.804560000000000 0.813420000000000 0.831360000000000 0.834700000000000 0.845980000000000 0.873160000000000 0.879540000000000 0.891520000000000 0.914360000000000 0.920040000000000 0.923020000000000
00011000101000000000000001001000000000000000001010
00011000101111100000101010110011000000000010000001
00011000101011100000100010110011000000000010010001
00100101010000000001000000000000011111010001000001
00011000101111100000101010110011000000000010000001
10011000101000000000000001000000000000101100100000
00011000101011100110010110110010000000000000001010
01000010000001100000100010110011000000000010000110
00011000101000001000000001001100100000000000001010
01000010000001110000100010110011000000000010000110
