//
segsites: 48
positions: 0.014380000000000 0.018420000000000 0.031420000000000 0.055160000000000 0.070640000000000 0.071160000000000 0.075120000000000 0.086620000000000 0.097140000000000 0.141520000000000 0.201360000000000 0.234880000000000 0.253500000000000 0.269160000000000 0.310720000000000 0.378000000000000 0.378740000000000 0.390440000000000 0.412840000000000 0.448580000000000 0.460700000000000 0.469300000000000 0.500000000000000 0.508020000000000 0.514380000000000 0.521000000000000 0.546340000000000 0.559220000000000 0.606160000000000 0.626240000000000 0.672040000000000 0.710280000000000 0.724940000000000 0.747860000000000 0.758520000000000 0.759300000000000 0.764600000000000 0.769920000000000 0.819060000000000 0.829480000000000 0.857820000000000 0.867780000000000 0.909220000000000 0.925640000000000 0.926180000000000 0.949920000000000 0.965180000000000 0.998500000000000
000011000100000010010001101000010000101110110110
000000000000000010010001101000010000101110110110
001000001001100110001100000000010000101110110110
000000010100000010101000010111001110000001000001
110100100010011001001110000111100001010001101110
110100100010011001001110000111100001010001101110
000011000100000010010001101000010000101110110110
110100100010011001001110000111100001010001101110
110100100010011001001110000111100001010001101110
110100100010011001001110000111100000000001000000
