//
segsites: 41
positions: 0.028480000000000 0.096980000000000 0.114780000000000 0.163120000000000 0.181380000000000 0.185840000000000 0.199200000000000 0.239560000000000 0.250140000000000 0.268640000000000 0.299020000000000 0.300860000000000 0.301920000000000 0.409720000000000 0.418780000000000 0.420560000000000 0.442780000000000 0.481320000000000 0.500000000000000 0.538920000000000 0.543460000000000 0.562080000000000 0.598700000000000 0.622260000000000 0.630820000000000 0.637540000000000 0.653280000000000 0.677920000000000 0.700940000000000 0.701940000000000 0.720840000000000 0.751880000000000 0.768560000000000 0.813940000000000 0.820520000000000 0.823460000000000 0.824560000000000 0.898500000000000 0.928920000000000 0.945880000000000 0.999900000000000
01000101101001000010101000000101001000010
00001011010000111000010111001001001001010
01000101101001000010101000000101001000010
00101011000000111000010111000011001010010
10010001000110000010101000000101001000010
01000101101001000010101000000101001000010
01000101101001000010101000000101001000010
00001011010000111101000100110000110100101
01000101101001000010101000000101001000010
10010001000110000010101000000101001000010
