//
segsites: 39
positions: 0.025400000000000 0.047980000000000 0.150900000000000 0.164760000000000 0.175480000000000 0.195240000000000 0.210440000000000 0.231620000000000 0.250840000000000 0.317020000000000 0.317680000000000 0.388100000000000 0.390640000000000 0.408080000000000 0.434880000000000 0.460180000000000 0.500000000000000 0.515740000000000 0.615720000000000 0.660200000000000 0.664320000000000 0.690860000000000 0.714940000000000 0.733880000000000 0.755240000000000 0.757520000000000 0.770180000000000 0.794200000000000 0.795780000000000 0.821760000000000 0.841320000000000 0.872780000000000 0.913020000000000 0.927140000000000 0.927260000000000 0.954240000000000 0.979920000000000 0.982320000000000 0.999880000000000
000111110100100000110101000001000001110
000011110100000000110100010100000001110
000111110100100000110100010100000100000
110000000010011100011001000001010000000
110000000010011100011001000001010000000
110000001010011110011001000001010010001
110000000010011110011001000001010010001
001000010101000001100010101010101000000
110000000010011110011001000001010010001
110000000010011100011001000001010010000
