//
segsites: 42
positions: 0.035780000000000 0.048420000000000 0.062100000000000 0.078660000000000 0.106500000000000 0.119920000000000 0.140300000000000 0.152140000000000 0.198140000000000 0.223240000000000 0.239820000000000 0.249960000000000 0.310720000000000 0.328920000000000 0.329840000000000 0.354300000000000 0.379500000000000 0.422260000000000 0.456260000000000 0.483780000000000 0.500000000000000 0.501100000000000 0.522300000000000 0.536020000000000 0.551480000000000 0.556820000000000 0.575140000000000 0.589480000000000 0.614220000000000 0.627280000000000 0.662960000000000 0.678360000000000 0.688080000000000 0.728940000000000 0.764680000000000 0.772420000000000 0.779820000000000 0.788600000000000 0.829040000000000 0.894080000000000 0.904340000000000 0.986060000000000
011100000000000001000100000010000011111010
000001111111110000011001011001010011111011
000001111111110000011001011001010011111011
100010010010100110100010100100101100000100
000001111111110000011001011001010011111011
000001111111110000011001011001010011111011
000001111111110000011001011001010011111011
000010011111110000010001011001010011111011
001100000000001001000100000010000011111010
000001111111110000011001011001010011111011
