//
segsites: 28
positions: 0.051880000000000 0.077920000000000 0.080740000000000 0.087580000000000 0.093700000000000 0.095240000000000 0.100960000000000 0.195900000000000 0.214860000000000 0.220000000000000 0.230940000000000 0.255720000000000 0.263040000000000 0.273560000000000 0.290540000000000 0.320820000000000 0.336560000000000 0.341960000000000 0.404740000000000 0.500000000000000 0.515040000000000 0.720140000000000 0.800280000000000 0.802220000000000 0.836260000000000 0.855280000000000 0.869860000000000 0.997220000000000
0001001110100000000001010101
1001001000010000100101110100
1001001000010000100101010100
1001001000010000100101010100
1110110001010101010000001011
0001001100001000000001010100
1001001000010010101011010100
1001001000010000100101010100
0001001100001000000000001000
1001001000010000100101010100
