//
segsites: 56
positions: 0.005880000000000 0.009280000000000 0.019680000000000 0.035660000000000 0.043840000000000 0.081640000000000 0.083240000000000 0.139200000000000 0.144080000000000 0.152320000000000 0.191460000000000 0.237760000000000 0.248980000000000 0.253360000000000 0.266760000000000 0.272920000000000 0.283340000000000 0.289760000000000 0.359940000000000 0.360420000000000 0.370120000000000 0.374340000000000 0.376020000000000 0.386160000000000 0.396740000000000 0.421080000000000 0.466200000000000 0.500000000000000 0.523120000000000 0.537780000000000 0.583560000000000 0.680820000000000 0.710360000000000 0.720760000000000 0.730900000000000 0.743040000000000 0.771400000000000 0.773820000000000 0.779140000000000 0.788320000000000 0.802820000000000 0.809480000000000 0.838660000000000 0.843260000000000 0.847800000000000 0.868800000000000 0.872020000000000 0.873180000000000 0.940120000000000 0.952900000000000 0.959920000000000 0.960460000000000 0.962560000000000 0.971900000000000 0.977440000000000 0.993660000000000
00010100001110000010000010101100000111110010000100010110
10001000001110000010000010101100011101110000000100010110
10001000001110010010000010111100010000010101000101010110
00010000011110101111010000000011100000011000111000101001
10001000001110010010000010111100010000010101000101010110
00010000011110001100101101000010100000000000000010000000
10001000001110010010000010111100010000010101000101010110
10001000001110010010000010111100010000010101000101010110
00010000011110101111010000000011100000011000111000101001
01110011100001000000101101000010100000000000000010000000
