//
segsites: 46
positions: 0.071520000000000 0.071680000000000 0.088020000000000 0.124180000000000 0.144500000000000 0.214200000000000 0.250880000000000 0.259960000000000 0.264820000000000 0.269600000000000 0.273740000000000 0.287300000000000 0.305280000000000 0.319340000000000 0.325760000000000 0.326880000000000 0.360700000000000 0.370300000000000 0.403560000000000 0.405600000000000 0.410360000000000 0.426340000000000 0.427360000000000 0.431440000000000 0.500000000000000 0.506440000000000 0.521220000000000 0.569840000000000 0.631800000000000 0.635460000000000 0.672960000000000 0.715320000000000 0.752740000000000 0.758780000000000 0.759400000000000 0.770940000000000 0.782960000000000 0.804520000000000 0.837420000000000 0.855740000000000 0.858820000000000 0.871360000000000 0.879520000000000 0.895060000000000 0.941360000000000 0.966040000000000
0000010000010101011001010101111011000000000110
1010010000010101011001010101111001010011001000
0001100000001000100100001010100100000000010000
0001101101100000001010110001110001010010001001
0001101101001000100100000010100100000000010000
0100000010000010000000000010100000101100001001
0001100000001000100100001010100100000000110000
0001100000001000100100001010100100000000010000
0100000000000010000000000010100000101100001001
0100000000000010000000000010100000101100001001
