//
segsites: 72
positions: 0.002440000000000 0.009120000000000 0.020960000000000 0.030360000000000 0.044120000000000 0.049960000000000 0.070740000000000 0.074720000000000 0.076620000000000 0.091820000000000 0.095600000000000 0.097760000000000 0.100020000000000 0.103600000000000 0.108680000000000 0.109180000000000 0.127060000000000 0.135000000000000 0.176880000000000 0.177600000000000 0.181980000000000 0.193500000000000 0.204060000000000 0.227940000000000 0.244740000000000 0.257160000000000 0.270520000000000 0.270760000000000 0.283360000000000 0.295600000000000 0.297840000000000 0.308860000000000 0.355220000000000 0.359980000000000 0.372640000000000 0.384880000000000 0.385960000000000 0.386720000000000 0.389060000000000 0.391120000000000 0.428520000000000 0.500000000000000 0.518520000000000 0.526500000000000 0.537320000000000 0.559520000000000 0.577840000000000 0.592540000000000 0.594880000000000 0.617520000000000 0.670320000000000 0.704420000000000 0.718900000000000 0.721060000000000 0.725780000000000 0.736960000000000 0.742740000000000 0.764860000000000 0.767040000000000 0.801600000000000 0.829560000000000 0.856180000000000 0.861840000000000 0.862400000000000 0.876180000000000 0.907540000000000 0.940580000000000 0.945280000000000 0.951740000000000 0.965380000000000 0.985100000000000 0.985200000000000
100100010100000000000010111000010111010000100001000000000000000000000000
101000000010000011100000000010101000001100011110010100000000111101000000
010000001001001000011000000101000000100010000000000000010001000000000000
100100000010010011100000000010100010010001011010000000000110000000110111
010001001001001000011000000101000000100000011010000000000100000000110110
000010110000000000000010011000010010010000100001001011101000000010100100
100000000010100011100000000010101000001100011010100000000100000000111110
100000000000000110000101000001000000100000000000000000010001000000000000
000000010000000000000010011000010010010000100001001011101000000010100100
100100000010010011100000000010100010010001011010000000000110000000110111
