//
segsites: 53
positions: 0.024200000000000 0.029900000000000 0.123040000000000 0.141600000000000 0.164820000000000 0.194780000000000 0.215740000000000 0.227760000000000 0.233100000000000 0.241900000000000 0.243280000000000 0.257300000000000 0.279280000000000 0.291000000000000 0.306860000000000 0.312680000000000 0.328700000000000 0.331680000000000 0.335400000000000 0.336920000000000 0.349320000000000 0.361140000000000 0.367300000000000 0.401160000000000 0.426960000000000 0.456640000000000 0.474240000000000 0.479700000000000 0.488520000000000 0.500000000000000 0.532900000000000 0.556240000000000 0.573100000000000 0.577700000000000 0.588080000000000 0.619620000000000 0.642420000000000 0.647480000000000 0.660340000000000 0.666340000000000 0.694680000000000 0.707200000000000 0.719680000000000 0.722580000000000 0.729160000000000 0.757200000000000 0.767000000000000 0.787740000000000 0.823780000000000 0.844740000000000 0.900280000000000 0.975120000000000 0.976300000000000
11000011101101100000001000000110000000000000001000010
00000011101101100000001000000110000000000000001000010
00000000000000100010001000100010000000001100100100001
11000000000000110010001000100011000000010011010100000
00000100000000100010001000100000010110110000010011100
11010000000000100010001000100010001000001100100100001
00101000010010001101010111010010000001000000001010100
11000011101101100000001000000110000000000000001000010
11000011101101100000001000000110000000000000001000010
00000000000000100010101000101010100000001100100100001
