//
segsites: 65
positions: 0.000500000000000 0.008880000000000 0.022140000000000 0.034320000000000 0.042160000000000 0.047000000000000 0.060060000000000 0.076160000000000 0.083980000000000 0.106400000000000 0.147780000000000 0.148500000000000 0.169680000000000 0.191300000000000 0.191760000000000 0.209060000000000 0.228520000000000 0.248880000000000 0.280700000000000 0.282960000000000 0.288060000000000 0.305880000000000 0.336680000000000 0.351540000000000 0.370880000000000 0.383420000000000 0.384480000000000 0.390380000000000 0.395220000000000 0.416560000000000 0.416960000000000 0.420080000000000 0.427100000000000 0.432960000000000 0.434640000000000 0.437820000000000 0.461300000000000 0.471460000000000 0.478760000000000 0.500000000000000 0.503420000000000 0.516160000000000 0.552200000000000 0.583400000000000 0.597180000000000 0.647460000000000 0.647740000000000 0.681160000000000 0.684540000000000 0.688820000000000 0.724420000000000 0.726800000000000 0.744840000000000 0.759160000000000 0.773900000000000 0.792600000000000 0.816000000000000 0.829900000000000 0.854960000000000 0.864500000000000 0.904120000000000 0.924980000000000 0.950760000000000 0.952520000000000 0.990700000000000
00000001010011110010001010010110100101001100001000100100001010000
00100010101000000000001001011001000100001000001000100100001000000
00001100000000000000001100010000000110000010010001001010000000000
00011100000000000000001000110000010000010000100010010000000000000
11000000000000110011011010010110000100100001000010010000100000111
00001100000100001100101100010000000110000010010001001011010101000
00100010001000000000001001010001001100001000001000100100001000000
00001100000000000000011010010110000100001000001100100100001000000
00100010001000000000001001010001001100001000001000100100001000000
00011100000000000000001000110000010000010000100010010000000000000
