//
segsites: 49
positions: 0.037420000000000 0.045400000000000 0.059960000000000 0.061000000000000 0.117500000000000 0.120860000000000 0.131800000000000 0.172740000000000 0.183840000000000 0.206160000000000 0.215900000000000 0.261180000000000 0.288980000000000 0.327020000000000 0.330620000000000 0.331120000000000 0.340600000000000 0.362540000000000 0.375200000000000 0.376620000000000 0.381540000000000 0.397220000000000 0.407880000000000 0.430080000000000 0.436820000000000 0.500000000000000 0.535480000000000 0.559420000000000 0.564280000000000 0.603080000000000 0.636740000000000 0.639820000000000 0.664040000000000 0.682740000000000 0.703240000000000 0.706900000000000 0.728200000000000 0.728900000000000 0.737840000000000 0.758580000000000 0.824560000000000 0.833460000000000 0.849300000000000 0.850520000000000 0.862260000000000 0.886840000000000 0.920460000000000 0.933680000000000 0.935240000000000
0100010101101000010001101000001010010001110010000
1100010101000000001010000010000100000100000101100
0100010101101000010001101001011010010011100010000
0100010101000000001000000010000100000100000100000
0010101010001101100101001000100000001000001010011
0100010000011000010001111100001011010001100010000
0100010001000000001000000010000100000100000101100
0101010101000010001000000010001010110001100010000
0100010101000000001000000010000100000100000101100
0100010101101000010001101001011010010011100010000
