//
segsites: 76
positions: 0.030100000000000 0.047500000000000 0.125740000000000 0.131700000000000 0.162580000000000 0.164640000000000 0.166900000000000 0.199060000000000 0.218040000000000 0.228900000000000 0.231800000000000 0.238960000000000 0.273380000000000 0.277240000000000 0.301400000000000 0.325660000000000 0.328060000000000 0.344880000000000 0.391520000000000 0.396200000000000 0.429740000000000 0.456560000000000 0.459360000000000 0.474960000000000 0.480760000000000 0.487420000000000 0.500000000000000 0.504080000000000 0.506580000000000 0.515200000000000 0.527360000000000 0.531060000000000 0.544920000000000 0.557340000000000 0.560720000000000 0.568580000000000 0.590220000000000 0.593600000000000 0.609520000000000 0.629060000000000 0.651600000000000 0.655260000000000 0.659360000000000 0.679320000000000 0.686700000000000 0.690760000000000 0.695240000000000 0.704640000000000 0.707980000000000 0.708360000000000 0.721900000000000 0.729200000000000 0.745160000000000 0.748920000000000 0.781600000000000 0.796240000000000 0.807500000000000 0.807640000000000 0.826920000000000 0.830420000000000 0.835820000000000 0.854700000000000 0.860040000000000 0.880580000000000 0.888720000000000 0.888780000000000 0.894520000000000 0.897440000000000 0.927020000000000 0.927420000000000 0.930100000000000 0.933120000000000 0.935960000000000 0.939620000000000 0.944680000000000 0.986660000000000
0000000001100000010100101010000111000000000000001000001100100101000010001000
0000000101000100100010000001000000000010000001000000100000000010010110001110
0000000011000001101010000000000000000000000000000010010001010001000000000000
1000101001010010000001000000010000101000110100010001000000000001000001010000
0111000001000000010100001000000111000000000010001000001000100001100000000001
0000000001100000010100101010000111000000000000001000001100100101000010001000
0000010001001000000001000100100000000010000001000000000000000010010110001110
0000000001100000010100101010000111000000000000001000001100100101000010001000
0000000001010010000001000000010000100000001000100100000000001001100000000001
0111100001000000100000010000001000010101000000000000000010000000001000100010
