//
segsites: 48
positions: 0.013300000000000 0.016080000000000 0.020460000000000 0.022860000000000 0.033940000000000 0.057040000000000 0.074180000000000 0.163220000000000 0.170900000000000 0.194480000000000 0.227780000000000 0.236760000000000 0.292200000000000 0.301960000000000 0.345460000000000 0.360660000000000 0.405920000000000 0.411540000000000 0.424960000000000 0.430100000000000 0.437200000000000 0.445360000000000 0.466360000000000 0.468580000000000 0.494740000000000 0.500000000000000 0.550040000000000 0.558520000000000 0.598040000000000 0.606740000000000 0.632120000000000 0.634040000000000 0.636780000000000 0.680940000000000 0.704180000000000 0.717380000000000 0.737880000000000 0.744560000000000 0.755840000000000 0.779280000000000 0.791460000000000 0.844200000000000 0.848140000000000 0.867740000000000 0.878100000000000 0.941380000000000 0.950700000000000 0.996620000000000
000011110100011000000001100001010100100101010100
000010000000000000110010110100000000001001010100
011011110101011000000010100001010000100101010100
001111100010000000100001100001101011000000101010
001011110100011000100010100001010000100101010100
000010000000000000110010110100000000001001010100
000010000000000000110010110100000000001001010100
000010000000011100000001100000000000000010000100
100010001000100001001100001010000000000000000001
001010000010000010100010100001000000010000000001
