//
segsites: 34
positions: 0.006560000000000 0.020320000000000 0.096020000000000 0.112220000000000 0.130380000000000 0.162840000000000 0.233500000000000 0.233580000000000 0.262160000000000 0.310800000000000 0.331280000000000 0.353680000000000 0.380780000000000 0.452600000000000 0.500000000000000 0.517980000000000 0.525860000000000 0.564560000000000 0.570760000000000 0.634240000000000 0.635960000000000 0.648900000000000 0.714640000000000 0.743140000000000 0.752760000000000 0.819240000000000 0.829180000000000 0.943620000000000 0.953460000000000 0.970940000000000 0.973140000000000 0.981400000000000 0.993140000000000 0.994720000000000
0111100111111110001101000101111011
0111100111111110001101000101111011
0000011110011001110010111010000000
0111100111111110001101000101111011
0111100111111110001101000101111011
0111100111111110001101000101111011
0111100111111110001101000101111011
1000010110011001110010111001000100
0111100111111110001101000101111011
0111100111111110001101000101111011
