//
segsites: 48
positions: 0.021460000000000 0.033600000000000 0.041080000000000 0.044520000000000 0.048940000000000 0.088960000000000 0.091440000000000 0.130940000000000 0.131300000000000 0.154740000000000 0.159800000000000 0.161560000000000 0.166200000000000 0.189000000000000 0.194860000000000 0.199120000000000 0.229720000000000 0.229780000000000 0.237760000000000 0.243500000000000 0.295660000000000 0.343360000000000 0.362260000000000 0.393680000000000 0.421820000000000 0.432240000000000 0.449520000000000 0.500000000000000 0.579380000000000 0.586100000000000 0.590200000000000 0.623940000000000 0.700520000000000 0.748060000000000 0.749060000000000 0.771780000000000 0.780980000000000 0.784140000000000 0.784900000000000 0.815260000000000 0.833120000000000 0.869840000000000 0.878880000000000 0.891780000000000 0.910120000000000 0.918580000000000 0.936440000000000 0.970820000000000
000000100000110000000100010000001001000101001110
001101001001000010110010100010010100111100110000
100000100100000000110001010001101011000101000010
100000100100000000000100010000001001000111000010
000010110110000000001100010100001001000101000010
000010100110000001000100010000001001000111000010
000010110110000000001100010100001001000101000010
010000001000011100000100011000000100111100110001
000010100100000000110001010001101011000101000010
000010110110000000001100010100001001000101000010
