//
segsites: 51
positions: 0.006360000000000 0.025380000000000 0.086020000000000 0.131060000000000 0.140980000000000 0.160440000000000 0.181100000000000 0.208520000000000 0.247500000000000 0.363760000000000 0.366840000000000 0.384260000000000 0.390980000000000 0.398640000000000 0.424640000000000 0.465480000000000 0.472280000000000 0.493200000000000 0.500000000000000 0.504960000000000 0.522640000000000 0.583440000000000 0.586500000000000 0.611920000000000 0.664560000000000 0.667860000000000 0.674900000000000 0.682740000000000 0.713740000000000 0.740280000000000 0.753080000000000 0.783580000000000 0.784540000000000 0.786400000000000 0.799420000000000 0.800180000000000 0.807680000000000 0.809240000000000 0.823760000000000 0.849880000000000 0.880960000000000 0.881820000000000 0.887680000000000 0.909200000000000 0.912020000000000 0.916520000000000 0.928700000000000 0.946400000000000 0.962780000000000 0.969440000000000 0.997540000000000
001010010110110010001000101110010000100010100100101
110001001000000000000110001101100100001100010011010
110101101000001101010001010000000010010000001100100
001010010111110010101000101110010000100010100100101
001010010110110010001000101110010000100010100100101
001010010110110010001000101110001001000001000000000
110101101000001101010001000000000010010000001100100
001010010111110010101000101110010000100010100100101
001010010111110010101000101110010000100010100100101
001010010111110010101000101110010000100010100100101
