//
segsites: 35
positions: 0.013760000000000 0.087860000000000 0.095880000000000 0.158960000000000 0.164500000000000 0.185040000000000 0.219180000000000 0.232440000000000 0.251300000000000 0.299020000000000 0.299460000000000 0.426940000000000 0.432340000000000 0.439460000000000 0.473580000000000 0.500000000000000 0.520440000000000 0.543760000000000 0.552780000000000 0.560540000000000 0.576840000000000 0.616080000000000 0.639540000000000 0.650040000000000 0.680760000000000 0.685820000000000 0.754080000000000 0.784520000000000 0.869300000000000 0.893900000000000 0.903120000000000 0.903380000000000 0.918940000000000 0.951880000000000 0.989580000000000
10111111101101110001101111010110010
00110110111111101011101010111010111
00110110101101100001101010111011111
00110110101101100001111010111010111
00110110101101100001101010111010111
01110110101101100101101010111010111
00110110101101100001101010111011111
00110110101101100001101010111010111
10111111101101110001101111010110010
00110110101101100101101010111010111
