//
segsites: 41
positions: 0.066540000000000 0.083520000000000 0.117720000000000 0.136640000000000 0.140320000000000 0.150720000000000 0.156060000000000 0.161500000000000 0.173720000000000 0.192680000000000 0.231880000000000 0.250500000000000 0.258900000000000 0.258920000000000 0.262700000000000 0.273780000000000 0.319140000000000 0.342160000000000 0.370020000000000 0.398580000000000 0.406000000000000 0.407940000000000 0.416920000000000 0.428460000000000 0.467620000000000 0.500000000000000 0.520540000000000 0.526920000000000 0.530660000000000 0.551560000000000 0.586720000000000 0.672000000000000 0.684740000000000 0.719560000000000 0.746780000000000 0.757120000000000 0.807980000000000 0.872660000000000 0.910700000000000 0.971600000000000 0.984400000000000
00010111001110010000010000000000001100110
01101000000001001110000010010011111000110
10010101011110010000010001000000001000110
00100000100001001110001010000000001100110
01101000000001001110000011000000001000110
00100000100001001111000010010001101000110
10010101011110010000010001000000001000110
01101000000001001110000010000000001100110
01101000000001001110100010010000001000110
01101000000000100010000100101100000011111
