//
segsites: 54
positions: 0.014980000000000 0.037640000000000 0.063420000000000 0.109120000000000 0.136800000000000 0.157860000000000 0.174100000000000 0.195280000000000 0.204020000000000 0.232300000000000 0.235880000000000 0.251440000000000 0.277700000000000 0.308580000000000 0.349060000000000 0.389400000000000 0.415420000000000 0.440260000000000 0.457320000000000 0.466340000000000 0.496480000000000 0.521000000000000 0.542580000000000 0.552180000000000 0.554560000000000 0.554900000000000 0.617420000000000 0.646140000000000 0.663640000000000 0.712240000000000 0.724840000000000 0.743200000000000 0.759260000000000 0.761600000000000 0.795460000000000 0.805420000000000 0.807840000000000 0.811800000000000 0.826220000000000 0.835740000000000 0.837740000000000 0.843280000000000 0.856060000000000 0.857320000000000 0.880620000000000 0.902020000000000 0.905020000000000 0.914700000000000 0.927240000000000 0.948500000000000 0.949940000000000 0.957260000000000 0.958880000000000 0.967460000000000
000110000000101000000100100000110010010011001010000000
010000100000000010100101011101000000100000000010000000
100000101001000101010010010000000001001000000000100010
100000100000000100010010010000000110000000010101000000
000101010000101000000100100000110000010010001010000000
001100000000101000000100100000110000010110001010000000
000100000000101000000100100010000000000000000100010000
100000101000000100010010010000000010000000000101000001
000100000000101000010010010000000000001000000000100110
000100000110010000001000100000001000000000100010001000
