//
segsites: 39
positions: 0.046840000000000 0.048320000000000 0.048700000000000 0.055300000000000 0.138800000000000 0.150840000000000 0.159200000000000 0.159640000000000 0.247880000000000 0.277380000000000 0.299540000000000 0.331980000000000 0.346740000000000 0.354240000000000 0.364460000000000 0.400680000000000 0.440940000000000 0.476680000000000 0.490040000000000 0.499540000000000 0.500000000000000 0.510340000000000 0.536080000000000 0.618680000000000 0.646560000000000 0.653760000000000 0.663500000000000 0.686880000000000 0.728440000000000 0.745700000000000 0.826360000000000 0.837900000000000 0.848000000000000 0.877540000000000 0.908980000000000 0.913920000000000 0.929740000000000 0.933200000000000 0.955880000000000
111001001110011001000010110101110001000
111001001111100110001100000010000100100
111001001110100110001100000010000100101
111001001110100110000100000010000100101
111001001110100110000100000010001100101
111001001110100110001100000010000100101
111010111110100001000010111101110001010
111001001110100110001100000010000100101
111001001110100110001100000010000100101
000100001110100000110001000010000110101
