//
segsites: 73
positions: 0.020580000000000 0.050100000000000 0.059460000000000 0.061860000000000 0.096420000000000 0.117900000000000 0.121940000000000 0.132860000000000 0.139740000000000 0.140740000000000 0.149320000000000 0.156880000000000 0.165340000000000 0.170940000000000 0.212020000000000 0.220340000000000 0.221660000000000 0.237200000000000 0.271300000000000 0.273420000000000 0.273440000000000 0.283340000000000 0.293460000000000 0.293500000000000 0.314940000000000 0.331080000000000 0.344360000000000 0.352200000000000 0.355260000000000 0.362620000000000 0.405320000000000 0.417740000000000 0.427700000000000 0.429700000000000 0.442420000000000 0.457740000000000 0.471480000000000 0.487980000000000 0.500000000000000 0.513580000000000 0.519080000000000 0.526700000000000 0.549560000000000 0.580700000000000 0.610340000000000 0.626800000000000 0.639240000000000 0.641820000000000 0.653340000000000 0.677940000000000 0.678320000000000 0.691220000000000 0.712920000000000 0.730340000000000 0.738800000000000 0.743580000000000 0.751240000000000 0.764000000000000 0.791880000000000 0.803780000000000 0.812460000000000 0.831080000000000 0.831600000000000 0.836880000000000 0.846500000000000 0.865860000000000 0.905380000000000 0.920060000000000 0.942540000000000 0.946920000000000 0.948860000000000 0.967000000000000 0.991420000000000
0001000000000010110000000000001010101000001010001000001100011101100010000
0001000000000010110000000000101010101000001000010101000010000010001000000
0000110100100000000000001001000001000001000100000000100001101001100000101
1100000000000001000101000100000001000001000100000000100001101001110000101
0000001001001000000000000000010000000010100100100000010000000000000101000
1010000000010100001000110000000010111000001010001010001100001001100010000
0000001001001000000000000000010000000010100100100000010000000000000101000
0001000010000010110000000000001010101000011011001000001100001101100010000
0001000000000010110010000010000110111100001010001010001100001001100010010
0000000000000010110000000000001010101000001010001000001100011101100010000
