//
segsites: 36
positions: 0.044620000000000 0.049800000000000 0.066640000000000 0.081420000000000 0.094540000000000 0.100900000000000 0.100980000000000 0.133460000000000 0.184480000000000 0.193300000000000 0.239080000000000 0.249660000000000 0.263640000000000 0.273660000000000 0.284660000000000 0.326020000000000 0.373680000000000 0.375900000000000 0.404280000000000 0.500000000000000 0.543760000000000 0.557640000000000 0.625160000000000 0.663640000000000 0.689920000000000 0.711400000000000 0.751000000000000 0.763120000000000 0.845440000000000 0.902720000000000 0.909040000000000 0.909280000000000 0.924100000000000 0.972620000000000 0.990380000000000 0.996940000000000
000100001010100000010111100100000010
000001101100010000101000011110110010
000001101100010000100000000100110000
111010011001001011000111100101000011
000100001000100000000000000100110000
000100001010100000010111100100000010
000100001000000000010111100100000010
000100001000100100001000011100111100
000100001010100000010111100100000010
000100001010100000010111100100000010
