//
segsites: 66
positions: 0.000540000000000 0.018900000000000 0.022740000000000 0.030180000000000 0.030500000000000 0.031640000000000 0.043760000000000 0.067280000000000 0.070320000000000 0.076920000000000 0.103740000000000 0.111180000000000 0.126120000000000 0.127680000000000 0.193900000000000 0.196760000000000 0.207700000000000 0.217420000000000 0.245480000000000 0.246420000000000 0.267080000000000 0.298560000000000 0.299020000000000 0.306660000000000 0.311860000000000 0.322920000000000 0.328320000000000 0.353660000000000 0.372060000000000 0.380000000000000 0.458520000000000 0.464520000000000 0.486640000000000 0.500000000000000 0.503020000000000 0.529040000000000 0.533220000000000 0.572900000000000 0.586980000000000 0.604440000000000 0.648300000000000 0.649640000000000 0.665820000000000 0.668380000000000 0.675240000000000 0.709720000000000 0.712560000000000 0.752860000000000 0.756780000000000 0.788520000000000 0.793580000000000 0.794200000000000 0.836180000000000 0.865660000000000 0.888240000000000 0.892340000000000 0.898120000000000 0.901300000000000 0.916560000000000 0.932800000000000 0.936800000000000 0.941780000000000 0.952120000000000 0.959200000000000 0.961340000000000 0.996780000000000
000000000000011010000010010000000101001001001010010000101011010000
100101000010000000001100000000010000010000000100000010000100001010
100101001001100000010100000010101000000000010100001000010000000000
100101000010000010000001000000010000100010000001101000000000000100
000000000000011010000010010000000111001001001010010000101011010000
100101000010000001100100000000000000000100000001101100010000000001
010010010100000100000000100100000000000000000000001000000000100000
000000000000011010000010010000000101001001001010010000101011010000
010010100000000000000000000010101000000000110100001001010000000001
101000000000000000000000001001010000000000000100001000000000000001
