//
segsites: 35
positions: 0.000020000000000 0.003780000000000 0.004020000000000 0.022620000000000 0.026520000000000 0.057780000000000 0.058400000000000 0.068640000000000 0.076900000000000 0.089800000000000 0.111800000000000 0.129780000000000 0.154760000000000 0.175620000000000 0.195820000000000 0.295380000000000 0.343940000000000 0.396480000000000 0.409580000000000 0.500000000000000 0.506980000000000 0.532600000000000 0.618340000000000 0.631100000000000 0.687600000000000 0.710540000000000 0.714340000000000 0.735500000000000 0.801920000000000 0.911560000000000 0.926740000000000 0.933660000000000 0.938600000000000 0.946240000000000 0.954140000000000
01110011111111100011100110101100110
01110011011111100011100110101011001
01110011001111100000100110101011001
10111011001111111100100111101011001
01110011011111100011100110101011001
01110011011111100011100110101011001
00110011001111100000101110101011001
01110011011111100011100110101011001
00110111001111100000110110101011001
01110011011111100011100110111011001
