//
segsites: 38
positions: 0.016640000000000 0.029700000000000 0.053520000000000 0.083080000000000 0.128500000000000 0.140540000000000 0.196160000000000 0.332880000000000 0.336840000000000 0.340180000000000 0.346320000000000 0.367780000000000 0.432080000000000 0.441760000000000 0.464740000000000 0.500000000000000 0.537760000000000 0.539600000000000 0.557080000000000 0.582880000000000 0.640480000000000 0.668540000000000 0.676120000000000 0.708480000000000 0.723900000000000 0.751760000000000 0.801000000000000 0.837020000000000 0.837960000000000 0.860620000000000 0.883200000000000 0.933500000000000 0.959200000000000 0.960320000000000 0.971820000000000 0.976820000000000 0.985740000000000 0.999380000000000
00111101011010010000101110000100001010
00110100001010000000110000001100110101
00001100011010000000110001010010001010
00110100001010000000110000010010000010
01001100101110101111000000010010010101
00111101011010010000101110000100001010
00110100101101101011000000010011000010
10110110001010000000110000110010001010
01001100101110010000101110000100001010
00111101011010010000101110000100001010
