//
segsites: 45
positions: 0.015840000000000 0.052800000000000 0.068040000000000 0.093460000000000 0.144920000000000 0.155680000000000 0.203520000000000 0.224920000000000 0.232800000000000 0.306460000000000 0.312780000000000 0.332680000000000 0.361360000000000 0.370240000000000 0.371560000000000 0.415540000000000 0.435480000000000 0.457080000000000 0.496280000000000 0.500000000000000 0.507320000000000 0.558380000000000 0.559860000000000 0.561860000000000 0.598920000000000 0.620200000000000 0.630660000000000 0.647360000000000 0.689540000000000 0.718260000000000 0.725620000000000 0.770960000000000 0.772400000000000 0.775460000000000 0.778100000000000 0.803560000000000 0.854060000000000 0.862080000000000 0.868740000000000 0.871260000000000 0.876680000000000 0.892320000000000 0.893480000000000 0.963880000000000 0.972420000000000
111001000011001100010001001100000100101010000
000010110011000011000000000010101000010000101
111001000110010000000001100000000011010000101
000010110011001100000011001100000100101010000
111001000010010000000001100000000011001100011
000010110011000011000000000010101000010000101
111101000011001100010001001100000100101010000
111001000011101100010001001100000100101010000
000000001000010000101100110001010011001101101
111001000011001100010001001100000100101010000
