//
segsites: 44
positions: 0.009280000000000 0.062300000000000 0.105820000000000 0.107040000000000 0.110600000000000 0.115040000000000 0.145040000000000 0.279100000000000 0.279300000000000 0.279340000000000 0.319900000000000 0.342260000000000 0.379400000000000 0.394220000000000 0.398880000000000 0.411260000000000 0.446940000000000 0.458100000000000 0.500000000000000 0.500520000000000 0.513400000000000 0.513660000000000 0.528040000000000 0.543040000000000 0.548760000000000 0.583660000000000 0.627240000000000 0.632360000000000 0.665520000000000 0.678220000000000 0.682480000000000 0.690760000000000 0.714980000000000 0.719640000000000 0.728040000000000 0.745720000000000 0.786500000000000 0.789800000000000 0.795920000000000 0.814960000000000 0.839080000000000 0.858100000000000 0.959580000000000 0.980260000000000
00100011110001100010011101100001010010111101
00100011100000000000000001011110101101001101
00100011100000010100100001010110000010110010
00100010101100000001000101011110101100000001
00110011100000010100100001010110000010110010
00100011110001100010011101100001010010111101
01001101100010001100000011010110000010110010
00100011110001100010011101100001010010111101
00100011110001100010011101100001010010111101
10100011100001100000011101100001010010111101
