//
segsites: 40
positions: 0.003120000000000 0.008100000000000 0.025000000000000 0.055440000000000 0.082020000000000 0.083000000000000 0.086960000000000 0.091860000000000 0.133300000000000 0.160360000000000 0.185320000000000 0.190460000000000 0.212140000000000 0.220580000000000 0.245680000000000 0.295080000000000 0.296960000000000 0.438980000000000 0.482300000000000 0.500000000000000 0.559060000000000 0.599460000000000 0.620200000000000 0.632220000000000 0.632800000000000 0.695940000000000 0.706760000000000 0.723420000000000 0.774680000000000 0.803700000000000 0.805700000000000 0.822940000000000 0.847940000000000 0.883020000000000 0.909120000000000 0.920620000000000 0.929500000000000 0.949340000000000 0.951640000000000 0.997280000000000
0000101001101000000010001110000000010010
0011000110010011101010011100111011000010
0100100001101000010010001110000000010010
1000010000000111100000100000000001000010
1000010000000111100000100001000001000010
0000100001101000000110100000000100011111
1000010000000111100000100010000000010010
0000100001101000000111100000000100111111
0000100001101000000110100000000100011111
0000100001101000000110100000000100011111
