//
segsites: 44
positions: 0.061820000000000 0.076640000000000 0.100640000000000 0.122760000000000 0.142940000000000 0.154520000000000 0.158980000000000 0.159180000000000 0.161300000000000 0.188060000000000 0.201860000000000 0.219260000000000 0.223920000000000 0.267720000000000 0.272840000000000 0.297180000000000 0.312580000000000 0.316260000000000 0.411480000000000 0.428580000000000 0.470760000000000 0.472060000000000 0.474900000000000 0.491680000000000 0.500000000000000 0.524400000000000 0.525500000000000 0.544480000000000 0.557640000000000 0.567680000000000 0.582280000000000 0.630680000000000 0.637820000000000 0.671420000000000 0.720700000000000 0.753160000000000 0.767240000000000 0.786020000000000 0.786880000000000 0.789140000000000 0.823000000000000 0.831980000000000 0.850360000000000 0.982520000000000
00100101011011100011001011000001000000000000
10001000100000010011100000110011111110110000
00100101011011100011001011000001000000000000
00000000000100001111001101000001000000000010
00100101011011100011001011000001000000000000
00100101011011100011001011000001111110110001
01010010000010001001011000001101000001001100
01010010000010001001011000001101000001001100
00100101011011100011001011000001000000000000
00100101011011100011001011000001000000000000
