//
segsites: 50
positions: 0.000040000000000 0.005260000000000 0.024960000000000 0.042320000000000 0.067980000000000 0.073140000000000 0.084520000000000 0.095300000000000 0.116740000000000 0.134860000000000 0.151300000000000 0.214220000000000 0.235140000000000 0.265960000000000 0.286240000000000 0.299960000000000 0.329320000000000 0.334260000000000 0.336300000000000 0.349300000000000 0.374240000000000 0.381220000000000 0.394140000000000 0.426680000000000 0.429020000000000 0.446740000000000 0.448480000000000 0.459460000000000 0.465280000000000 0.497440000000000 0.500000000000000 0.609980000000000 0.620040000000000 0.624000000000000 0.666180000000000 0.670640000000000 0.675680000000000 0.697660000000000 0.727560000000000 0.728400000000000 0.749800000000000 0.757300000000000 0.782220000000000 0.834460000000000 0.864720000000000 0.892140000000000 0.901940000000000 0.924080000000000 0.973340000000000 0.982060000000000
00001000000000000000111000100000001010001111000011
01010011000010000011000010000010001010001110010011
01010011000010000011000010000001011001110000001101
01010011000010000011000011000010001010001110010011
11000100001001111100000000011100001000001110000101
01010011100001111000000010000001011001110000000101
11000100100001111000000000011100001000001110000011
00101000000100000000111000100000001010001111100011
01010011010000000000000100000100100100000010000001
01010011000010000011000010000010001010001110010011
