//
segsites: 67
positions: 0.003980000000000 0.007900000000000 0.013300000000000 0.016540000000000 0.018600000000000 0.028820000000000 0.036320000000000 0.037940000000000 0.053500000000000 0.057300000000000 0.067740000000000 0.123740000000000 0.130820000000000 0.149400000000000 0.150880000000000 0.154100000000000 0.154720000000000 0.167660000000000 0.175520000000000 0.186400000000000 0.197220000000000 0.213340000000000 0.230720000000000 0.242620000000000 0.289780000000000 0.309340000000000 0.360180000000000 0.380320000000000 0.383680000000000 0.390560000000000 0.391860000000000 0.395280000000000 0.396980000000000 0.398280000000000 0.405740000000000 0.413740000000000 0.419420000000000 0.421340000000000 0.465660000000000 0.467520000000000 0.487800000000000 0.500000000000000 0.514700000000000 0.521380000000000 0.536220000000000 0.551260000000000 0.561120000000000 0.572160000000000 0.573080000000000 0.605740000000000 0.620820000000000 0.655780000000000 0.673700000000000 0.675720000000000 0.679540000000000 0.691120000000000 0.716120000000000 0.735560000000000 0.757660000000000 0.788040000000000 0.802460000000000 0.858600000000000 0.885200000000000 0.937020000000000 0.980260000000000 0.984580000000000 0.985860000000000
0010010100010000000010011100100010000000000001010000100100110001101
0010010100010000000010010000000000000000000000100110000000001110100
1100001010010101000100001011010100000111010000001000011010001000000
0000000000001010010001100000000001011000101110000110000000001110100
1100001010010101000100001011010100000111010000001000011010001000000
0000000000000010010001100000000001101000101110000000000001001001111
0001100001100000101000000000100010000000000000010001000000001000000
1100001010010101000100001011010100000111010000001000011010001000000
1100001010010101000100001011010100000111010000001000011010001000000
0001100001100000101000000000101010000000000000010001000000001000000
