//
segsites: 47
positions: 0.025920000000000 0.054400000000000 0.096060000000000 0.099640000000000 0.152260000000000 0.152660000000000 0.168720000000000 0.169380000000000 0.169780000000000 0.200220000000000 0.244060000000000 0.254440000000000 0.255160000000000 0.347600000000000 0.411720000000000 0.420440000000000 0.437440000000000 0.449820000000000 0.457760000000000 0.485520000000000 0.497740000000000 0.500000000000000 0.503040000000000 0.546160000000000 0.557160000000000 0.622000000000000 0.623380000000000 0.644100000000000 0.655380000000000 0.693040000000000 0.727600000000000 0.730060000000000 0.754300000000000 0.764600000000000 0.768640000000000 0.807360000000000 0.807760000000000 0.831780000000000 0.887020000000000 0.903760000000000 0.911500000000000 0.915300000000000 0.923740000000000 0.926920000000000 0.929740000000000 0.939920000000000 0.959900000000000
00010101001011001100001100001010011000101100100
01100010110000011010100010000101011000101100100
00010101001011001100001100001010011000101100100
01100010110000011010100010000101011000101100100
01001000000001001010000001110000011101110010010
00010101001111101100001100001000001000100100001
01001000000001001010010001110000011101110010010
11100010110000011010100010000101011010101101000
01100010110000011011100010000101111000101100000
01001000000001001010010001110000011101110010010
