//
segsites: 54
positions: 0.016520000000000 0.024700000000000 0.029120000000000 0.042160000000000 0.049700000000000 0.053300000000000 0.094200000000000 0.106100000000000 0.106840000000000 0.129580000000000 0.133600000000000 0.150860000000000 0.197900000000000 0.213520000000000 0.223980000000000 0.235560000000000 0.252940000000000 0.260200000000000 0.311260000000000 0.318360000000000 0.325040000000000 0.338320000000000 0.392120000000000 0.398900000000000 0.435200000000000 0.436140000000000 0.437120000000000 0.463700000000000 0.464120000000000 0.466400000000000 0.483980000000000 0.500000000000000 0.517000000000000 0.527640000000000 0.531340000000000 0.553560000000000 0.564720000000000 0.591960000000000 0.615100000000000 0.628520000000000 0.655120000000000 0.682560000000000 0.752180000000000 0.758100000000000 0.759080000000000 0.783700000000000 0.789860000000000 0.842840000000000 0.853240000000000 0.854760000000000 0.935020000000000 0.956460000000000 0.962040000000000 0.982640000000000
100100000000100001000010000000110011001001010101000000
100100000000100011000001010000001100000000001011000010
100101000000100001000010000000110011001001010101000000
001000111001010100000001100000000100000000001001000000
000100000101001000000001000000000100100001010101000000
010110001111001000011100001101000000010101100010100101
001000101001010100100010000000110011001001010101000000
001000101001010100100010000000110011001001010101000000
100100000000100001000010000010110011001001010101000000
010110001101001000011100001101000000000010001001011000
