//
segsites: 48
positions: 0.009580000000000 0.041660000000000 0.060540000000000 0.098120000000000 0.098780000000000 0.108500000000000 0.117700000000000 0.124660000000000 0.143080000000000 0.145980000000000 0.172920000000000 0.176240000000000 0.177080000000000 0.218120000000000 0.233200000000000 0.237680000000000 0.237840000000000 0.243540000000000 0.260020000000000 0.272020000000000 0.285780000000000 0.285960000000000 0.292980000000000 0.300580000000000 0.307460000000000 0.316340000000000 0.364100000000000 0.380700000000000 0.408520000000000 0.437780000000000 0.456600000000000 0.460960000000000 0.493880000000000 0.500000000000000 0.614940000000000 0.684540000000000 0.686820000000000 0.763400000000000 0.797540000000000 0.820280000000000 0.831020000000000 0.844540000000000 0.873220000000000 0.887120000000000 0.920420000000000 0.931780000000000 0.986060000000000 0.995340000000000
000110001001101011100010000001000001100010001100
000000011100100100011101100101000001100001110000
011000101000100100010000000000000101100101110000
010000101000100100010000011010000001100001110010
110000101110100100011001000000000001100001001101
000001011100100100011001000000000001100001001101
000000011100100100011001100101000001100001110000
000000011100110100010000000000110011111001110000
010000101000100100010000011010000001100001110000
000000001000100100010000000000001000000001100000
