//
segsites: 54
positions: 0.030860000000000 0.037540000000000 0.041520000000000 0.091900000000000 0.110240000000000 0.178240000000000 0.183920000000000 0.194080000000000 0.238560000000000 0.240020000000000 0.249580000000000 0.278700000000000 0.305960000000000 0.336700000000000 0.338260000000000 0.353260000000000 0.380560000000000 0.384520000000000 0.392760000000000 0.407140000000000 0.420440000000000 0.454780000000000 0.461260000000000 0.472100000000000 0.500000000000000 0.508880000000000 0.511820000000000 0.560680000000000 0.566540000000000 0.594180000000000 0.597260000000000 0.644360000000000 0.666420000000000 0.671440000000000 0.699920000000000 0.701140000000000 0.723940000000000 0.762160000000000 0.762180000000000 0.766400000000000 0.781340000000000 0.784300000000000 0.790160000000000 0.791080000000000 0.792880000000000 0.799160000000000 0.824980000000000 0.906940000000000 0.908080000000000 0.954960000000000 0.972860000000000 0.974580000000000 0.996580000000000 0.997720000000000
100000000001000000100001100000000101000010011110100000
100000000001000001001010000001000101000010011110100000
000010111001001001010000011100010000001000000000000101
100000000001000000100001100000000101000010011110100000
000101000011000001000100000110001000000000000000000000
100000100100010101010000011100010000000101000001000000
001010101001100001010000011100010000000101000000000000
100000000001000000100001100000000101000010011110100000
010100000011000010100000000000000101000010011110100000
100000000100010100000000000100110010110000100000011010
