//
segsites: 37
positions: 0.055040000000000 0.078000000000000 0.078700000000000 0.123300000000000 0.177700000000000 0.183040000000000 0.243320000000000 0.248320000000000 0.251740000000000 0.268140000000000 0.294820000000000 0.297740000000000 0.346560000000000 0.483820000000000 0.500000000000000 0.513160000000000 0.541140000000000 0.541600000000000 0.572800000000000 0.575740000000000 0.599220000000000 0.615920000000000 0.627180000000000 0.651780000000000 0.653980000000000 0.654640000000000 0.655740000000000 0.711860000000000 0.753900000000000 0.793320000000000 0.812460000000000 0.836960000000000 0.873120000000000 0.885760000000000 0.903140000000000 0.916240000000000 0.987220000000000
0100000110101010000000000010000100001
1000101000000000010010000100000000111
0100000110101010000000000010000100001
0101000110101000000000000010100100001
1010101000010000011010000000000000110
0100000110101010000000000010000100001
0100000110101000100000010010000100001
0000010001000101000101101001011111001
0100000110101000000000010010000100001
1000101000000000010010000010000100001
