//
segsites: 49
positions: 0.032140000000000 0.041240000000000 0.044780000000000 0.048440000000000 0.052380000000000 0.076780000000000 0.105020000000000 0.107200000000000 0.132600000000000 0.133480000000000 0.143340000000000 0.149600000000000 0.169120000000000 0.175360000000000 0.210280000000000 0.236100000000000 0.252600000000000 0.260580000000000 0.348200000000000 0.365900000000000 0.368700000000000 0.382440000000000 0.392300000000000 0.411980000000000 0.420600000000000 0.500000000000000 0.506760000000000 0.533160000000000 0.571060000000000 0.579200000000000 0.580340000000000 0.582780000000000 0.625220000000000 0.626820000000000 0.653160000000000 0.700860000000000 0.703020000000000 0.710140000000000 0.720880000000000 0.741400000000000 0.794560000000000 0.806660000000000 0.838800000000000 0.896200000000000 0.939940000000000 0.945840000000000 0.946820000000000 0.953900000000000 0.990580000000000
1000000001000001100100000100001010101000111100000
1000000001000001100100000100001010101000111100000
0100010000010000011001000000110000100001000000010
1000000001000001100100000100001010101000111100000
0100010000010010000010010000110000000000111100001
0010100000101000000000000000110001000000001010100
1000000001000001100100000100001010101000111100000
0000100000101000000000000000000110101000011000010
0101011110010000010000101011000000110110011001000
0010100000101100000000000000110001000000001000100
