//
segsites: 28
positions: 0.063400000000000 0.075200000000000 0.130720000000000 0.180980000000000 0.204640000000000 0.235900000000000 0.276260000000000 0.306920000000000 0.310900000000000 0.341900000000000 0.355300000000000 0.379700000000000 0.398320000000000 0.405060000000000 0.406740000000000 0.492440000000000 0.500000000000000 0.501020000000000 0.513920000000000 0.540780000000000 0.574040000000000 0.597500000000000 0.691400000000000 0.725980000000000 0.757960000000000 0.795720000000000 0.843700000000000 0.945820000000000
0011010110011011101000100110
0011010110011011101000100110
0000100110011100010100000110
0011010110011011101000100110
0100100110011100000101010111
0011010110011011101000100110
1011010010100011001000101110
0011010110011011101000100110
0011010110011011101000100110
0101001111001000000110000010
