//
segsites: 59
positions: 0.000540000000000 0.004920000000000 0.051160000000000 0.053320000000000 0.060600000000000 0.091920000000000 0.133480000000000 0.137180000000000 0.153820000000000 0.178380000000000 0.195800000000000 0.197500000000000 0.255700000000000 0.286260000000000 0.297160000000000 0.301620000000000 0.307100000000000 0.352740000000000 0.368360000000000 0.385880000000000 0.392020000000000 0.393300000000000 0.396760000000000 0.397740000000000 0.416020000000000 0.440000000000000 0.463180000000000 0.483240000000000 0.490460000000000 0.500000000000000 0.512640000000000 0.535600000000000 0.556980000000000 0.557900000000000 0.560260000000000 0.574000000000000 0.640720000000000 0.650340000000000 0.678540000000000 0.706700000000000 0.713440000000000 0.723620000000000 0.733980000000000 0.769640000000000 0.780880000000000 0.784120000000000 0.823140000000000 0.823360000000000 0.851300000000000 0.859620000000000 0.860800000000000 0.868440000000000 0.873860000000000 0.896920000000000 0.897540000000000 0.922360000000000 0.922400000000000 0.927760000000000 0.961480000000000
00000110000000010100001000000001100101001010011001001001011
00000010000000010100001000000001110101001010011001001001001
00001000000000010100001000000001100101001010011001001001001
10100001010010000000000000001010000010010001100100110001001
10100001010000101001100110010010000010010001100000110110100
00000010000000010001100110010010000010010001100000110110100
01000010000000010100001000100001101101001010011001001001001
00000010000000010100001000000001100101001010011001001001001
00000001101001000010010001000000100001101110011011001001000
10110001010100101001100110000110000010010001100000110110100
