//
segsites: 38
positions: 0.028520000000000 0.075480000000000 0.075800000000000 0.083700000000000 0.121780000000000 0.186740000000000 0.276140000000000 0.280460000000000 0.294320000000000 0.296140000000000 0.314340000000000 0.317920000000000 0.322360000000000 0.322700000000000 0.339740000000000 0.363800000000000 0.369880000000000 0.430380000000000 0.446060000000000 0.448360000000000 0.456800000000000 0.461960000000000 0.479500000000000 0.482060000000000 0.484720000000000 0.485700000000000 0.495560000000000 0.500000000000000 0.516000000000000 0.597280000000000 0.657240000000000 0.733060000000000 0.737160000000000 0.737620000000000 0.749340000000000 0.968900000000000 0.977380000000000 0.999680000000000
11010101001000001110010000000101000011
00101010100000010000100000010000100011
10000001001000001110010000000101000011
10101010100000010000100000010000100011
00101010100001010000100000010000100011
10000001001000001000000000001100010011
00101010100000010000101000010000100011
10000001001010001000000000001100010011
00101010100000010000100000010000100011
11010100010100100001000111100110001110
