//
segsites: 41
positions: 0.045940000000000 0.049020000000000 0.051920000000000 0.065200000000000 0.084220000000000 0.120300000000000 0.129020000000000 0.138720000000000 0.142660000000000 0.207740000000000 0.220960000000000 0.275240000000000 0.282400000000000 0.282980000000000 0.287340000000000 0.319300000000000 0.356240000000000 0.379140000000000 0.432100000000000 0.433440000000000 0.445360000000000 0.500000000000000 0.532040000000000 0.552120000000000 0.565780000000000 0.638400000000000 0.642920000000000 0.666160000000000 0.681180000000000 0.688980000000000 0.801520000000000 0.831220000000000 0.831560000000000 0.835800000000000 0.840280000000000 0.853340000000000 0.888700000000000 0.970160000000000 0.986020000000000 0.987220000000000 0.996520000000000
00100000101010100001011100010110000100010
00100000101010100001111100010110000100010
00100000101010100001011100010110000100010
00100000101010100001011100010110000100010
01100000110101011110000010110110000001110
00100000101010100001011100010110000100010
10111111001010001110000010010110000001010
10100000101010100001001101001001111010001
00100000101010100001011100010110000100010
00100000101010100001011100010110000100010
