//
segsites: 54
positions: 0.081220000000000 0.088620000000000 0.112500000000000 0.165840000000000 0.195480000000000 0.215820000000000 0.220280000000000 0.222040000000000 0.245860000000000 0.252860000000000 0.268840000000000 0.278640000000000 0.314360000000000 0.323280000000000 0.324060000000000 0.331700000000000 0.344580000000000 0.345600000000000 0.346780000000000 0.389980000000000 0.404260000000000 0.427860000000000 0.431800000000000 0.451100000000000 0.470020000000000 0.491660000000000 0.500000000000000 0.500820000000000 0.501400000000000 0.503400000000000 0.506340000000000 0.525320000000000 0.530520000000000 0.553980000000000 0.582140000000000 0.632080000000000 0.653760000000000 0.676440000000000 0.685940000000000 0.688020000000000 0.701760000000000 0.709240000000000 0.735140000000000 0.741380000000000 0.746260000000000 0.777940000000000 0.789280000000000 0.828280000000000 0.921440000000000 0.940680000000000 0.942060000000000 0.961620000000000 0.963520000000000 0.975820000000000
001100000001100100001000010000011100101000001110001000
100010010000000011000100010010000010000111001001010001
010000000001100100001010100001100100010000101001000001
010000000001100100011000100001000100010000101001000101
100010010000000011000100010000000010010000101001000001
000000101110011011000000011100011101010000101001100010
000001000000000000101001100001000100010000101001000001
100010010000000000001000100001000100010000111001000001
000000101110011011000000011100011101010000101001100010
010000000001100100001010100001100100010000101001000001
