//
segsites: 40
positions: 0.002340000000000 0.016260000000000 0.073180000000000 0.087980000000000 0.090820000000000 0.117720000000000 0.131740000000000 0.167400000000000 0.168500000000000 0.183560000000000 0.189460000000000 0.237660000000000 0.256880000000000 0.286440000000000 0.317440000000000 0.337300000000000 0.341860000000000 0.353960000000000 0.449140000000000 0.454100000000000 0.500000000000000 0.500780000000000 0.505140000000000 0.564560000000000 0.585700000000000 0.587120000000000 0.638700000000000 0.672600000000000 0.681860000000000 0.696720000000000 0.772740000000000 0.774880000000000 0.777320000000000 0.834480000000000 0.849020000000000 0.851200000000000 0.885580000000000 0.919060000000000 0.941980000000000 0.952860000000000
0101100100100010001101000001100000111100
0110000100010110001110000000100010111100
0110000100010110001110000000100010111100
0100111100000010001100000110010100000101
0100000100100010001100000001100000111100
0110000100010110001110000000100010111100
0100000100000010001100000001100000111100
1100100111001011110000111000001001000010
0110000100010110001110000000100010111100
0110000100010110001110000000100010111100
