//
segsites: 37
positions: 0.010160000000000 0.030540000000000 0.048480000000000 0.068460000000000 0.147460000000000 0.164620000000000 0.165260000000000 0.177560000000000 0.214560000000000 0.229020000000000 0.261000000000000 0.276000000000000 0.287260000000000 0.291200000000000 0.305940000000000 0.358200000000000 0.370600000000000 0.375780000000000 0.476740000000000 0.500000000000000 0.506540000000000 0.513320000000000 0.519220000000000 0.550360000000000 0.624660000000000 0.633560000000000 0.658440000000000 0.661260000000000 0.674560000000000 0.677860000000000 0.712960000000000 0.737920000000000 0.770820000000000 0.789260000000000 0.848060000000000 0.973780000000000 0.977800000000000
0000100011100001011011100010010000111
1110010001110000101000110000000100000
0000100011101001011000110000000100000
0001100011100001011011101110100010011
0000100011100101011111100010000001011
0010011001110000100000000001000000000
0000100011100101011111100010000001011
0000100111100101011111100010000001011
0010011001110010100000000010001001011
0000100011100101011011100010000000011
