//
segsites: 40
positions: 0.067580000000000 0.084360000000000 0.132980000000000 0.143380000000000 0.165820000000000 0.201860000000000 0.211220000000000 0.301300000000000 0.322820000000000 0.329440000000000 0.368420000000000 0.393880000000000 0.398620000000000 0.414760000000000 0.500000000000000 0.504780000000000 0.507700000000000 0.510740000000000 0.543620000000000 0.569020000000000 0.575660000000000 0.593540000000000 0.630020000000000 0.636060000000000 0.643520000000000 0.673100000000000 0.693320000000000 0.735820000000000 0.763160000000000 0.782600000000000 0.790820000000000 0.791500000000000 0.799360000000000 0.851180000000000 0.864460000000000 0.886540000000000 0.917700000000000 0.924280000000000 0.949560000000000 0.951420000000000
1100101110001010000001010000011010100100
1100101001000100000110101110100101000110
1100101110001010000001010000011010100100
0011010110001000000000000001001010001101
1100101110001010000001010000011010100100
1100101001000000000110101110100101010100
1100101110001010000001010000011010100100
1100101110001010000001010000011010100100
1100001001110001111000101110100101000100
1100101110001010000001010000011010100100
