//
segsites: 57
positions: 0.031980000000000 0.035920000000000 0.112600000000000 0.117060000000000 0.124140000000000 0.138060000000000 0.177740000000000 0.185980000000000 0.187920000000000 0.209080000000000 0.215260000000000 0.236800000000000 0.246820000000000 0.307880000000000 0.328740000000000 0.337360000000000 0.371220000000000 0.379160000000000 0.382160000000000 0.395440000000000 0.396540000000000 0.406420000000000 0.415680000000000 0.426140000000000 0.435140000000000 0.440700000000000 0.455080000000000 0.459120000000000 0.490120000000000 0.500000000000000 0.560940000000000 0.625780000000000 0.652860000000000 0.673860000000000 0.724740000000000 0.728200000000000 0.747760000000000 0.756960000000000 0.757540000000000 0.772860000000000 0.797920000000000 0.815940000000000 0.831000000000000 0.833700000000000 0.844620000000000 0.846980000000000 0.868820000000000 0.880480000000000 0.898140000000000 0.898820000000000 0.920940000000000 0.923780000000000 0.943520000000000 0.947500000000000 0.949140000000000 0.978460000000000 0.992280000000000
010000000000000101010000100100000010000000001000000001101
000000101000000010001000011001001100000000001000000001101
000101000000100100010000100100000000010000000000100000000
010000000000000100010000100100000010000000001000000001101
000000010110010100110001011000000000010000000101000001001
100000000001000100010110001001001100000000001000000001101
001000000000000100010000100100010010000000001010000101101
000000000010010100110001011000100001101000010000010010001
100000000001000100010110001001001100000000001000000001101
001010000000001100010100000010000000010111100000001000010
