//
segsites: 27
positions: 0.015820000000000 0.069500000000000 0.095940000000000 0.168680000000000 0.191560000000000 0.230960000000000 0.255740000000000 0.269540000000000 0.303400000000000 0.332320000000000 0.366520000000000 0.388860000000000 0.397340000000000 0.449580000000000 0.478160000000000 0.498260000000000 0.500000000000000 0.528400000000000 0.581500000000000 0.606320000000000 0.631240000000000 0.641720000000000 0.660060000000000 0.672760000000000 0.682280000000000 0.707220000000000 0.809960000000000
011110100111000010111010111
110111100010101101010111011
011110100111000010111010111
010110101111010000111010011
011110100111000010111010111
010000110111000010111010111
011110100111000010111010111
110000110111000010111010111
010110100111000000111010111
011110100111000010111010111
