//
segsites: 50
positions: 0.009280000000000 0.015780000000000 0.057020000000000 0.107000000000000 0.110180000000000 0.110400000000000 0.115900000000000 0.118600000000000 0.137620000000000 0.169640000000000 0.221760000000000 0.265520000000000 0.276320000000000 0.278860000000000 0.305520000000000 0.349740000000000 0.351360000000000 0.472480000000000 0.500000000000000 0.518940000000000 0.534920000000000 0.535120000000000 0.537580000000000 0.544860000000000 0.548000000000000 0.554200000000000 0.599460000000000 0.602240000000000 0.615880000000000 0.620620000000000 0.626340000000000 0.645740000000000 0.653280000000000 0.665360000000000 0.673200000000000 0.749720000000000 0.783840000000000 0.784880000000000 0.797640000000000 0.799000000000000 0.803760000000000 0.809520000000000 0.836060000000000 0.844560000000000 0.849740000000000 0.876840000000000 0.894240000000000 0.962600000000000 0.988080000000000 0.988700000000000
00011000001010011000110001100000000001100000000100
01100110011010101011000100010010011000000010101100
00011000001010001000000100001001000100101101000100
00011000001010011100000010001001000000101001010011
00100110111010001001000100010110111000000010101100
00100110011010101011000100010010011000000010101100
10000001001101001000111000100000000010000000000100
00000001001101001000111000100000000010010000000100
00011000001010011100000010001001000000101001010011
00011000001010011100000010001001000000101001010011
