//
segsites: 30
positions: 0.004540000000000 0.045300000000000 0.063940000000000 0.065900000000000 0.070120000000000 0.080820000000000 0.081840000000000 0.167520000000000 0.179780000000000 0.202620000000000 0.226240000000000 0.245840000000000 0.249280000000000 0.259760000000000 0.278920000000000 0.288720000000000 0.435000000000000 0.447160000000000 0.500000000000000 0.503960000000000 0.517400000000000 0.577500000000000 0.626780000000000 0.666840000000000 0.678200000000000 0.684200000000000 0.814300000000000 0.838720000000000 0.861480000000000 0.999340000000000
000000001111011111110111100010
000100110000010000001011100010
100000000000010000001000010010
010100101001110011010111100010
000101101001110000001000010101
000000001111011111110111100010
000100101011011000001000010101
000110101001110000001000011001
010100101001110011010111100010
001000010000010000001011100010
