//
segsites: 43
positions: 0.018840000000000 0.029480000000000 0.047340000000000 0.052360000000000 0.055880000000000 0.073700000000000 0.080040000000000 0.116020000000000 0.140220000000000 0.181220000000000 0.200800000000000 0.203600000000000 0.219800000000000 0.225060000000000 0.240260000000000 0.245660000000000 0.253280000000000 0.291180000000000 0.309360000000000 0.312000000000000 0.320620000000000 0.332300000000000 0.356220000000000 0.365240000000000 0.421240000000000 0.461080000000000 0.486820000000000 0.500000000000000 0.608780000000000 0.612820000000000 0.629860000000000 0.673680000000000 0.686000000000000 0.691580000000000 0.704420000000000 0.717500000000000 0.725080000000000 0.745120000000000 0.799720000000000 0.819860000000000 0.828960000000000 0.837140000000000 0.890260000000000
0100000100110001010001101000110100000010000
0100000000110001010001110000001010110110100
0000100001000110000110001111010000001010000
0000100001000110000110001111010001000010001
0000100001000110000110001111010000001010000
0000100001000110000110001111010000001010000
0000100001000110000110001111010000001010000
0001010010001000101000010000001010010010000
1010001000000000000000010000001010110011010
0000100001000110000110001111010000001010000
