//
segsites: 64
positions: 0.013700000000000 0.063440000000000 0.097780000000000 0.102560000000000 0.134540000000000 0.135780000000000 0.142240000000000 0.169500000000000 0.169920000000000 0.185320000000000 0.211800000000000 0.224820000000000 0.252480000000000 0.272680000000000 0.279520000000000 0.296400000000000 0.309680000000000 0.333180000000000 0.356360000000000 0.358760000000000 0.358800000000000 0.373040000000000 0.379060000000000 0.383960000000000 0.388900000000000 0.406220000000000 0.415900000000000 0.475380000000000 0.500000000000000 0.504360000000000 0.514120000000000 0.544960000000000 0.549680000000000 0.554520000000000 0.578480000000000 0.583960000000000 0.587280000000000 0.592780000000000 0.636680000000000 0.645380000000000 0.650740000000000 0.664340000000000 0.670180000000000 0.714220000000000 0.726060000000000 0.748160000000000 0.748560000000000 0.749360000000000 0.749880000000000 0.766360000000000 0.767600000000000 0.768880000000000 0.774600000000000 0.814200000000000 0.814700000000000 0.820840000000000 0.845400000000000 0.847080000000000 0.894760000000000 0.909260000000000 0.948600000000000 0.949660000000000 0.957860000000000 0.962400000000000
0001000010100100000000000101100100000100000010100000000100100000
0001000010100100000000000101000100000100000010000000000000110000
0001000010100100000000000101100100000100000010100000000100100000
0001000010100100000000000101100100000100000010100000000100100000
1110011001010100010000000100001000000100111001010011111000001000
0001000010100101000000000101100100000100000010100000000100100000
0001000010100100000000000101100100000100000010100000000101100000
0001000010100100000000000101100100000100000010100000000100100000
0001000010100100000000000111000100000100000010100000000100100000
0001000010100100000000000101100100000100000010100000000100100000
0001000010101100100000000101000100000100000010000000000000110000
0001000010100100000000000101100100000100000010100000000100100000
0001000010100100000000000101100100000100000010100000000100100000
0001000010100100001000010011000100000100000010000000000000110000
0001000010100100000001000101100100000100000010100000000100100000
0001000010100100000000000101100100000100000010100000000100100000
0001000010100110000000000101100100000100000010100000000100100000
0001000010101100000010000000000100001111000100000100000000000000
0001000010100100000000000101100100010100000010100000000100100000
0001000010100100000100000101100100000100000010100000000100100000
0001100010101100100000000101000100000100000010000000000000110000
0001000010100100000000000101100100000100000010100000000100100000
0001000010101100000000100101000100000100000010000000000000110000
0001000010100100000000000101100100000100000010100000000100100000
0001000010100100000000000101100100000100000010100000000100100000
0001000010100100000000000101000100001111000100000100000000000000
0000000110100100000010000000000000000100101000010011111000001001
0000000010100100000010000000000100001110000100000000000000000000
0001000010100100000000000101100100000100000010100000000100100000
0001000010100100000000000101000100100100000010100000000110100010
0001000010101100000000001101000100000100000010001000000000110000
0001000010100100000000000101100100000100000010100000000100100000
0001000010100100000000000101000100000100000010100000000000110000
1110011001000100010000000100001000000100101001010011111000001000
0001000010100100000000000101010100000100000010100000000100100000
0001000010100100000000000101000111000100000010000000000100100000
0001000010100100000000000101000100000100000010100000000100100100
0001000010100100000001000101100100000100000010100000000100100000
1110011001000100010000000100001000000100000010000000000000110000
0001000010100100000000000101100100000100000010100000000100100000
