//
segsites: 81
positions: 0.006080000000000 0.009340000000000 0.040680000000000 0.042920000000000 0.064040000000000 0.075480000000000 0.079160000000000 0.088300000000000 0.090220000000000 0.103420000000000 0.104000000000000 0.125560000000000 0.125840000000000 0.149240000000000 0.150460000000000 0.157640000000000 0.158880000000000 0.173060000000000 0.175260000000000 0.177720000000000 0.208360000000000 0.209000000000000 0.210160000000000 0.225900000000000 0.237220000000000 0.274300000000000 0.287820000000000 0.295580000000000 0.331680000000000 0.335420000000000 0.348440000000000 0.360720000000000 0.368020000000000 0.396560000000000 0.415180000000000 0.423120000000000 0.430580000000000 0.456280000000000 0.468160000000000 0.491480000000000 0.500000000000000 0.511560000000000 0.532980000000000 0.536180000000000 0.601600000000000 0.619640000000000 0.652880000000000 0.657320000000000 0.665900000000000 0.669840000000000 0.679460000000000 0.680200000000000 0.685960000000000 0.700900000000000 0.706320000000000 0.706400000000000 0.720700000000000 0.723420000000000 0.742380000000000 0.760940000000000 0.768420000000000 0.781160000000000 0.782860000000000 0.797500000000000 0.817920000000000 0.835780000000000 0.836700000000000 0.851700000000000 0.853000000000000 0.863620000000000 0.883640000000000 0.884580000000000 0.885280000000000 0.895280000000000 0.911840000000000 0.914760000000000 0.933520000000000 0.946240000000000 0.946880000000000 0.953820000000000 0.967260000000000
010100101100010000001010001000000010010010001000000000010000110100000000000001000
000100000001000100000000010000000000000100001000100001010000000000101000000100010
010100101100010000001010001000000010010010001000000000010000110100000000000001000
001100000000001000000000000001000100000100101000000000010000111100010000000001000
010100101100010001101100000010100000000000010000100000010000000000000100010000101
010000010000100001111100100000000001000000010000010110000001000010000010000000000
000101000000010000001010001000000010010010001000000000010000110100000000000001000
000110000000000100000000010000000000000100001000100001010000000000101000000100010
001100000000001000000000000010100000000000010000010110000001000010000010000000000
010100101100010000001010001000000010010010001000000000010000110100000000000001000
000100000000000110000000000010100000000000010000100000010000000000000100010000101
000101000001000100000000010010100000000100100000000000100010000001000000100010000
010100101100010000001010001000000010010010001000000000010000110100000000000001000
010100101100010000001010001000000010010010001000000000011000110100000000000001000
010100101100010000001010001000000010010010001000000000010000110100000000000001000
100000010000100001101100000000000010010010001000000000010000110100000000000001000
000100000000000100000000000010100000000000010000100000010000000000000100010000101
000101000001000100000000010010100000000000010000100000010000000000000100010000101
010100101100010000001010001000000010010000001000000000010000110100000000000001000
010100101100010000001010001000000010010010001001000000010000110100000000000001000
000100010000100001111100000000000001001000010000010110000001000010000010000000000
010100101100010000001010001000000010010010001000000000010000110100000000000001000
010100101100010000001010001000000010010010001000000000010000110100000000000001000
010100101100010000001010001000000010010010001000000000010000110100000000000001000
010100101100010000001010001000000010010010001000000000010000110100000000000001000
001100000010001000000000000010110000000000010000100000010000000000000100010000101
010100101100010000001010001000000010110010001000000000011000110100000000000001000
010100101100010000001010001000000010010010001000000000010000110100000000000001000
000100000001000100000000010000000000000100001000100001010000000000101000000100010
010100101100010000001010001000000010010010001000000000010000110100000000000001000
000100010000100001111100000000000001000000010000010110000001000010000010000000000
000100000001000100000000000001000000000101001100101001010000000000101000000100010
010100101100010000001011001000000010010010001000000000010000110100000000000001000
100000010000100001101100000000001001000000010010000000000010000001000000100000000
000100000001000100000000000001000000000101100000000000000110000001000001101010000
010100101100010000001010001100000010010000001000100001010000000000101000000100010
010100101100010000001010001000000010010010001000000000010000110100000000000001000
000100000001000100000000000001000000000101100000000000000110000001000000101010000
010100101100010000001010001000000010010010001000000000010000110100000000000001000
010100101100010000001010001000000010010010001000000000010000110100000000000001000
