//
segsites: 82
positions: 0.002320000000000 0.043940000000000 0.061280000000000 0.064240000000000 0.085840000000000 0.088180000000000 0.111540000000000 0.131260000000000 0.135140000000000 0.148160000000000 0.161700000000000 0.172040000000000 0.201860000000000 0.216680000000000 0.241380000000000 0.247700000000000 0.273380000000000 0.278580000000000 0.292760000000000 0.302080000000000 0.304420000000000 0.306840000000000 0.320880000000000 0.343420000000000 0.350340000000000 0.351680000000000 0.353920000000000 0.360920000000000 0.375840000000000 0.399840000000000 0.422500000000000 0.431360000000000 0.465560000000000 0.478540000000000 0.500000000000000 0.512440000000000 0.539260000000000 0.548120000000000 0.550940000000000 0.564000000000000 0.581180000000000 0.581400000000000 0.582540000000000 0.587100000000000 0.587480000000000 0.601120000000000 0.606340000000000 0.634460000000000 0.671960000000000 0.693100000000000 0.709480000000000 0.710260000000000 0.717380000000000 0.723400000000000 0.735540000000000 0.742820000000000 0.751700000000000 0.754060000000000 0.764740000000000 0.773200000000000 0.784040000000000 0.785140000000000 0.799940000000000 0.806480000000000 0.808440000000000 0.809820000000000 0.823420000000000 0.829620000000000 0.830580000000000 0.838940000000000 0.842060000000000 0.853240000000000 0.858160000000000 0.862780000000000 0.894260000000000 0.903140000000000 0.905320000000000 0.950020000000000 0.967680000000000 0.983460000000000 0.989180000000000 0.996780000000000
0000100000000000000110000000010000000110000000001000000010110000010010011000000010
0101100011001000000000010010001000101100100001000000010000001100000000000101000100
0000100011001000000000010000001000101100100001000000010000001100000000000101000100
0101100011001000000000010000001000101100100001000000010000001100000000000101000100
0101101011001000000000010000001000101100100001000000010000001100000000000101000100
0000100011001000000000010000001000101100100001000000010000001100000000000101000100
0101100011001000000000010000001000101100100001000000010000001100000000000101000100
0101100010110000010000000001000000000100001011010000010000001100000000000101000000
0000100011000000001000110000100100011101110001100110000000000011000001000000001000
0101100011001000000000010000001000101100100001000000110000001100000000000101000100
0101100011001000000000010000001000101100100001000000010000001100000000000101100100
0101100000000011000000001000001000001100100001000000000000000011001001000000001000
0000100000000000000110000000001000101100100001000000011000001100000000000100000000
0101100011001000000000010000001000101100100001000000010001001100000000000101000100
0101100011001000000000010000001000101100100001000000000000000000000100000010010000
0000100011001000000000010000001000101100100001000000010000001100000000000101000100
0010010000000000000110000000010000000110000000001000000010110000010010011000000000
1000100000000000000110000000010000000110000000001000000010110000010000000101000000
0000100011000000000000010000001000001100100001000000010000001100000000000101000100
0000100011000000000000010000001000001100100001000000010000001100000000000101000100
0101100010110100110000000001000001000100001011010000011000001100000000000100000000
0101100011001000000000010000001000101100100001000000010000001100000000000101000100
0000100011000000001000110000100100011101110001000110000000000011000001000000001000
0000100011000000001000110000100100011101110001100110000100000011000001000000001000
0000100011000000001000110000100100011101110101000110000000000011100001000000001000
0000100011001000000000010000001000101100100001000000010000001100000000000101000100
0000100000000000000110000000100100011101110001100110000000000011001001000000001000
0101100010110000010000000001000000000100001011010000010000001100000000000101000000
0000100011000000001000110000100000000101110001000111000000000011000001100000000001
0000100011001000000000010000001000101100100001000000010000001100000000000101000100
0000100000000000000110000000010000000110110001000110000000000011000001000000000000
0101100011001000000000010000001000101100100001000000010000001100000000000101000100
0000100011001000000000010000001000101100100001000000010000001100000000000101000100
0000100011000000001000110000100100011101110001000110000000000011000001000000001000
0101100100000011000000001000001000011101110001100110000000000011001001000000001000
0101100000000011000001001100001010000100001011010000010000001100000000000100000000
0000100011000000001000110000100000000101110001000111000000000011000001100000000001
0000100011000000000000001000001000001100100001000000010000001100000000000101000000
0101100010110000010000000001000000000100001011010000010000000000011001000000001000
0101100011001000000000010000001000101100100001000000010000001100000000000101000100
