//
segsites: 81
positions: 0.038840000000000 0.048780000000000 0.061380000000000 0.062100000000000 0.065020000000000 0.067720000000000 0.087940000000000 0.089800000000000 0.110860000000000 0.130740000000000 0.158080000000000 0.181500000000000 0.187540000000000 0.188500000000000 0.238180000000000 0.261200000000000 0.280940000000000 0.282000000000000 0.282100000000000 0.285960000000000 0.294740000000000 0.311080000000000 0.320140000000000 0.339940000000000 0.341160000000000 0.355300000000000 0.360580000000000 0.380920000000000 0.381220000000000 0.389360000000000 0.400460000000000 0.405820000000000 0.417120000000000 0.421700000000000 0.444440000000000 0.460660000000000 0.461820000000000 0.471080000000000 0.484980000000000 0.486120000000000 0.498680000000000 0.500000000000000 0.518000000000000 0.541320000000000 0.546440000000000 0.607540000000000 0.611180000000000 0.621940000000000 0.624960000000000 0.651120000000000 0.651860000000000 0.655980000000000 0.667880000000000 0.686380000000000 0.690520000000000 0.724360000000000 0.735620000000000 0.736340000000000 0.739280000000000 0.785040000000000 0.789460000000000 0.805620000000000 0.860420000000000 0.864420000000000 0.872340000000000 0.885360000000000 0.886080000000000 0.887600000000000 0.889360000000000 0.893260000000000 0.896520000000000 0.906780000000000 0.907600000000000 0.922700000000000 0.923960000000000 0.925520000000000 0.930040000000000 0.956800000000000 0.962740000000000 0.963340000000000 0.986440000000000
010001000001011010000000000000000000001001010000110011000000000100000100000010001
000000000100100001110000000000000000010000000010000000010010001000000000000000010
010001000001011010000000000000000000001001010000110011000000000100000100000010001
010001000001011010000000000000000000000000010000110011000000000000000000000000000
010001000001011010000000000000000000001001010000110011000000000100000100000010001
010001000001011010000000000000000000001001011000110011000000000100000100000010001
010001000001011010000000000000000000001001010010010011000000110000000100001000100
010001000001011010000000000000000000001001010000110011000000000100000100000010001
010001000001011010000000000000000000000000010100110011000000000100000100000010001
010001000001011010000000000000000000001001010000110011000000000100000100000010001
010001000011011010000000000000000000001001010000110011000000000100000100000010001
000000000100100001110000000000000000010000000010000000010010001000000000010000010
010001000001011010000000000000000000001001010000110011000000000000000100000010001
010001000001011110000000000000000000001001010000110011100000000100000100000010001
010001000001011010000000000000000000001001010000110011000000000100000100000010001
010011010001011010001000000000000000000000010000110011000000000100000100000010001
010001000001011010000000000000000000001001010000110011000000000100000100000010001
010001000001011010000000000000000000001001010000110011000000000100001100000010001
000000101000000000000000100000100000000010000010110011000000000100000100000010001
010001000001011010000000000000000000001001010000110011000000000000000101001000100
010001000001011010000000000000000000001001010000110011000000000100000100000010001
010001000001011010000000000000000000001001010000110011000000000100000100000010001
000000000000000000000100001000000000010000000010010011000000110000000100001000100
000000000000000000000100001000000100010000000010000100010010000011000100001000100
101000001000000001100000000000011011100100010000110011000000000000000110000010001
000000000100100001110000000001000000010000000010000000010010001000000000000000010
010001000001011010000000000000000000001001010000110011000000000100000100000010001
010001000011011010000000000000000000001001010000110011000000000100000100000010001
010001000001011010000000000000000000001001010000110011000000000100000100000010001
010001000000100000000100000000000000000000000000110011000000000011000100001000100
000000101000000000000010100000100000000000000010010011000000110000000100001000100
010001000001011010000000000000000000000000010000110011000000000100000100000010001
000000000100100000000100000000000000000000000001110011000000000011000100001000100
010001000001011010000000000000000000001001010000110011000000000100000100000010001
010001000001011010000000000000000000001001010000110011000000000100000100000010001
010001000001011010000000000000000000000000010000110011000000000000000100000001000
010001000001011010000000000000000000001001010000110011000000000100000100000010001
000000000000000000000100001000000000010000000010010011000000110000000100001000100
000100000000000001100001010110000000000000100000001000001101000000110000100100100
000000000000000000000100001000000100010000000010000100010010000011000100001000100
