//
segsites: 105
positions: 0.010440000000000 0.019780000000000 0.023040000000000 0.038160000000000 0.046260000000000 0.062120000000000 0.072060000000000 0.074760000000000 0.075640000000000 0.088140000000000 0.089760000000000 0.109560000000000 0.122160000000000 0.156640000000000 0.161900000000000 0.167940000000000 0.196380000000000 0.202700000000000 0.206900000000000 0.215680000000000 0.216600000000000 0.238500000000000 0.255360000000000 0.262120000000000 0.267900000000000 0.277940000000000 0.280500000000000 0.284420000000000 0.301240000000000 0.311040000000000 0.311460000000000 0.332040000000000 0.332960000000000 0.339900000000000 0.359760000000000 0.359800000000000 0.368720000000000 0.401600000000000 0.421880000000000 0.425500000000000 0.434300000000000 0.439280000000000 0.453040000000000 0.457780000000000 0.466680000000000 0.472600000000000 0.476920000000000 0.500000000000000 0.503880000000000 0.523660000000000 0.528700000000000 0.550380000000000 0.551440000000000 0.554120000000000 0.554200000000000 0.558040000000000 0.570760000000000 0.579900000000000 0.583320000000000 0.591200000000000 0.598960000000000 0.616060000000000 0.618000000000000 0.636700000000000 0.640900000000000 0.645000000000000 0.659880000000000 0.663840000000000 0.667020000000000 0.695200000000000 0.710860000000000 0.724640000000000 0.729920000000000 0.736280000000000 0.750720000000000 0.752600000000000 0.756580000000000 0.760920000000000 0.786820000000000 0.791320000000000 0.792120000000000 0.796180000000000 0.806420000000000 0.808540000000000 0.813140000000000 0.817900000000000 0.818260000000000 0.821180000000000 0.822540000000000 0.849180000000000 0.854900000000000 0.871560000000000 0.872660000000000 0.879340000000000 0.883260000000000 0.889820000000000 0.901300000000000 0.910580000000000 0.946140000000000 0.951400000000000 0.957640000000000 0.964340000000000 0.965700000000000 0.970560000000000 0.993420000000000
000000000000000000000000000001000000001010000011000000000100000001000001010000000000100000000000000000000
000000000000000000000000000001000000001010000011000000000100000001000000000010100100000000000100000001010
000000010000000000000000000001000000001010000011000000000100000001000001010000000000100000000000000000000
000000000100000100000000000110000000010001000000011110000000000000100000100000000000000001000000000000000
101000000000000001001000100000010000100100101000100000100000010110000100000000000000001000010000000110110
000100000000000000000000000000001000001010000000000000000110000001000100000000000000000000010000101110100
101000001000000000100000000000000101000000100100000000001000000000100010000100010010010000100000010000000
101000001000000000000000000010000000000001000000001110000000000000100000100000000000000001000000000000000
000000000000000000000000000001000000001010000011000000000100000001000001010000000000100000000010000000000
000000000100000000000000000010000000000001000000001110000000000000100000100000000000000001000000000000000
000000000000000000000000000001000000001010000011000000000100000001000001010000000000100000000000000000000
000000000000000000000000000001000000001010000011000000000100000001000001010000000000100000000000000000000
000000000000000000000000000001000000001010000011000000000100000001000001010000000000100000000000000000000
000000000010000000000000000001000000001010000011000000000100000001000001010000000000100000000000000000000
010000000100000000000000000110000000010001010000001110000000000000100000100000000000000001000000000000000
000000000000000000000000000001000000001010000011000000000100000001000001010000000001100000000010000000000
000000000000000000000000000001000000001010000011000000000100000001000001010000000000100000000000000000000
000000000000000000000000000001000000001010000011000000000100000001000001010000000000100000000000000000000
000000000000000000000000000001000000001010000011000000000100000001000001010000000000100000000000000000000
000000000000000000000000000000100101000000100100000001001000000100000010000100011010010000100000010000000
000011100000100000100101001000000100000001000000000000010000000000100000000010100100000101000000000000001
000000000000000000000000000001000000001010000011000000000100000001000001010000000000100000000000000000000
000000000000000000000000000001000000001010000011000000000100000001000001010000000000100000000010000000000
000000000000010000000000000001000000001010000011000000000100000001000001010000000000100000000010000000000
000000000000000000000000000001000000001010000011000000000100000001000001010000000000100000000000000000000
000000000000000000000000010001000000001010000011000000000100000001000001010000000000100000000010000000000
000000000100000000000000000010000010000001000000001110000000000110000100000000000000000010010000000110100
101000001000000000100000000000000101000000100100000000001000000000100000000001000000100000000100000001010
000000000000000000000000000001000000001010000011000000000100000001000000000010100100000000000100000001010
100000000000000000010010000000000101000000100100000001001000000100000010000100010010010000100000010000000
000000000000000000000000000001000000001010000011000000000100000001000001010000000000100000000000000000000
101000001000000010100000000000000101000000100100000000001000100000100000000001000000100000001100000001010
000000000000000000000000000001000000001010000011000000000100000000100000000000000000100000000001000001010
000000000000000000000000000001000000001010000011000000000100000001000001010000000000100000000000000000000
000100000001000000000000000000000101000000100100000001001000000100010010000100010010010000100000010000000
000000000000000000000000000001000000001010000011000000000100000001000000000010100100000000000100000001010
000000000000000000000000000001000000001010000011000000000100000000100000000000000000100000000001000001010
000000000000001000000000000000000101000000100100000100000001001000001000001000000000000101000000000110100
000000000000000000000000000001000000001010000010000000000100000001000000000000000000100000000000000000000
000000000000000000000000000001000000001010000011000000000100000001000001010000000000100000000010000000000
