//
segsites: 86
positions: 0.008280000000000 0.015940000000000 0.017640000000000 0.024260000000000 0.028140000000000 0.033140000000000 0.039920000000000 0.089540000000000 0.106680000000000 0.139500000000000 0.146080000000000 0.148480000000000 0.158460000000000 0.169960000000000 0.188420000000000 0.216640000000000 0.235840000000000 0.240260000000000 0.263880000000000 0.277200000000000 0.285700000000000 0.312800000000000 0.320900000000000 0.324860000000000 0.341540000000000 0.343680000000000 0.355300000000000 0.357680000000000 0.362460000000000 0.375140000000000 0.377900000000000 0.378680000000000 0.386040000000000 0.422080000000000 0.430820000000000 0.434700000000000 0.437640000000000 0.468200000000000 0.479620000000000 0.485520000000000 0.500000000000000 0.503740000000000 0.505120000000000 0.516400000000000 0.525600000000000 0.531480000000000 0.542400000000000 0.546940000000000 0.594140000000000 0.594360000000000 0.599120000000000 0.605340000000000 0.624780000000000 0.635280000000000 0.648000000000000 0.650700000000000 0.685660000000000 0.717760000000000 0.718060000000000 0.739440000000000 0.741700000000000 0.741880000000000 0.751240000000000 0.765840000000000 0.775020000000000 0.786240000000000 0.795400000000000 0.796740000000000 0.799580000000000 0.808760000000000 0.818800000000000 0.819100000000000 0.828780000000000 0.851640000000000 0.856880000000000 0.858740000000000 0.877400000000000 0.884200000000000 0.886660000000000 0.898800000000000 0.916420000000000 0.950780000000000 0.952360000000000 0.952800000000000 0.955460000000000 0.981960000000000
00000100100000000100000000000000000000001000000011010000100010100000000000010110000100
00000100100000000100000000000000000000001000000011010000100010100000000000010110000100
00000000000000001100000000000000000000001000000011010000100010100000000000010110000100
00000100100000000100000000000000000000001000000011010000100010100000000000010110000100
00000100100000000100000000000000000000001000000011010000100010100000000000010110000100
00000000000000001100000000000000000000000000000011010000101010100000000000010000100010
00000100100000000100000000000000000000001000000011010000100010100000000000010110000100
10000010000000000100000000000000100100000000000011010000100010100000000000011110100010
00000100100000000100000000000000000000001000000011010000100010100000000000010110000100
00001100100000000100000000000000000000001000000011010000100010100000000000010110000100
00000100100000000100000000000000000011100001000000000000000000010000000000000100000000
00000100100000000100000000000000000000001000000011010000100010100000000000010110000100
00000010000000000100000000000000100100000000000011010000100010100000000000010110100010
00000100100000000100000000000000000000000000000011010000100010100000000000010110010100
00000100100000000100000000000000000000001000000011010000100010100000000000010110000100
00000000000000100000000000000001000000010010010000000000000000000011100010100000000001
10000010000000000100000000000000100100000000000011010000100010100000001000011110100010
00000100100000000100000000000000001000000000000011010000100010100000000000010111000100
00001100100000000100000000000000000000001000000011010000100010100000000000010110000100
00000101100000000100000001000000000000001000000011010000100010100000000000010110000100
00000100100000000100000000000000000000001000000011010000100010100000000000010110000100
00000100100000000100000000000000000000001000000011010000100010100000000000010110000100
00000000000000000010101010000000000010000100001000000011100000101000000000100000001000
00000000000000000010101010000000000010000100001000000010100100101000000000100000001000
10000010000001010000000000000110000000000000100100000000000000010000000000000100000000
00100000001010000000000010111000000011100000000000000000000000000100000100000100000000
00000100100000000100000000000000000000001000000011010000100010100000000000010110000100
10000010000000000100000000000000100100000000000011010000100010100000000000011110100010
00000100100000000100000000000000000000001000000011010000100010100000000000010110000100
10000010010000000000010000000001000000000010010000101100010001000000000001000110000100
00000100100000000100000000000000000000001000000011010000100010100000000000010110000100
00000100100100000101000000000000000100000000000011010000100010100000000000010110000100
00000100100000000100000000000000000000001000000011010000100010100000000000010110000100
00000100100000000100000000000000000000001000000011010000100010100000000000010110000100
00000100100000000100000000000000000000001000000011010000100010100000000000010110000100
00000100100000000100000100000000000000001000000011010000100010100000000000010110000100
00000000000000100000000000000001000000010010010000000000000000000011100010100000000001
01000100100000000100000000000000010000000000000011010000100010100000010000010110000100
00000000000000001100000000000000000000000000000011010000101010100000000000010000100010
00010100100100000100000000000000000100000000000011010000100010100000000000010110000100
