//
segsites: 99
positions: 0.024540000000000 0.033360000000000 0.045300000000000 0.064400000000000 0.084980000000000 0.097560000000000 0.107020000000000 0.109860000000000 0.114960000000000 0.127960000000000 0.128460000000000 0.140880000000000 0.146180000000000 0.148080000000000 0.156580000000000 0.161340000000000 0.163360000000000 0.166960000000000 0.178080000000000 0.180160000000000 0.185660000000000 0.212080000000000 0.233000000000000 0.234020000000000 0.237060000000000 0.248740000000000 0.262020000000000 0.286580000000000 0.295300000000000 0.304340000000000 0.304780000000000 0.319900000000000 0.321720000000000 0.328980000000000 0.345280000000000 0.355640000000000 0.357500000000000 0.365920000000000 0.371760000000000 0.400540000000000 0.413140000000000 0.414400000000000 0.423800000000000 0.427120000000000 0.439820000000000 0.448340000000000 0.462720000000000 0.465740000000000 0.471480000000000 0.478520000000000 0.489520000000000 0.500000000000000 0.500240000000000 0.504680000000000 0.540120000000000 0.540880000000000 0.548900000000000 0.552840000000000 0.566980000000000 0.568500000000000 0.581820000000000 0.592640000000000 0.623760000000000 0.626120000000000 0.643400000000000 0.644680000000000 0.645700000000000 0.662200000000000 0.665940000000000 0.674700000000000 0.679960000000000 0.686860000000000 0.687300000000000 0.695560000000000 0.698080000000000 0.698900000000000 0.729980000000000 0.743780000000000 0.750440000000000 0.757260000000000 0.759620000000000 0.768200000000000 0.770180000000000 0.772880000000000 0.799000000000000 0.801940000000000 0.829540000000000 0.848180000000000 0.860400000000000 0.878640000000000 0.882080000000000 0.891040000000000 0.899280000000000 0.920440000000000 0.948380000000000 0.962140000000000 0.969720000000000 0.972580000000000 0.990200000000000
000000010010000000001100001000100100011000000000000000000000010001000000000100010100100000010000000
000000010010000000001100000000000100011000000000000000000000000010000000000000000000000000010000000
000000010010001000000000010000000010100000110100000101000001000000000000001000000001100000010000000
000000100000010101000000000000000100010001001000000101000001000000000000001000000001100000010000000
000000010010000000000000010000000010100000110100000101000001000000000000001000000001100000010000000
000000010010000000000000010000000010100100110100000101000001000000000000001000000001100000010000000
000000010010000000000000010000000010100000110100000101000001000000000000001000100001100000010000000
000000010000000100010000000001000000000000110100000101000001000000000000001000000001100000010000000
001010100001000110100001000000100000000000001000000010000010000100000001000000000000010010000100000
000000010010000000000000010000000010100000110100000101000001000000000000001000000001100000010000000
010000010010000000001100001000100100011000000000010000000000010001000000000100010000100000000010100
000000010000000100010000000001000000000000100010000000001000000010000000000000000000000001000000000
100000100001000110100001000000100000000000001000000010000010000100000001000000000000010010000100000
000000010010000000000000010000000010100000110100101101000001000000000000001000000001100000010000000
000000010010000000000000010000000010100000110100000101000001000000000000001000000001100000010000000
000000010010000000000000010000000010100000110100000000001000000010000000000000000000000001000000000
000000010010000000000010010000000010100000110100000101000001000000010110100011000000001000000001000
000000010010000000000000010000000011100000110100000001000001000000000000001000000001100000010000000
000000010010000000000000010000000010100000110100000101000001000000000000001000000001100000010000000
000000010010000000000000010000000010100000110100000101000001000000000000001000000001100000010000000
000000101001110100000000000001000000000000100010000000000000010001000000000100010100100000000000100
000000010010000000000000010000000010100000110100000101000001000000000000001000000001100000010000000
000000010010000000000000010000000010100000110100000101000001000000000000001000000001100000010000000
000000010010000000000000010000000010100000110100000101000001000000000000001000000001100000010000000
000000010000000000000000110000000000100000110100000001000000000000000000010000000000000010110000000
000000010010000000000000010000000010100000110100000101000001000000000000001000000001100000010000000
000000010010000000000000010000000010100000110100000101000001000000000000001000000001100000010000000
000000010010000000000000010000000010100000110100000101000001000000000000001000000001100000010000001
000000010010000000000000010000000010100000110100000101000001000000000000001000001010000001000000000
000000010010000000000000010000000010100000110100000101000001000000000000001000000001100000010000000
000000010010000000000000010000000010100000110100000101000001000000000000001000000001100000010000000
000000100000010101000000000000000100010000001000000000100000101000000001000000000000000010000100000
000000010010000000000000010000000010100000110100000101000001000000000000001000000001100000010000000
000000010010000000000000010000000010100000110100000101000001000000000000001000000001100000010000001
000000010010000000000000010000001000100000110100000001000000000000100000010000000000000000000100010
000000010010000000000000010100000010100000110100000101000001000000000000001000000001100000010000000
100000100001000110100001010000000000100000110100000001000000000000000000010000010000100010010000000
000000010010000000000000010000000010100000110100000001000001000000000000001000000001100000011000000
000101000100000110100000000010010000010010000001000000010100000000001000000000000000000101000000000
000000010010000000000000010000000010100000110100000101000001000000000000001000000001100000010000000
