//
segsites: 54
positions: 0.008820000000000 0.020100000000000 0.043900000000000 0.045620000000000 0.055280000000000 0.058820000000000 0.063300000000000 0.075920000000000 0.078060000000000 0.090400000000000 0.113240000000000 0.126060000000000 0.156380000000000 0.221340000000000 0.222040000000000 0.230280000000000 0.241440000000000 0.244160000000000 0.254620000000000 0.262180000000000 0.302080000000000 0.309380000000000 0.310900000000000 0.311560000000000 0.322180000000000 0.323040000000000 0.349940000000000 0.361260000000000 0.363300000000000 0.377200000000000 0.378800000000000 0.400760000000000 0.470280000000000 0.500000000000000 0.559680000000000 0.647900000000000 0.685660000000000 0.693440000000000 0.694420000000000 0.705100000000000 0.716220000000000 0.752420000000000 0.770100000000000 0.824320000000000 0.836340000000000 0.866360000000000 0.879480000000000 0.895920000000000 0.902400000000000 0.903840000000000 0.964280000000000 0.986820000000000 0.988700000000000 0.993960000000000
010001000000010000000011000010101000000110010010100000
010000000000010000000010000101010100000110000000100011
101000010010000001010100000000100000000110000101100011
010000000000010000000010000101010100000110000000100011
010000000000010000000010000101010100000110000000100011
010000000000010000000010000101010100000110000000100011
010000000000010000000010000101010100000110000000100011
010000000000010000000010001101010010000110000000100100
000000001100001001010100000000100000110100000000110000
010000000000010000000010000101010100000110000000100011
010000000000010000000010000101010100000110000000100100
010000000000000010100000000000100000000110000000100011
010000000000010000000010000101010100000110000000100011
010100000000010000000010000101010100000110000000100100
010000000000010000000010000101010100000110000000100011
010000000000010000000010000101010100000110000000100011
010000000000010000000010000101010100000110000000100011
010000000000010000000010010101010101000110000000100011
010000000000010000000010000101010100000110000000100011
010000000000010000000010000101010100000110000000100011
001010000010000001011100000000100000001110000010100000
010001000000010000000011000010101000000110010010100000
000000001101000100100000000000100000000110000101100011
001000100000010000000010000101010010000110000000100100
010000000000010000000010000101010100000110000000100011
010000000000010000000010000101010100000110100010100000
010000000000010000000010000101010100000110000000100011
010000000000010000000010000101010100000110000000101011
101000000010000000100000000000100000000110000000100011
001000000010100001010100000000100000000110000010100000
010000000000010000000010100101010000000110000000100011
000000001101000100100000000000100000000111000101100011
010000000000010000000010000101010100000110000000100011
010000000000010000000010000101010100000110000000100011
010000000000010000000010000101010100000110000000100011
010000000000010000000010000101010100000110000000100011
010000000000010000000010000101010100000110000000100011
001010000010000000000010000101010100000110000000100011
101000000000010000000010000101010100000110000000100011
010000000000010000000010000101010100000110001000100011
