//
segsites: 74
positions: 0.008860000000000 0.037620000000000 0.046120000000000 0.050360000000000 0.058520000000000 0.058560000000000 0.079160000000000 0.083740000000000 0.088840000000000 0.095960000000000 0.100360000000000 0.119540000000000 0.138640000000000 0.141700000000000 0.146200000000000 0.174480000000000 0.185220000000000 0.211000000000000 0.221440000000000 0.239280000000000 0.253520000000000 0.295620000000000 0.299140000000000 0.347980000000000 0.375100000000000 0.382720000000000 0.386540000000000 0.387000000000000 0.397340000000000 0.414260000000000 0.437340000000000 0.448820000000000 0.449480000000000 0.470900000000000 0.473140000000000 0.490980000000000 0.500000000000000 0.502080000000000 0.506440000000000 0.526980000000000 0.528260000000000 0.573700000000000 0.585740000000000 0.615220000000000 0.624180000000000 0.629180000000000 0.637440000000000 0.652360000000000 0.676880000000000 0.692000000000000 0.707940000000000 0.724920000000000 0.734040000000000 0.734360000000000 0.734560000000000 0.747200000000000 0.760900000000000 0.764980000000000 0.782320000000000 0.801440000000000 0.820880000000000 0.836660000000000 0.844280000000000 0.854940000000000 0.857340000000000 0.881500000000000 0.888640000000000 0.894240000000000 0.911520000000000 0.914560000000000 0.920260000000000 0.939420000000000 0.943620000000000 0.946640000000000
00100000100000000011010100001001000100100000000010010000100000000100101010
01100000001000000000000001000010010000000010000010010000101000000000100000
10100100010010100000000000000101000101100000010000001000100001111000010000
00100000100000000011010100001001000110011000000010010000101000000000100000
00100000100000000011010100001001000110011000000010010000101000000000100000
00100100010100100000000000000001000101111000001010010000101000000000100000
00100000100000000011010100001001000110011000000010010000101010000000100000
01100001001000000011010000001001001100011000100010010000101000000100101010
00100000100000000011010100001001000100100000000010010000100000000100101010
00001010000000000000000001000010010000000010000010010000101000000000100000
00100000100000000011010100001001000110011000000010010000101000000000100000
10100100010010100000000000000101000101100000010000001000100001111000010000
00100000100000000011010100001001000110011000000010010000101000000000100000
00100000100000000011010100001001000100100000000010010000100000000100101010
00100000100000000011010100001001000110011000000010010000101000000000100000
00100000100000000011010100001001000110011000000010010000101000000000100000
00100000100000000011010100001001000110011000000010010000101000000000100000
01100000001000010111010000001000100000011000000110010001101000000001000001
10110100000000000000000000000001000100011000000010010000101000000000100000
00100000100000000011010100001001000110011000000010010000101000000000100000
00000010000000001000000001000010010000000010000010010010101000000010100000
00100000100000000011010100001001000100100000000010010000100000000100101010
00100000100000000011010100001001000110011000000010010000101000000000100000
10100100000000000000000010000001000110011000000010010000101000000000100000
01100000001001000011011000001000100000011001000010010000101000000000100000
01100000001000000011011000001000100000011001000010010000101000000000100000
00100000100000000001110001110010000000000100010000000000100000000001000001
00100100010100100000000000000001000101111000000010010000101000000000100000
01100000001000010111010000001000100000011000000110010100101000000001000101
00100000100000000011010100001001000100100000000010010000111000000000100000
00100000100000000011010100001001000110011000000011010000101000000000100000
00100000100000000011010100001001000110011000000010010000101000000000100000
00100000100000000011010100001001000110011000000010010000101000000000100000
00100000100000000011010100001001000110011000000010110000100100000100101010
00100000100000000011010100001001000110011000000010010000101000000000100000
00100000100000000011010100001001000110011000000010010000101000000000100000
00100000100000000011010100001001000110011000000010010000101000000000100000
00100000100000000011010100001001000110011000000010010000101000000000100000
00100000100000000011010100001001000110011000000010010000101000000000100000
00100000100000000011010100001001000110011000000010010000101000000000100000
