//
segsites: 62
positions: 0.016580000000000 0.030340000000000 0.039800000000000 0.067300000000000 0.084960000000000 0.128300000000000 0.130080000000000 0.155100000000000 0.165680000000000 0.168740000000000 0.189660000000000 0.242620000000000 0.261220000000000 0.300420000000000 0.304220000000000 0.305820000000000 0.310660000000000 0.312260000000000 0.321640000000000 0.321780000000000 0.324520000000000 0.326620000000000 0.369460000000000 0.377040000000000 0.389520000000000 0.405780000000000 0.426440000000000 0.435880000000000 0.437240000000000 0.438960000000000 0.447180000000000 0.484800000000000 0.490700000000000 0.496480000000000 0.500000000000000 0.510300000000000 0.523140000000000 0.527560000000000 0.543340000000000 0.590400000000000 0.598760000000000 0.617040000000000 0.661260000000000 0.708780000000000 0.774800000000000 0.782340000000000 0.787840000000000 0.791140000000000 0.793520000000000 0.807360000000000 0.811240000000000 0.815980000000000 0.824980000000000 0.842660000000000 0.864820000000000 0.870480000000000 0.876440000000000 0.887780000000000 0.913660000000000 0.913860000000000 0.919200000000000 0.941700000000000
11000001101000000000001010001100001100001000000001000000000000
00001000000100000011000000000000000010000000000000001000010000
11000001101000000000001010001100001100001000100001100000001011
11000001101000000000001010001100001100001000000001000000000000
00011000000100000000001010000000000000010001000000001000010000
00001000000000000000001010000000000000010101000001000000001011
00000000100100000011000000000000000000000000100001100000110000
11000001101000000000001010001100001100001000000001000000000000
00001000000100000011000000000000000000000000011100000000001011
11100000101000000000001011001110000100001000000001000000000000
00001000000000001000001010001100001100001000000001000000000000
01000000101000000000001010001100000100001000000001000001000000
00000100000001000000000100010000000000000010011100000000001011
11000001101000000000001010001100001100001000000001000000000000
11000011101000000000001010001100001100001000000001000000000000
00000100000011000000000100110000000000000010011100000000000000
11000001101000000000001010001100001100001000000001000000000000
11000001101000000000001010001100001100001000000001000000000000
11000001101000000000001010001100001100001000000001000000000000
00001000000000000000001010000000000000010001000010001000010000
11000001101000000000001010001100001100001000000001000000000000
00011000000100000000001010000000000000010001000000001000010000
11000001101000000000001010001100001100001000000001000000000000
11000000100100000011000000000000010000000000011100000010001011
00000100000001000000000100010000000000000010011100000000000000
00000000110100110100010000000000000000000000000001000000001011
11000001101000000000001010001100001101001000000001000000000000
11000001101000000000001010001100000100001000000001000000000000
11000001101000000000001010001100001100001000000000001000010000
11000001101000000000001010001100001100001000000001000000000100
11000001101000000000001010001100001100001000100001100000001011
11000001101000000000001010001101100100001000000001000000000000
11000000101000000000000100010000000000100000011100000100000000
00001000000000000000001010000000000000010001000010001000010000
01000000101000000000001010001110000100001000000001000000000000
00001000000000000011000000000000000000000000011100010010001011
00001000000000000000101010000000000000010001000000001000010000
11000001101000000000001010001100001100001000000001000000000000
11000001101000000000001010001100001100001000000001000000000000
11000001101000000000001010001100001100001000000001000000000000
