//
segsites: 51
positions: 0.021920000000000 0.023820000000000 0.083460000000000 0.085260000000000 0.096480000000000 0.122600000000000 0.169760000000000 0.195600000000000 0.224060000000000 0.238320000000000 0.251000000000000 0.270860000000000 0.287740000000000 0.292800000000000 0.298400000000000 0.322760000000000 0.351780000000000 0.374300000000000 0.392100000000000 0.414900000000000 0.429560000000000 0.434940000000000 0.444940000000000 0.471700000000000 0.477740000000000 0.499780000000000 0.500000000000000 0.573320000000000 0.588300000000000 0.596400000000000 0.628400000000000 0.639120000000000 0.659560000000000 0.681600000000000 0.686880000000000 0.691540000000000 0.700260000000000 0.703900000000000 0.734520000000000 0.773060000000000 0.776380000000000 0.779120000000000 0.786480000000000 0.821220000000000 0.834000000000000 0.856900000000000 0.899380000000000 0.905020000000000 0.952000000000000 0.955160000000000 0.971740000000000
101011001001000001110101001010000000000000000100000
101011001001000001110101001010101011010100101000010
000000001001000101111100000010000100001000000101000
101010001001000101110100010100000100000000010100000
101011001001000001110101001010101011010100101000000
101011001001000001110101001010000000000000000100000
101011001101000101110100000010101011010100101100000
010000110011000101110100010100000100000000010110000
101010001001000101110100000010101011010100101000010
101011001001000001110101001010000000000000010100000
101011001001000001110101001010000000000000010100000
101011001001000001110101001010000000000000010100000
101011001001000001110101001010101011010100101000000
101011001001000001110101000010000000000000010100000
101011001001000001110101001010000000000000010100000
101011001001000001110101001010000000000000010100000
101011001001000001110111001010010000000000010100000
101010001001000101110100010100000100000000010100000
101011001001000001110101001010000000000000010100000
000000000000011111110100000010101011010100101000000
000000001001000101111100000010000100001000101000010
000000001001000101111100000010000100001000000100100
101011001001000001110101001010000000000000010100000
101011001001000001110101001010000000000000000100000
000000000000011101110100000010101011110111101100001
101011001001000001110101001010000000000000000100000
000000000000011101110100000011000000000000010100000
101011001001000001110101001010101011010100101000000
101010001001000101110100000010101011010000000100000
101011001001000001110101001010000000000000010100000
101011001001000001110101001010101011010100101000000
101011001001000001110101001010000000000000010100000
101010001001100001110100100010101011010100101000010
101011001001000001110101001010101011010100101000000
101010001001000101110100010100000100000000010100000
101010001001000101110100000010101011010000000000010
101011001001000001110101001010000000000000000100000
101011001001000001110101001010000000000000010100000
101111001001000001110101000010000000000000010100000
101011001101000101110100000010101011010100101100000
