//
segsites: 65
positions: 0.041120000000000 0.044320000000000 0.057960000000000 0.096260000000000 0.098080000000000 0.106860000000000 0.117740000000000 0.144580000000000 0.181580000000000 0.192800000000000 0.201540000000000 0.206480000000000 0.231920000000000 0.254040000000000 0.265060000000000 0.273420000000000 0.316680000000000 0.322520000000000 0.355620000000000 0.367380000000000 0.388040000000000 0.388700000000000 0.394220000000000 0.425360000000000 0.435640000000000 0.472040000000000 0.482180000000000 0.488600000000000 0.490740000000000 0.490860000000000 0.495940000000000 0.500000000000000 0.504160000000000 0.506220000000000 0.506600000000000 0.554720000000000 0.582320000000000 0.587760000000000 0.589020000000000 0.619380000000000 0.625940000000000 0.635460000000000 0.659600000000000 0.689280000000000 0.698500000000000 0.703540000000000 0.721600000000000 0.736500000000000 0.737100000000000 0.750520000000000 0.751960000000000 0.753480000000000 0.785980000000000 0.797160000000000 0.802700000000000 0.803380000000000 0.841500000000000 0.855580000000000 0.863020000000000 0.900140000000000 0.905940000000000 0.946820000000000 0.967760000000000 0.985960000000000 0.996220000000000
00100000010010000101000000001000101000100000001100000010001111000
01000010010010000101000000001000101000100000000100000010001111000
00100000010010000101100000001000101000100000000100000010001111000
00000000010010000101000000001001101001000001000100000000101110000
00000000010010000101000000000010000000000001000100000000101110100
00001100101100110000001001100000010110011000110000011000001000000
00001100101100110000001001000000010110001000110000011000001000010
00000000010010000101000000011001101000100000000100000000101110000
00000000010010000101000000001001101000100000000100000000101110000
00000000010010000101000000001001101000100000000100000000101110000
00000000010010000101000000001001101000100000000100000000101110000
00100000010010110000000000000000000000000001000100000000101110000
00000000010010000101000000001001101000100000000100000000101110000
00100000010010110101000000001001101000100000000100000000101110000
00000000010010000101000000001001101000100000000100000000101110000
00000000010010000101000000001001101000100000000100000000101110000
00100000010010110000000000000100000000000001000100000000101110000
00001100101100110000000000000000000000100001000100000000101110000
00100000010010000111000000001000101000100000000100000000101110000
00100000010010110000000110000000000000000001000100000000101110000
01000010010010001101000000000010000000000111000100000000111110000
00000000010010000101000000001001101000100000000100000000101110000
00001100101100110000010000000000000001000001000100000000101110000
00000000010010000101000000001001101000100000000100000000101110000
00110000010010110000000110000000000000000001000101000000101110000
00001100101100110000010000000000000001000001000100100001101110000
01000010010010001101000000001000101000100000000100000010001111000
00100000101100110000000000000000000000000001000100000000101110000
00001100101100110000001001000000010110001000110000011000001000010
00000000010010000101000000001001101000100000000100000000101110000
00000000010010000101000000001001101000100000000100000000101110000
00000000010010000101000000001001101000100000000100000000101110000
00000000010010000101000000001001101000100000000100000000101110000
00000000010010000101000000001001101001000001000100000000101110000
00001101101101110000000000000000000000100000000100000010001111000
10100000010010000101000000001000101000100000000100000010000110000
00001100101100110000010000000000000001000001000100000000101110000
00000000010010000101000000001001101000100000000100000000101110000
00000000010010000101000000001000101000100000000110000010001111000
00000000010010000101000000000010000000000001000100000100101010001
