//
segsites: 92
positions: 0.034860000000000 0.037780000000000 0.054060000000000 0.069980000000000 0.082440000000000 0.089040000000000 0.090700000000000 0.111540000000000 0.119900000000000 0.121740000000000 0.123600000000000 0.164120000000000 0.172420000000000 0.174380000000000 0.224020000000000 0.226520000000000 0.226700000000000 0.234340000000000 0.257880000000000 0.261560000000000 0.266040000000000 0.283200000000000 0.283680000000000 0.285380000000000 0.295140000000000 0.295900000000000 0.300620000000000 0.310440000000000 0.318940000000000 0.319280000000000 0.320440000000000 0.320980000000000 0.324720000000000 0.343700000000000 0.347020000000000 0.355560000000000 0.358400000000000 0.385760000000000 0.399060000000000 0.410580000000000 0.418160000000000 0.420480000000000 0.429920000000000 0.430440000000000 0.432420000000000 0.458000000000000 0.462400000000000 0.463300000000000 0.482400000000000 0.489560000000000 0.500000000000000 0.508360000000000 0.533440000000000 0.543200000000000 0.567140000000000 0.571180000000000 0.585340000000000 0.593860000000000 0.611900000000000 0.617600000000000 0.625160000000000 0.649680000000000 0.651500000000000 0.655680000000000 0.667560000000000 0.683760000000000 0.694740000000000 0.698520000000000 0.701620000000000 0.704760000000000 0.717300000000000 0.729340000000000 0.734000000000000 0.736600000000000 0.747560000000000 0.754540000000000 0.754760000000000 0.763620000000000 0.773340000000000 0.799760000000000 0.833360000000000 0.835100000000000 0.840180000000000 0.855480000000000 0.883320000000000 0.945900000000000 0.953640000000000 0.953920000000000 0.962360000000000 0.965240000000000 0.977460000000000 0.981920000000000
00001000000000000001000000000100000001000010000000100000000000110000000000000111000100100000
00001000000000001000100001000100000001000010000000000000001000001000001010100000000000001000
00000001010000100000100001000100000001000010000000100000000000110000000000000111000100100000
11000010000010000000001000000100000100000001001001000000010000110000000000000101000000100000
00001000000000000000100000000100000001000010000100000000001101110000000100000001011000110001
00001000000000000001000000000100000001000010000000100000000000110000000000000111000100100000
00111000000000000000100000000100000001000010000000000000001000001000000000000001001000110001
00001000000000000000000000001100000000000100110000010111100000110001110000010001100000001000
00001000000000000000100100000100000001000010000100000000000011110000000000000001001000110001
00001000000000000001000000000100000001000010000000100000000000110000000000000111000100100000
00001000000000000001010000000100000001000010000000100000000000110000000000000111000110100000
11000010000010000000001000000100000100000001001001000000010000110000000000000101000000100000
00000000101000000010000000010000111000101000000000001000000000000110010000000001000000100010
00001000000000000001000010000100000001000010000000100000000000110000000000000111000100100000
00001000000000000001000000000100000001000010000000100000000000110000000000000111000100100000
00001000000000000001000000000100000001000010000000100000000000110000000000000111000100100000
00001000000000000001000000000100000001000010000000100000000000110000000000000111000100100000
00001000000000000000100000000100000001000010000000000000001000001000001010001000000000001000
00001100000000000000100000000100000001000010000000000000001001110000000000000001001000110001
00001000000000000001000000000100000001000010000000100000000000110000000000000111000100100000
00001000000000000001000000000100000001000010000000100000000000110000000000000111000100100000
00001100000000000000100000000100000001000010000000000000001000001001110001000001100000110001
00001000000000000001000000000100000001000010000000100000000000110000000000000111000100100000
00001000000000000001000000000100000001000010000000100000000000110000000000000111000100100000
00000000000000011101000000000001000001000010000000000000001000001000001010100000000000001000
00001100000000000000100000000100000001000010000000000000000000110000000000000111000100100000
00001000000000000001000000000100000001000010000000100000000000110000000000000111000100100000
00001000000000000001000000000100000001000010000000100000000000110000000000000111000100100000
00001000000000000000100000000100000001000010000100000000001001110000000000000001001000110001
00000000000100000000100000000100000001000010000000000000001000001000001010000000000000001000
00001000000001000001000000000110000001000010000010100000000000110000000000000111000100100000
00001000000000000001000000000100000001000010000000100000000000110000000000000111000100100000
00001000000000000001000000000100000001000010000000100000000000110000000000000111001000110001
00001000000000000001000000000100000001000010000000100000000000110000000000000111000100100000
00001000000000000001000000000100000001000010000000100000000000110000000000000111000100100000
00001000000000000001000000000100000001000010000000100000000000110000000000000111000100100000
00001000000100000000100000000100000001000010000000000000001000001000001010000000000000001000
00001000000000000001000000100100000001000010000000100000000000110000000000000111000100100000
00000000000000000000100000000100000001010010000000000000001000001000001010000000000001100100
00000001010000100000100001000100000011000010000000000000001000001000001010000000000000001000
