//
segsites: 63
positions: 0.013980000000000 0.043040000000000 0.051960000000000 0.066720000000000 0.073940000000000 0.096020000000000 0.113400000000000 0.127700000000000 0.147540000000000 0.164960000000000 0.181940000000000 0.196140000000000 0.209940000000000 0.215560000000000 0.260780000000000 0.269760000000000 0.271060000000000 0.286300000000000 0.320420000000000 0.322420000000000 0.323580000000000 0.326680000000000 0.341360000000000 0.353240000000000 0.402860000000000 0.408980000000000 0.414940000000000 0.445940000000000 0.456900000000000 0.466380000000000 0.469440000000000 0.487020000000000 0.495540000000000 0.498740000000000 0.500000000000000 0.523280000000000 0.532540000000000 0.550440000000000 0.554240000000000 0.578200000000000 0.617980000000000 0.629140000000000 0.666320000000000 0.681980000000000 0.695460000000000 0.716220000000000 0.717020000000000 0.756280000000000 0.773380000000000 0.791980000000000 0.812740000000000 0.825180000000000 0.833160000000000 0.843780000000000 0.847840000000000 0.850980000000000 0.866780000000000 0.870460000000000 0.883380000000000 0.890400000000000 0.929960000000000 0.931460000000000 0.986980000000000
000100010010000001000001010001000100001011001000010000011000100
000100010010000001000001010001000110001011001000010000011000100
100000000000000000000001110000100000101001000000010000011000000
100000000000111000010001010100001000000001000010000000100000001
000100010010000001000001010001000110001011001000010000011000100
000001000000000011000001010001000110011011001000010000011000100
000100010010000001000001010000000001000001000000000000000010000
000100010010000001000001010001000110001011001000010000011000100
110000000100000000100001010000000000101001000000011101000100000
000100010010000001000001010001000110001011001000010000011000100
100000000000000000000001010000000000101001000000011101000100000
000100010010000001000001010001000110001011001000010000011000100
000001000000000011000001010001000110011011001000010000011000100
000100010010000001000001010001000110001011001000010000011001100
100000000000000010000001010100001000001011011000010000011000100
100010000000000000000001010000100000101001000000010000011000000
000100010010000001000001010001000110001011001000010000011000100
000100010010000001000001010001000110001011001000010000011000100
101000000000000000000001110000100000101001000101110010000000000
000100010010000001000001010001000110001011101000010000011000000
000100010010000001000001010001000110001011001000010000011000100
000100010010000001000001010001000110001011001000010000011000100
000100010010000001000011010001000100001011001000010000011000100
000100010010000001000001010001000110001011001000010000011000100
100000000000000010000001110000100000101001000000010000011000000
000100010010000001000001010001000110001011001000010000011000000
000100010010000001000001010000000001000001000000000000000010000
100010000000000000000001010000100000101001000000010000011000000
100000000001000000000101010000100000101001000000010000011000010
000100011010000001000001010001000110001011001000010000011000100
100000100010000001000001010001000110001011001000010000011000100
000100010010000001000001010001000110001011001000010000011001100
100000100000010001000001010000100000101001000000010000011000000
100000100000010000000001010100001000000001000000000000000010000
000001000000000100001000001010010000000100000000000000000010000
100000100000010000000001010001000100001011001000010000011000100
000100010010000001000001010001000110001011001000010000011000100
100000000010000001000001010001000110001011001000010000011000100
000100010010000001000001010001000110001011001000010000011000100
000001000010000001000001010001000110001011001000010000011000100
