//
segsites: 64
positions: 0.022220000000000 0.027000000000000 0.036980000000000 0.037920000000000 0.077080000000000 0.085420000000000 0.095240000000000 0.103640000000000 0.103720000000000 0.108760000000000 0.121140000000000 0.144820000000000 0.231240000000000 0.239800000000000 0.245040000000000 0.274180000000000 0.284580000000000 0.336220000000000 0.359620000000000 0.367240000000000 0.373040000000000 0.380020000000000 0.380640000000000 0.383220000000000 0.386300000000000 0.403220000000000 0.426820000000000 0.441680000000000 0.452560000000000 0.454280000000000 0.500000000000000 0.535460000000000 0.573340000000000 0.588140000000000 0.601560000000000 0.605400000000000 0.612580000000000 0.630940000000000 0.650940000000000 0.668240000000000 0.673580000000000 0.684800000000000 0.690340000000000 0.693380000000000 0.711440000000000 0.741620000000000 0.745640000000000 0.772700000000000 0.796160000000000 0.797660000000000 0.821280000000000 0.821940000000000 0.827420000000000 0.832120000000000 0.838980000000000 0.883540000000000 0.886660000000000 0.889820000000000 0.953740000000000 0.955280000000000 0.956040000000000 0.965960000000000 0.977880000000000 0.996200000000000
0001100000010110000000000000011010000100000010010010100110000000
0001100000010110000000000000011010000100000010010010100110000000
0000000001001001000000000000010010000110000010000100000000010011
0000000000000000010000000000000000000000010000000000100110000000
0000000000000001000000000000010010010100000010000101010110000000
0001100000010110000000000000011010000100000010010010100110000000
0001100000010110000000000000011010000100000010010010100110000000
0000000000000000000100000000010010000100000010000100000000000011
0000001100010110000010000010010000000000000000000100001000000011
1001000000010110000010000010010010001000100001110000100110101000
0010000000101001100000000000010011000100000010000100000000000011
0000000000000000010001000110000000000000000000000000000001101000
0000000000000000000100000000010010000100000010000100000000000000
0000011110001001000000000000010010000100000010010000100110000000
0000011110001000000010000000010010000100000010000100000000010011
0000000000001001000000010000010010000100000010000100000000000011
0001100000010110000000000000011010000101001010000100100110000000
0001100000010110000000000000011010000100000010010010100110000000
0001100000010110000000000000011010000100000110010010100110000000
0001000000010110010001001101100100000000000000000100000000000011
0001100000010110000000000000011010000100000010010010100110000000
0001100000010110000000000000011010000100000010010010100110000000
0000000000000000010000000000010010000100000010000100000000010011
0001000000010110011001000101100000000000000000001100000000000011
0001100000010110000000000000011010000100000110010010100110000000
0001100000010110000000000000011010000100000010010010100110000000
0001100000010110000000000000011010000100000110010010100110000000
0000000000000000000100000000010010000100000010000100000000000011
0001100000010110000000000000011010000100000010010010100110000000
0000011110001001000100000000010010000100000010000000100110000000
0001100000010110000000000000011010000100000010010010100110000000
0001100000010110000000000000011010000100000010010010100110000000
0001100000010110000000000000011010000100000010010010100110000000
0001100000010110000000000000011010000100000010010010100110000000
0000000000000000010000000000010010100100000010000100000000000011
0001100000010110000000000000011010000100000010010010100110000000
0000000001001001000000000000010010000110000010000100000000010011
0101000000010110000010000010010010001000100001110000100110000000
0001000000010110000010100010010010000100000010000100000000000111
0001100000010110000000000000011010000100000010010010100110000000
