//
segsites: 74
positions: 0.027020000000000 0.030440000000000 0.038840000000000 0.043120000000000 0.045560000000000 0.046300000000000 0.054180000000000 0.057780000000000 0.062580000000000 0.077220000000000 0.083940000000000 0.099200000000000 0.115720000000000 0.146420000000000 0.153720000000000 0.166060000000000 0.172400000000000 0.176000000000000 0.194240000000000 0.196580000000000 0.209240000000000 0.217840000000000 0.220320000000000 0.231600000000000 0.245460000000000 0.246900000000000 0.287180000000000 0.290260000000000 0.313880000000000 0.315660000000000 0.347940000000000 0.417760000000000 0.439820000000000 0.484060000000000 0.500000000000000 0.501700000000000 0.507300000000000 0.509780000000000 0.512420000000000 0.528260000000000 0.528560000000000 0.560080000000000 0.584740000000000 0.595880000000000 0.606140000000000 0.614160000000000 0.620020000000000 0.648680000000000 0.650020000000000 0.680420000000000 0.686140000000000 0.687580000000000 0.696300000000000 0.698780000000000 0.722880000000000 0.733280000000000 0.736500000000000 0.740500000000000 0.746780000000000 0.748840000000000 0.758240000000000 0.759480000000000 0.811600000000000 0.839740000000000 0.841000000000000 0.865260000000000 0.882760000000000 0.896340000000000 0.914120000000000 0.958360000000000 0.963140000000000 0.987780000000000 0.990820000000000 0.995960000000000
00000000001100000000000000000000001111000000000001000010011000000010001000
00111001000000000011001000001010000001000011000001000001010000000100000101
10000000001100000000000000000000001111000000000001000010011000000010001000
00000000001100000000000000000000001111000000000001000010011000000010001000
00000000001100000000000000000000001111000000000001000010011000000010001000
00000000000010000000010000000001010001010000000000010000100100111000000000
00111001000000000000010000000100000101001011000001000000010000000100000101
10000000000000000000010000000000100101000011000010001100000011000001000000
00000000001100000000000000000000001111000000000001000010011000000010001000
00000000001100000000000000000000001111000000000001000010011000000010001000
00000000001100000000010000000000100101000011000001000000010000000100000101
00000100000000010100010000000000000101000000100000000000010000000000000000
00000000001100000000000000000000000111000000000001000010011000000010001000
00000000001100000000000000000000001111000000000001000010011000000010001000
00000000001100000000000000000000001111000000000001000010011000000010001000
00000000001100000000000000000000001111000000000001000010011000000010001000
00000000001100000000000000000000001111000000000001000010011000000010001000
10000000000000000000010000000000100101000011000010001100000011000001000000
00000000001100000000000000000000001111000100000001000010011000000010001000
00000010010000101000000100000000100101000011000010100100000011000001000000
00000000001100000000000000000000001111000000000001000010011000000010001000
00000000000000000000110000000100000101000000000100000010010000000010110000
00000000001100000000000000000000000111000000000001000010011000000010001000
00000000001100000000000000000000001111000000000001000010011000000010001000
00000000001100000000000000000000001111000000000001000010011000000010001000
10000000000000000000010000000000100101100011000010000100000011000001000010
00000000001100000000000000000000001111000000000001000010011000000010001000
00000000001100000000000000000000001111000000000001000010011000000010001000
00111001100000000000000011000000001111000000000001000010011000000010001000
00000000001100000000000000000000001111000000000001000010011000000010001000
00000000001100000000000000000000001111000000000001000010011000000010001000
00000000001100000000000000000000001111000000000001000010011000000010001000
00000000001100000000000000000000001111000000000001000010011000000010001000
11000000000000000000010000100000100101000011000010000100000011000001000000
00000000001100000000000000000000001111000000000001000010011000000010001000
00000000000000000000010000000000100101000011000001000000010000000100000101
00000000000000000011001000000000001111000000000001000010011000000010001000
00000000000000000000010000010001010001010000011000010000100100111000000000
10000000000001000000010000000000100101000011000010000100000011000001000000
00000000001100000000000000000000001111000000000001000010011000000010001000
