//
segsites: 66
positions: 0.010700000000000 0.029320000000000 0.055200000000000 0.102240000000000 0.102720000000000 0.105840000000000 0.125560000000000 0.127960000000000 0.136860000000000 0.137840000000000 0.139920000000000 0.158900000000000 0.161240000000000 0.188700000000000 0.198020000000000 0.216980000000000 0.235500000000000 0.285540000000000 0.290340000000000 0.324060000000000 0.338320000000000 0.346900000000000 0.354320000000000 0.356100000000000 0.357400000000000 0.361340000000000 0.363220000000000 0.381680000000000 0.437660000000000 0.440260000000000 0.448020000000000 0.448480000000000 0.454460000000000 0.474140000000000 0.489660000000000 0.494580000000000 0.500000000000000 0.539120000000000 0.559020000000000 0.574660000000000 0.577240000000000 0.607440000000000 0.640360000000000 0.641520000000000 0.652800000000000 0.678600000000000 0.681920000000000 0.684600000000000 0.685240000000000 0.716220000000000 0.728340000000000 0.792560000000000 0.800800000000000 0.810760000000000 0.820660000000000 0.824500000000000 0.825560000000000 0.888660000000000 0.915780000000000 0.927480000000000 0.947500000000000 0.954900000000000 0.962700000000000 0.966600000000000 0.971260000000000 0.999360000000000
000000100100010000001101000000000000000110000000000010000001010011
000011000001000000000000000100001000101110000000000001010110000000
000000001000001011000010000000000000000110000000000010000000000000
010011000001000000000000000100001010000110000101000100000000010011
010011000001000000000000000100001000101110000000000000010110000000
000000000010000001001100101000000000001110001000010010000000000000
000000100100010000001101000000000000000110000000000010000000000000
100000100100010000001101000000000000000110000000000010000000101000
000000001000001011000010000000000000000110000000000010000000000000
010011000001000000000000000100001000001110000000000000010110000000
010111000001000000010000000100001000101110000000000000010110000000
000000000010000001000000000010110101010001000001000000000000000100
010011000001000000000000000100001010000110000101000100000000010011
000000100100010000001101000000000000000110000000000010000000000000
010011000001000000000000000100001000101110000000000000010110000000
010011000001000000000000000100001000101110000000000000010110000000
010011000001000000000000000100001000101110001000110010000000000000
010011000001000000000000000100001000101110000000000000010110000000
010011000001000000000000000100001010000110000111000100000000010011
010011000001000000000000000100001000101110000000000000010110000000
000000001000001011001101000001000000000110000000010010000000000000
000000000010000001001100101000000000001110001000010010000000000000
010011000001000001000000000000000000000110000000000010000000000000
000000100100010000001101000000000000000110000000001010001000000000
000000000010000101001100101000000000001110001000010010000000000000
010011000001000000000000000100001010000110000101000100000000010011
010011000001000000000000000100001000101110000000000000010110000000
010011000001000000000000000100001000101110000000000000010110000000
010011000001000000000000000100001000101110000000000000010110000000
010011000001000000000000000100001000000110101000010010000000000000
001000100100110000001101000000000000000110000000000010000000010011
000011000001000000000000000100001000101110000000000000010110000000
000000100100010000001101000000000000000110000000000010000000010011
000000010000000000101100010000000000000110000000000000010110000000
000000001000001011000000000000000000000110000000000010100000000000
010011000001000000000000000100001000101110010000000000010110000000
010011000001000000000000000100001000101110000000000000010110000000
000011000001000000000000000100001000101110000000000000010110000000
000000000010000001000000000010110101010001000001000000000000000100
000000010000000000101100010000000000000110000000000010000000000000
