//
segsites: 64
positions: 0.025860000000000 0.068320000000000 0.126060000000000 0.131320000000000 0.175240000000000 0.211840000000000 0.222240000000000 0.247400000000000 0.249820000000000 0.282580000000000 0.287820000000000 0.290880000000000 0.300160000000000 0.308560000000000 0.314120000000000 0.320200000000000 0.324720000000000 0.356140000000000 0.360880000000000 0.389180000000000 0.395960000000000 0.402580000000000 0.421720000000000 0.450040000000000 0.485160000000000 0.499180000000000 0.500000000000000 0.504700000000000 0.521320000000000 0.529360000000000 0.530360000000000 0.548500000000000 0.565260000000000 0.572280000000000 0.579560000000000 0.594700000000000 0.599720000000000 0.638700000000000 0.653960000000000 0.659600000000000 0.660240000000000 0.667180000000000 0.675400000000000 0.682200000000000 0.724080000000000 0.744080000000000 0.747480000000000 0.751800000000000 0.766640000000000 0.802640000000000 0.807860000000000 0.810840000000000 0.816260000000000 0.817680000000000 0.818140000000000 0.820560000000000 0.835600000000000 0.885180000000000 0.890240000000000 0.931340000000000 0.954700000000000 0.963400000000000 0.975660000000000 0.991420000000000
0010100100110010001001000001000110000001001111000000000000010010
0010010000000001000000100100000010000110000011011110010000000001
0000000000000001000000100110000010000110000011011010010000000001
0010010010000110000010011000100000000000001000100001000011000100
0000000000000001010000100100000010000110000011011010010000000001
1010010010000010000010011000100000100110000011011010010000000001
0000000000000001000100100100000010000110000011011010110000000001
0000000000000001000000100110000010000110000011011010010000000001
0000000000000001000000100110000010000110000011011010010000000001
0011100000000001000000100100000010000110000011011010010000000001
1010010010001010000010011000100000100110000011011010011000000001
0000000000000001100000100110000010000110000011011010010000000001
0000000000000001000000100110000010000110000011011010010000000001
0000000000000001000000100110000010001110000011011010010000000001
0000000000000001000000100110000010000110000011011010010000000001
0000000000000001000000100110000010000110000011011010010000000001
1010010010000010000010011000101000100110010011011010011000001001
0000000000000001000000100110000010000110000011011010010000000001
1010010010000010000010011000100000100110000011011010011000100001
0010100100110010001001000001000110000001001111000000000000010010
0000000000000001000000100110000010000110000011011010010000000001
1010010010000010000010011000100000100110000011011010010000000001
1010010010000010000010011000100000100110000011011010011000000001
0000000000000001000000100110000010000110000011011010010000000001
1110010010000010000010011000100000110110000011011010011000000001
0000000000000001000000100100000010000110000011011010010100000001
0000000000000001000000100110000010000110000011011010010000000001
0000000000000001000000100110000010000110000011011010010000000001
0000001000000001000000100100000010000110000011011010010000000001
0010010010000010000010011000100000000110000011011010010000000001
1010010011000010000010011000100001100110000011011010011000000001
0000000000000001000000100100000010000110000011011010010100000001
0011100000000001000000100100000010000110000011011010010000000001
0000000000000001000000100100000010000110100011011010010000000001
0000000000000001000000100110000010000110000011011010010000000001
0000000000000001000000100110000010000110000011011010010000000001
0000000000000001000000100110000010000110000011011010010000000001
0000000000000001000000100110000010000110000011011010010000000001
0000000000000001000000100100000010000110000011011010010000000001
1010010010000010000010011000110000100110000011011010010000000001
