//
segsites: 104
positions: 0.000840000000000 0.016240000000000 0.017760000000000 0.019320000000000 0.025360000000000 0.029860000000000 0.040340000000000 0.046680000000000 0.048240000000000 0.053740000000000 0.072840000000000 0.078400000000000 0.095360000000000 0.096140000000000 0.097460000000000 0.099660000000000 0.101780000000000 0.105680000000000 0.126180000000000 0.142680000000000 0.152540000000000 0.160600000000000 0.190860000000000 0.194600000000000 0.201720000000000 0.207160000000000 0.211900000000000 0.216840000000000 0.222660000000000 0.235760000000000 0.238820000000000 0.239160000000000 0.295400000000000 0.306920000000000 0.323540000000000 0.353100000000000 0.355200000000000 0.357100000000000 0.359060000000000 0.365360000000000 0.373260000000000 0.374500000000000 0.375820000000000 0.380020000000000 0.402100000000000 0.411340000000000 0.428260000000000 0.436760000000000 0.453500000000000 0.453520000000000 0.484800000000000 0.494560000000000 0.500000000000000 0.500440000000000 0.530060000000000 0.534800000000000 0.543980000000000 0.550700000000000 0.573480000000000 0.585520000000000 0.593400000000000 0.599840000000000 0.626760000000000 0.642000000000000 0.645440000000000 0.648520000000000 0.664080000000000 0.670880000000000 0.677800000000000 0.678060000000000 0.679900000000000 0.682040000000000 0.682340000000000 0.694700000000000 0.697740000000000 0.699620000000000 0.699760000000000 0.709000000000000 0.724260000000000 0.732380000000000 0.734100000000000 0.740160000000000 0.759240000000000 0.765280000000000 0.766160000000000 0.770940000000000 0.785240000000000 0.799040000000000 0.800420000000000 0.821600000000000 0.830640000000000 0.848420000000000 0.894540000000000 0.921960000000000 0.930760000000000 0.942900000000000 0.954920000000000 0.971980000000000 0.978920000000000 0.983300000000000 0.985800000000000 0.992220000000000 0.995640000000000 0.997520000000000
00000001000000000000000011000000111000100001001010100000011000000000001001000000000010010001000000000100
00000010110000000000000010000000110000000000100000000001000000000000000000010000100000000000100010000000
10001000000001000001010000100010000110001100000000001010100000001000110000010000100000000000000000000100
00000000000000000000100000001001000110001100000000001010100000001000110000010000100000000000000000000100
01000000000011000100010100010110000010000010010000000000000001010101100000010000100001000000001000000000
00000000000000000000100000010110010110001100000000001010100000001000110000010000100000000000000000000100
00000000001100111000000010000000110001000000000000000100000000001001100000010000100001000000001000000000
10001000000001000001010000100010000110001100000100001010100000001000110000010000100000000000000000000100
00000000000000000000100000001001110000010000000000000000000000001000110000010000100100000000000000000100
10001000000001000001010000100010000110001100000000001010100000001000110000010000100000000000000000000100
00000100000000000010000011000000111000100001001000100000011000000000001001000000000010010001000000000100
10000000000000000000000010000000111000100001000000000000000000000000000010000011001000001100010100001000
10001000000001000001010000100010000110001100000000001010100000001000110000010000100000000000000000000100
00000000000000000000100010000000111000100001001000100000011000000000001001000000000010010001000000000100
10000000000000000000000010000000111000100001001000100000011000000000001001000000000010010001000000000100
01010000000001000000001010000000111000100001000000000000000000000000000000000001001000001100010100001000
00000001000000000000000011000000111000100001001010100000011000000000001001000000000010010001000000000100
10001000000001000001010000100010000110001100000000001010100000001000110000011000100000000000000000000101
10001000000001000001010000100010000110001100000000001010100000001000110000010000100000000000000000000100
10001000000001000001010000100010000110001100000000001010100000001000110000010000100000000000000000000100
10100000000000000000000010000000111000100001000000000000000000000000000000000001001000001100010100001000
10001000000001000001010000100010000110001100000000001010100000001000110000010000100000000000000000000100
10001000000001000001010000100010000110001100000000001010100000001000110000010000100000000000001000100000
00000000000000000000000011000000111000100001001001100000011000000000001001000000000010010001010100001010
10001000000001000001010000100010000110001100000000001010100000001000110000010000100000000010000000000100
10000000000000000000000011000000110110001100000000001010100000001000110000010000100000000000000000000100
00000000000000000000100000001001110000000000010000000000000001010100000100000000010000100000001000000000
10001000000001000001010000100010000110001100000000001010100000001000110000010000100000000000000000000100
10000000000000000000000010000000111000100001000000000000000000000000000000000001001000001100010000000000
10001000000001000001010000100010000110001100000000001010100100001000110000010000100000000000000000000100
01000000000001000000010100010110011000100001001000000000011000100000001001100000000010010001000000000100
01000000000011000100010100010110000010000010010000010000000001010110000100000000010000000000010100001000
10000000000000000000000010000000111000100001000000000000000000000000000000000001001000001100010100001000
10001000000001000001010000100010000110001100000000001010100000001000110000010100100000000000000000000100
10001000000001000001010000100010000110001100000000001010100000001000110000010000100000000000000000000100
10001000000001000001010000100010000110001100000000001010100010001000110000010000100000000000000000010100
10001000000001000001010000100010000110001100000000001010100000001000110000010000100000000000000000000100
10001000000001000001010000100010000110001100000000001010100000001000110000010000100000000000000001000100
10000000000000000000000011000000110110001100000000001010100000001000110000010000100000000000000000000100
10001000000001000001010000100010000110001100000000001010100000001000110000010000100000000000000000000100
