//
segsites: 79
positions: 0.001580000000000 0.014480000000000 0.066100000000000 0.080780000000000 0.086660000000000 0.088920000000000 0.097400000000000 0.123560000000000 0.136420000000000 0.156740000000000 0.185420000000000 0.236000000000000 0.246180000000000 0.250920000000000 0.256440000000000 0.278640000000000 0.286140000000000 0.301460000000000 0.306620000000000 0.312160000000000 0.352180000000000 0.365820000000000 0.379100000000000 0.382320000000000 0.386380000000000 0.409520000000000 0.414600000000000 0.419800000000000 0.456760000000000 0.464660000000000 0.472260000000000 0.476100000000000 0.494260000000000 0.497500000000000 0.500000000000000 0.502720000000000 0.567860000000000 0.588580000000000 0.593340000000000 0.594380000000000 0.596820000000000 0.597500000000000 0.610960000000000 0.625880000000000 0.629980000000000 0.630620000000000 0.639800000000000 0.643460000000000 0.643660000000000 0.650880000000000 0.663640000000000 0.665680000000000 0.679400000000000 0.680340000000000 0.681280000000000 0.695600000000000 0.701740000000000 0.708380000000000 0.740400000000000 0.825620000000000 0.835180000000000 0.840260000000000 0.841120000000000 0.842100000000000 0.845180000000000 0.869900000000000 0.877420000000000 0.888920000000000 0.898060000000000 0.913080000000000 0.914880000000000 0.929820000000000 0.934360000000000 0.948640000000000 0.956680000000000 0.957360000000000 0.974720000000000 0.977140000000000 0.980040000000000
0000000010010000001000000000001000000000000000000000010100000110101100100100000
0000000010010000001000000000001000000000000001000000010100000110101100100100000
0000000000100000000000000000001000100010100000010001000001000100000000000000010
0000000000100000000000000100001000000010100000110000000000000100000000000000010
0000100011010000000000000001000100000000100110000010010100000110011100100100000
0010000010010000000110000010101000000100000000000000001000101000000000000001000
0000000000100000000000000000001000100010100000010001000000101000000000000001000
0000000000100000000000000000001000100010100000010001000001000100000000000000010
0000000000100000000000000000001000100010100000010001000001000100000000000000010
0010000010010010000000100000000000000000001000000000000000000001000010000000000
0000100110010000000000001000001000000000001000001000010000000110011100100100000
0000000000100000000000000000001000100010100000010001000001000100000000000000010
0000000000100000000000000000001000110010100000010001000001000100000000000000010
0000000000100000010000000100001000000010100000110000000000000100000000000000010
0000100110010000000000001000001000000000001000001000010000000110101100100100000
0000000000100000000000000000001000100010100000010001000001000100000000000000010
0000000000100000000000000000001000100010100000010001000001000100000000000000010
0000000010001000000000010000000010000000100110000010010100000110011100100100000
0000001010010000000001000100001000000010100000110000000000000100000000000000010
1000000000100000000000000000001000100010100000010001000001000100000000000000010
1000000000110001000000000000000101000000100110000000110100010000000000010010100
0000100110010000000000001000001000000000001000001000010000000110101100100100000
0000000010010000000000000100001000000010100000110000000000000100000000000000010
0000000000100000000000000000001000100010100000010001000001000100000000000000010
0000000000100000000000000000001000100011100000010001000001000100000000000000010
0000000000100000000000000000001000100010100000010001000001000100000000000000010
1000000000110001000000000000000101000000100110000000110100010000000011001000000
0000000000100000000000000000001000100010100000010001000001000100000000000000010
0000000000100000000000000000001000100010100000010001000000101000000000000001000
0001100110010000000000001000001000000000001000001000010000000110101100100100000
0000000000100000000000000000001000100010100000010001000001000100000000000000010
0100000010010000100000001000011000000000001000001000010000000110001100100100000
0000000000100000000000000000001000100010100000010001000001000100000000000000010
0000000000100000000000000000001000100010100000010001000000010000000010000000001
0000000000100000000000000100001000001010100000110000000010000100000000000000010
0000000000100000000000000000001000000010100000110000000000000100000000000000010
0000000000100100000000001000001000000000011000001000010000000110101100100100000
0000000000100000000000000000001000100010100000010001000001000100000000000000010
0000000010010000001000000001000100000000100110000100110100010000000010000000001
0000110010010000000000000001000100000000100110000000110100010000000010000000001
