//
segsites: 80
positions: 0.003320000000000 0.013140000000000 0.025220000000000 0.076120000000000 0.085720000000000 0.097680000000000 0.124880000000000 0.130960000000000 0.135260000000000 0.141040000000000 0.142760000000000 0.164320000000000 0.182040000000000 0.182740000000000 0.191400000000000 0.200380000000000 0.200920000000000 0.205500000000000 0.229400000000000 0.234160000000000 0.251480000000000 0.274160000000000 0.297340000000000 0.320700000000000 0.328640000000000 0.354000000000000 0.377540000000000 0.399040000000000 0.415220000000000 0.462600000000000 0.474840000000000 0.500000000000000 0.522900000000000 0.543660000000000 0.550480000000000 0.556440000000000 0.569080000000000 0.569560000000000 0.573760000000000 0.585840000000000 0.598000000000000 0.600160000000000 0.606360000000000 0.608520000000000 0.627280000000000 0.637620000000000 0.655840000000000 0.669520000000000 0.678420000000000 0.714180000000000 0.764320000000000 0.770720000000000 0.771480000000000 0.772480000000000 0.793800000000000 0.795160000000000 0.798460000000000 0.804900000000000 0.807160000000000 0.812140000000000 0.822180000000000 0.823540000000000 0.858460000000000 0.861700000000000 0.869500000000000 0.876300000000000 0.879540000000000 0.888480000000000 0.888980000000000 0.891420000000000 0.895940000000000 0.913280000000000 0.915500000000000 0.918420000000000 0.920540000000000 0.936680000000000 0.942660000000000 0.962600000000000 0.969260000000000 0.972480000000000
00000100101100000000001010000001100000110100000000000000000110010000101010000000
00000100101100000000001010000001100000110100000000000000001110010000101010000000
00000100101100000000001010000001100000110100000000000000001110010000101010000000
00000100101100000000001010000000100000110101100000100100000000000011010011000010
00000100101100000000001000100000001100001000100100000000000001000001000110110001
00000100101100000000001000100000011100000000000000001001000000000100000000001000
00000100101100000000001011000001100000110100000000000000001110110000101010000000
00000100101100000000001000100000001100000000000000001001000000000100000000001000
00000100101100000000001010000001100000110100000000000000101110010000101010000000
10010001000001000001100000011010000000000000100000010100000000001001010011000010
00000100101100000000001000000000100000110100000000000000000110010000101010000000
00010000010000010010010000100000000000000000101000000000001110010000101010000000
00000100101100000000001011000001100000000000100000100100000000000001010011000010
00000100101100000000001000000000100000110100000000000000010110010000101010000000
00010000010000000000000000100000001110001000110100000000000110010000101010000000
00010000010000000000000000100000001100001000100100000100000000001001010011000010
00000100010000000000000000100000001100001000100100000100000000001001010011000010
00010000010000000000000000100000001100001000110100000000000110010000101010000000
00000100101100000000001000000000100000110100000000000000000110010000101010000000
10001000000000010010010000100000000000000000101000000000000110010000101010000000
00010001000001100001100100000100000000000000100000000010000000000001010011000010
00000100101100000000001010000001100000110100000000000000001110010000101010000000
00000100101100000000001011000001100000110100000000000000001110010000101010000000
00000100101100000000001010000001100000110100000000000000001110010000101010000000
00000100101100000000001011000001100000110100000000000000001110010000101010000000
00100100101100000000001000100010000000000000100000000100000000001001010011000010
00000100101100000000001010000001100000110100000000000000001110010000101010000000
00010000010000010010010000100000000000000000101000000000000110010000101010000000
10001000000000001100000000000100000000000000100000000010000000000001010011000010
00010000010000000000000000011000000000000000101000000000000110010000101010000000
00000100101100000000001011000001100000110100000000000000001110010000101010000000
00000100101100000000001010000001100000110110000000000000001110010000101010000000
00010000010000000000000000100000001100001000100100000100000000001001010011000010
01010010000000000000000000011010000000000000100000000100000000001001010011000110
00000100101110000000001011000001100000110100000000000000000000000001010011000000
00010001000001000000001011000001100000110100000000000000001110010000101010000000
00000100101100000000001010000001100000110100000001000000001110010000101010000000
10001000000000001100000000000100000000000000100000000010000000000001010011000010
00000100101110000000001011000001100000110100000000000000000000000001010011000000
00010000010000000000000000100000000001000000000010000000000001000001000110110001
