//
segsites: 73
positions: 0.001120000000000 0.046520000000000 0.054700000000000 0.059860000000000 0.068420000000000 0.081860000000000 0.087100000000000 0.104380000000000 0.115240000000000 0.162740000000000 0.166600000000000 0.177520000000000 0.183040000000000 0.186040000000000 0.189820000000000 0.189880000000000 0.190640000000000 0.199040000000000 0.217080000000000 0.221920000000000 0.223700000000000 0.228340000000000 0.234080000000000 0.243120000000000 0.264300000000000 0.276220000000000 0.282040000000000 0.282320000000000 0.298200000000000 0.307120000000000 0.331000000000000 0.357120000000000 0.358100000000000 0.368320000000000 0.370520000000000 0.380200000000000 0.390340000000000 0.404380000000000 0.407300000000000 0.418260000000000 0.424840000000000 0.438180000000000 0.440800000000000 0.474560000000000 0.484400000000000 0.484660000000000 0.488820000000000 0.500000000000000 0.500540000000000 0.516700000000000 0.521680000000000 0.529340000000000 0.539580000000000 0.547800000000000 0.567540000000000 0.581840000000000 0.626340000000000 0.652500000000000 0.679600000000000 0.684080000000000 0.688500000000000 0.701640000000000 0.751600000000000 0.792000000000000 0.792140000000000 0.829440000000000 0.891900000000000 0.905300000000000 0.915200000000000 0.940440000000000 0.940840000000000 0.962160000000000 0.988180000000000
0000000100001110001000100001000000001000001000010001001010000100110000000
0000000100001100001000100001000000001000001000010001001010000100110000000
0000000100001100001000100001000000001000001000010001001010000100110000000
0000100000010000000010011001000000010001000000001000010000010100000000011
0000000100001100001000100001000000001000001000010001001010000100110000000
0000000000100000000101000000000000010001000000001000010000010100000000011
0000000100001100001000100001000000001000001000010001001010000100110000000
0000000001100000000101000000000000010101000000001100010000010100000000011
0000000100001100001000100001000000001000001000010001001010000100110000000
0000000001100000000101000000000000010001000000001000010000010011000001000
0000001000000001100001000000001011000000100010000000100000000100110000000
0000000100001100011000100001000000001000001001010001001010000100110000000
0000000100001100001000100001000000001000001100110001001010000100110000000
0000000100001100001000100001000000101000001000010001001010000100110000000
0000001000000001100001000000001110000000100010000000100000000100110100000
0000000100001100001000100001000000001000001000010001001010000100110000000
0000000100001100001000100001000000001000001000010001001011000100110000000
0100000000100000000101000000000000010001000000000000010100000001000000100
0000000100001100001000100001000000001000001000010001001010000100110000000
1010010010010000000000000000000000010001000010000000100000000100111000000
0000000100001100001000100001000000001000001000010001001010000100110000000
0000000100001100001000100001000000001000001000010001001010100100110000000
0000000000100000000101000000010000010001000000000000010000010100000000011
0000000000001100001000100000000010000000100010000000100000000100110000000
0000000100001100001000100001000000001000001000010001001010000100110000000
0000000100001100001000100001000000001010001000010001001010000100110000000
0000000100001100001000100001000000001000001000010001001010000100110000000
0000000100001100001000100001000000001000001000010001001010000100110000000
0000000100001100001000100101000000001000001000010001001010000100110000000
0000000100001100001000100001000000001000001000010001001010001100110000000
0000001000010000000010010001000000001001000000000010010000010100000000011
0001000100001100001000100001000000001000001000010001001010000100110000000
0000000100001100001000100001000000001000001000010001001010000100000000011
0000000100001100001000100001000000001000001000010001001010000100110000000
0000000001100000000101000000100000010001000000001000010000010100000000011
0000000000001100001000100001000000001000000000000000100100000001000000100
0000000100001100001000100001000000101000001000010001001010000100110000000
0000000100001100001000100001000000001000001000010001001010000100110010000
0000001000001100001000100001000000001000001000010001001010000100110000000
0000000100001100001000100011000000001000011000000001001010000100110000000
