//
segsites: 62
positions: 0.000320000000000 0.017620000000000 0.043320000000000 0.043960000000000 0.050740000000000 0.056380000000000 0.069260000000000 0.076740000000000 0.087340000000000 0.089340000000000 0.091260000000000 0.097640000000000 0.098060000000000 0.105680000000000 0.135600000000000 0.151280000000000 0.181900000000000 0.221540000000000 0.235460000000000 0.263240000000000 0.266600000000000 0.283540000000000 0.292760000000000 0.325220000000000 0.347340000000000 0.348300000000000 0.357760000000000 0.372140000000000 0.385340000000000 0.421380000000000 0.423220000000000 0.425140000000000 0.431300000000000 0.446120000000000 0.498940000000000 0.500000000000000 0.503960000000000 0.516860000000000 0.578180000000000 0.605100000000000 0.618220000000000 0.644700000000000 0.655180000000000 0.658060000000000 0.668400000000000 0.692720000000000 0.710740000000000 0.754460000000000 0.756920000000000 0.765400000000000 0.788660000000000 0.853500000000000 0.864200000000000 0.887100000000000 0.898180000000000 0.899080000000000 0.910280000000000 0.920900000000000 0.924380000000000 0.968020000000000 0.973940000000000 0.990480000000000
00000001000000100000100000111011010100010100010000010000010000
00000001000000100000100000101011010100010100010000010000010000
00000001000000100000100000101011010100010100010000010000010000
11000001000000100001000001000010000000010100010000010000000000
11000001000000100001000001000010100000001000000000100110000000
10000001100100100000000100101011000010010101010000010000000010
00000011000000100000000000101011000010010101010010010001000000
00000001000000100000100000101011010100010100010000010000010000
00000001000000100000100000101011010100010100010000010000010000
00000001010001101000010010001010001000000110100100000000000101
00010011000000100101000001000010100000001000000000100110000000
00000001000000100000100000101011010100010100010000010000010000
00000001000000110000000000101011000011010101010000010000000010
00000011000010100000000000101011000010010110100100000000000101
00000011000010100000000000101011000010010110100100000000000101
00010011000000100101000001000010100000001000000000100110000000
00000001000000100000100000101011010100010100010000010000010000
10000001000000100000000000001010000000010100010000010000000000
00100001010001101000000000001010000000010100011000100110000000
00000001000001101000000000001010000000000110100100000000000000
00000001000000100000000000101111000010000100010000010000000000
00000001001000100000100000101011010100010100010000010000010000
00000001000000100000100000101011010100010100010000010000010000
11000001000000100000100000101011010100010100010000010000010000
00000001000000100000100000101011010100010100010000010000010000
00000001000000100000100000101011010100010100010000010000110000
00010011000000100001000001000010100000001000000000100110000000
10000001000000100000000000001010000000010100011000010000001000
00010011000000100001000001000010100000001000000000100110000000
00000001000000100000100000101011010100010100010000010000010000
00001001000000100000100000101011010100010100010000010000010000
10000001100100100000000000101011000010010101010000011000000010
00000111000000100000000000001010000000110100010000010000000000
00000001000000100000100000101011010000010100010001010000000010
00000001000000100000000000001010000000010100010001010000000010
00000001000000100000100000101011010100010100010000010000010000
00000001000000100000100000101011010100010100010000010000010000
00000011000000100000000000101011000010010110100100000000000101
10000001000000100010000000001010000000000100011000010000000000
00000001000000100000101000101011010100010100010000010000010000
