//
segsites: 72
positions: 0.028300000000000 0.038680000000000 0.040440000000000 0.061520000000000 0.061800000000000 0.072480000000000 0.097700000000000 0.099160000000000 0.099260000000000 0.110380000000000 0.140100000000000 0.144000000000000 0.156800000000000 0.191960000000000 0.213080000000000 0.238040000000000 0.240320000000000 0.242420000000000 0.243780000000000 0.259980000000000 0.261860000000000 0.267540000000000 0.293600000000000 0.305840000000000 0.314340000000000 0.336380000000000 0.347720000000000 0.376680000000000 0.402860000000000 0.404940000000000 0.410400000000000 0.414460000000000 0.426640000000000 0.450980000000000 0.455860000000000 0.466520000000000 0.489040000000000 0.499520000000000 0.500000000000000 0.502180000000000 0.522280000000000 0.563740000000000 0.595860000000000 0.596680000000000 0.627220000000000 0.636440000000000 0.637540000000000 0.642120000000000 0.643400000000000 0.645580000000000 0.664300000000000 0.681920000000000 0.690280000000000 0.693400000000000 0.704380000000000 0.709980000000000 0.713920000000000 0.714860000000000 0.730820000000000 0.741940000000000 0.791320000000000 0.835560000000000 0.863520000000000 0.867220000000000 0.868780000000000 0.889420000000000 0.913460000000000 0.940200000000000 0.947460000000000 0.968720000000000 0.972740000000000 0.984940000000000
100110011000000000000000000000000100001000000010000100000000000100000000
000100000100000000000000100000000100000010000000101000000000000001000010
000100000100000000000000100000000101001000000010000100000000000100000000
000100000100000000000000100000000100000010000100101000000000000001010010
100110011000000000000000000000000100001000000010000100000000000100000000
100110011000000000000000000000000100001000000010000100000000000100000000
000100000000000000000000000000000100000110000000001000000000000001000001
100110011000001010000000000000000100001000000010000100000000000100000000
000100000000000000000000000000000100000010010000001000000000000001000010
100110011000001010010000000000000000010010000010000100001000000000000000
000100000100000000000000100000000100000010000000101000000000000001000010
010001100000000000000000001010011100000001000001000000000001001010000000
000100000100000000000000100000000100000010000000101000000000000001000010
100110011000001010100000000000000000000000000010000100000000000100000000
000100000100000000000000100000000100001000000010000100000000000100000000
100110011000000000000000000000000100001000000010000100000000000100000000
001000000001110100000110000001100000000000100000010011010100000000001000
100110011000001011010000000000000000010010000010000100001000000000000000
100110011000000000000000000000000100001000000010000100000000000100000000
100110011000001010000000000000000000000010000010000100100000000000000000
000100000100000000000000100000000100001000000010000100000000000100000000
100110011000000000000000000000000100001000000010000100000000000100000000
100110011000000000000000000000000100001000000010000100000000000100000000
100110011010001010001000000100000000000000000001000000000010000000000100
000100000000000000000000000000000100000010000000001000000000000001000010
100110011000000000000000000000000100001000000010000100000000000100000000
100110011000000000000000000000000100001000000010000100000000000100000000
100110011000001010000001000000000000100000000010000100000000000000000000
001000000001110100000110000001000000000000000001000000000000000000000000
001000000001110100000110010001100000000000000000010011010100100000100001
000100000100000000000000100000000110000010000000101000000000000001000010
010001100000000000000000001010011100000001000001000000000001001010000000
001000000001110000000110000001100000000000000000010011010100100000100001
100110011000000000000000000000000100001000000010000100000000000100000000
001000000001110000000110000001100000000000000000010011010100100000001000
100110011000001010100000000000000000000000000010000100000000010100000000
000100000000000000000000000000000100000010000000001000000000000001100001
000100000100000000000000100000000100001000001010000100000000000100000000
100110011000000000000000000000000100001000000010000100000000000100000000
100110011000000000000000000000000100001000000010000100000000000100000000
