//
segsites: 64
positions: 0.002040000000000 0.009500000000000 0.038280000000000 0.086640000000000 0.098640000000000 0.117360000000000 0.139120000000000 0.164980000000000 0.170880000000000 0.174040000000000 0.174340000000000 0.185860000000000 0.206140000000000 0.251680000000000 0.263940000000000 0.265100000000000 0.279100000000000 0.283380000000000 0.328060000000000 0.362420000000000 0.378000000000000 0.404700000000000 0.430160000000000 0.459600000000000 0.472440000000000 0.472880000000000 0.476800000000000 0.478000000000000 0.481300000000000 0.500000000000000 0.536260000000000 0.543340000000000 0.574140000000000 0.632340000000000 0.646640000000000 0.648720000000000 0.698260000000000 0.700700000000000 0.702600000000000 0.722420000000000 0.722580000000000 0.723900000000000 0.736920000000000 0.744600000000000 0.751500000000000 0.781560000000000 0.781600000000000 0.794900000000000 0.808700000000000 0.822940000000000 0.832280000000000 0.840380000000000 0.851120000000000 0.863920000000000 0.909420000000000 0.920820000000000 0.926940000000000 0.945460000000000 0.952980000000000 0.961480000000000 0.962300000000000 0.964760000000000 0.979020000000000 0.984100000000000
0000111000000010101100010000110000000001000010010000001100100100
0000111000000001000001000000100000000001000010010000000100100100
0000111000000010101100010000110000000001000010010000001100100100
0000111000000010101100010000110000000001000010010000001100100100
1000111011000100000000100011000100000010001010001000000000000000
0000111000000010101100010000110000000001000010010000011100100100
0000111000000010101100010000110000000001000010010000001100100100
0000111000000010100100010000100000111100001010000000100100100100
0000111011000100000000100011000100000010001010001000000000000000
0100111000000001000000010000110000000001000010010000001100100100
0000111000000010101100010000100000000001000010010000001100100100
0010111000000010101100010000100000000001000010010000001100100100
0000111000000010101110010000100000111100001010000000100000000000
0100111000000001000000010000110000000001000010010000001100100100
0000111000011010101100010000100000000001000010010000000100100100
0000111000000010101100010000110000000001000010010000000100100100
0000111000000010101100010000110000000001000010010000001100100100
0000111000000010101100011000100000000001000110011000000000000000
0000111000000010101100010000110000000001001010000000100000000000
0100111000000001000000010000110000000001000010010000001100100100
0000111000000010101100010000100000000001100010010000001100100100
0000111000000010101100010000110000000001000010010000001100100100
0001111000000001000001000000100000000001000010010000001100100100
0000111000011010101100010000100000000001000010010000000100100100
0000111000000010101100010000110000000001000010010001001100100100
0000111000000010101100010000110000000001000010010000001100100100
0000111000000010101100010000110000000001000010010000001100100100
0000111100000001000001000000000000000000000010100100000001000000
0000111011000100000000100011000100000010001010100000000000011010
0000111000000010101100010000110000000001000010010010001100100100
0000111100000001000001000000000000000001000010010000000100100100
0000111000000010101100010000100000000001000010010000001100100100
0000111000000001010001000000000010000001000010010000000100100100
0000111000000010101100010000111000000001000010010000001100100100
0000111000000010101100010000110000000001000010010000001100100100
0000111000000001000001000000000001000000010010100000000000011010
0000111000000001000001000100000000000001000010010000000100100100
0000111000100010101100010000110000000000000011100100000010000001
0000111000011010101100010000100000000001000010010000000100100100
0100111000000001000000010000110000000001000010010000001100100100
