//
segsites: 80
positions: 0.006400000000000 0.013960000000000 0.055860000000000 0.057580000000000 0.059540000000000 0.061860000000000 0.066960000000000 0.076380000000000 0.101120000000000 0.104600000000000 0.113520000000000 0.124320000000000 0.143860000000000 0.155260000000000 0.160280000000000 0.174240000000000 0.174880000000000 0.192360000000000 0.209300000000000 0.213980000000000 0.216300000000000 0.222860000000000 0.223740000000000 0.235780000000000 0.244980000000000 0.250420000000000 0.251500000000000 0.262240000000000 0.295300000000000 0.301040000000000 0.306160000000000 0.334920000000000 0.351420000000000 0.353000000000000 0.354940000000000 0.360780000000000 0.384300000000000 0.412360000000000 0.417740000000000 0.425300000000000 0.433200000000000 0.442040000000000 0.444660000000000 0.455160000000000 0.455460000000000 0.458780000000000 0.471140000000000 0.485400000000000 0.496660000000000 0.500000000000000 0.502640000000000 0.504280000000000 0.511960000000000 0.531240000000000 0.543740000000000 0.568700000000000 0.579860000000000 0.592840000000000 0.603920000000000 0.620000000000000 0.662660000000000 0.663700000000000 0.677120000000000 0.683320000000000 0.714560000000000 0.733240000000000 0.759000000000000 0.783120000000000 0.801640000000000 0.802960000000000 0.809680000000000 0.856060000000000 0.863320000000000 0.867260000000000 0.875240000000000 0.894320000000000 0.897360000000000 0.948560000000000 0.956640000000000 0.979540000000000
00100001010000000000000010000000010000000010000001101010100001100010101000000000
01000100000010000000000000011000000010000000010000000010010001100000101000000000
00101001000000000011000000001001000010000100010000000110000001100000101000000000
00100011001100000000000000100000000000000000000000000010000001100000101000000000
01000100000010000000000000011000000010000000010000000010000001100000101000000000
00101001000000000000000010000000010000000010000000000010100001100010101000001100
00101001000000000011000000001000000000000010000001100010100001100010101000000000
00010001101000000000001100001100000000000010000000000010000001100000101000000000
00100001000000000000100010000000011000000010000000000010000001101000101000000001
00100001000000000000000010000000010000000010001100000010000001100001101001000000
00100001001100100000000010001000000001100000100000000000000001100000101001000000
00100001010000000000000010000000010000000010000001100010100001100010101000000000
00010001101000010000001100001100000000000010000000000010000001100000101000000000
00100001010000000000000010000010010000000010000001100010100001100010101000000000
00100001010000000000000010000000010000000010000001100010100001100010101000000000
00100001000000000000000010000000010000000010001100000010000001100001101001000010
00100001000000000000100010000000010000000010000000000010000001100000101000000000
00100001000001000000010010000000010000000010000000000010000001100000101000100000
00100001010000000000000010000000010000000010000001100010100001100010101000000000
00100001010000000000000010000000010000000010000001101010100001100010101000000000
00100001000000000000000010000000010000000010001100000010000001100001101001000000
00100001000000000000000010000000010000000010000001100010100001100010101000000000
00100001010000000000000010000000010000000010000001100010100001100010101000000000
00100001010000000000000010000000010000000010000001101010100001100010101000000000
00100001010000000000000010000000010000000010000001100010100001100010101100000000
01000100000010000000000000011000000010000000010000000010000001100000101000000000
00100001000000000000000010000000010000000010001100000010000001100001101001000000
00100001010000000000000010000000010000000010000001100010100001100010101000000000
00100001010000001000000010000000010000000010000001100010100001100010101000000000
00101001000000000010000000000000000000010000100010010001000100000100001000000000
00010000000000000111000000001000000110000000010000000010000001100000101000000000
01000100000010000000000000011000000010000000010000000010000001100000101000000000
00100001000000000000000010000000010000001010000000000010000001100000101000000000
00100001010000000000000010000000010000000010000001100010100001100010101000000000
00100001000000000000001100001100000000000010000000000010000001100000101000010000
00100001010000000000000010000000010000000010000001100010100001100000101000000000
00100001000000000000000011000000110001100001100000000000000001100000101010000000
00100001000000000000000010000000010000000010001100000010000001100000101001000000
00100001000000000000000011000000110001100001100000000000000010110000010000100000
10100001010000000000000010000000010000000010000001100010101001100010101000000000
