//
segsites: 74
positions: 0.021880000000000 0.024340000000000 0.061060000000000 0.063260000000000 0.080780000000000 0.104620000000000 0.121340000000000 0.123760000000000 0.129540000000000 0.168680000000000 0.185960000000000 0.190700000000000 0.217220000000000 0.229480000000000 0.240420000000000 0.242920000000000 0.249120000000000 0.274660000000000 0.323080000000000 0.362240000000000 0.373240000000000 0.388480000000000 0.396000000000000 0.396720000000000 0.397920000000000 0.419900000000000 0.495720000000000 0.500000000000000 0.545600000000000 0.555740000000000 0.565940000000000 0.571040000000000 0.583560000000000 0.598500000000000 0.608300000000000 0.612400000000000 0.617620000000000 0.641260000000000 0.652340000000000 0.657940000000000 0.673260000000000 0.674300000000000 0.681320000000000 0.696260000000000 0.700620000000000 0.712060000000000 0.718720000000000 0.745640000000000 0.755360000000000 0.760760000000000 0.761620000000000 0.764920000000000 0.766760000000000 0.780500000000000 0.793320000000000 0.802400000000000 0.811480000000000 0.829920000000000 0.834560000000000 0.852580000000000 0.891180000000000 0.891240000000000 0.906260000000000 0.934200000000000 0.934940000000000 0.943340000000000 0.945120000000000 0.945180000000000 0.949480000000000 0.965080000000000 0.974640000000000 0.980960000000000 0.990780000000000 0.993700000000000
01110000000000000101001000100000001001101000000000000000111010000000000100
01110000001000011000110000100000000000101000000000000100111010100000100100
00100001000000100001000000100000000000101000010100000100111010000000000100
01110000001000011000110000110000000010101000000000000100111010100000100100
01110000001000011000110000110000000000101000000000000100111010100000100100
01110000001000011000110000110000000000101000000000000100111010100000100100
00000000001000100010000110100000001000100010101001000000011001011100010000
01110000001000011000110000110000000000101000000000000100111010100000100100
01110000001000011000110000110000000000101000000000000100111010100000100100
00101110010000000000100000100000000000101100000000100100111010000000000101
01110000001000011000110000110100000000101000000000000100111010100000100100
01110000001000011000110000110000000000101000000000000100111010100000100100
01110000001000011000110000110000000000101000000000000100111010100000100100
01110000001000011000110000110000000000101000000000000100111010100000100100
00000000001010011000110000100000001000100010101001000000010001000010000010
01110000000000000101001000100000101001101000000000000000111010000000000100
00000000001000011000110000101000001000100010101001000000010001000010000010
01110000001000011000110000110000000000101000000000000100111010100000100100
01110000001000011000110000110001000000101000000000010100111010100000100100
01110000001000011000110000100000000000101000000000000100111010100000100100
01110000001000011000110000110000000000101000000000000100111010100000100100
01110000001000011000110000110000000000101000000000000100111010100000100100
00100001000000100001000000100000000000101000010000001100111010000000000100
01110000000000000101000110100000001000100010101001000010011001011100010000
00101110010100000000100001100000000000101101000000000101111010000000000100
01110000001000011000110000110000000000101000000000000100111010100000100100
00100001000000100001000000100000000000101000010100000100111010000000000100
11110000001000011000110000100000000100101000000000000100111110000000001100
01110000001000011000110000110000000000111000000000000100111010100000100100
01110000001000011000110000110000000000101000000000000100111010100000100100
01110000001000011000110000100000001000100010101001000000010001000010000010
01110000001000011000110000110000000000101000000010000100111010100000100100
01110000001000011000110000110000000000101000000000000100111010100000100100
01110000000001000101001000100010000000101000000000000100111010000000000100
01110000001000011000110000110000000000101000000000000100111010100000100100
00100001000000100001000000100000000000101000010100000100111010000000000100
00101110110000000000100001100000010000101100000000000100111010100000100100
01110000001000011000110000110000000000101001000000000101111010000000000100
01110000001000011000110000110000000000101000000000000100111010100001100100
01110000001000011000110000110000000000101000000000000100111010100000100100
