//
segsites: 73
positions: 0.001220000000000 0.006600000000000 0.035840000000000 0.055640000000000 0.068920000000000 0.070560000000000 0.073100000000000 0.116500000000000 0.129000000000000 0.161860000000000 0.182820000000000 0.183520000000000 0.209340000000000 0.211880000000000 0.212280000000000 0.224640000000000 0.236620000000000 0.245700000000000 0.265900000000000 0.281660000000000 0.314700000000000 0.339460000000000 0.344260000000000 0.354660000000000 0.361880000000000 0.365100000000000 0.372120000000000 0.379740000000000 0.390180000000000 0.398780000000000 0.409920000000000 0.415360000000000 0.415620000000000 0.415900000000000 0.474240000000000 0.475560000000000 0.475560000000000 0.499080000000000 0.500000000000000 0.532600000000000 0.533060000000000 0.541480000000000 0.545460000000000 0.555280000000000 0.572180000000000 0.597840000000000 0.609300000000000 0.619680000000000 0.620400000000000 0.620820000000000 0.642060000000000 0.667840000000000 0.669980000000000 0.690420000000000 0.717240000000000 0.725660000000000 0.741380000000000 0.789760000000000 0.791260000000000 0.798020000000000 0.837620000000000 0.849720000000000 0.872020000000000 0.876340000000000 0.877740000000000 0.902540000000000 0.903820000000000 0.926180000000000 0.950240000000000 0.963560000000000 0.965860000000000 0.980480000000000 0.993860000000000
0001000011101010001100010000000000001000000000100000110000000010011000011
1000000000000100100000000100110001000111010001100001000001100010111000000
1000000000000100100000000100110000000111010001100001000001100010111000000
1000000000000100100000000100110000000111010001100001000001100010111000000
1000000000000100100000000100110000000111010001100001000001100010111000000
1000000000000100100000000100110000000111010001100001000001100010111000000
0001000011101010001101001000101010010000000010001000000100000000010000001
1000000000000100100000000000110000000001010001100001000010000010011100011
1000000000000100100000000000110000000001010001100001000001100010111010000
0000000000000101100000000000100000001000000000100000110000000010011000011
1000000000000100100000100000000000010000001000100000110000000011011000001
0001000011101010001101001000100010010000000010001000000100000000010000001
1000000000000100100000000100110000000111010001100001000001100010111000000
1000000000000100100000000100110000000111010001100001000001100010111000000
1000000000000100100000000100110000000111110001100001000001100010111000000
0011000011101010001110000001000000001000000000110000110000000110011000011
1000000000000100100000000100110000000111010001100001000001100010111000000
1000000000000100100000000100110000000111010001100001000001100010111000000
1000000000000100100000000100110000000111010001100001000001100010111000000
0001101011101010001100000010000000001000000000100010110000000011011000001
1000000000000100100000000100110000000111010001100001000001100010111000000
0001000011101010001100000010000000001000000000100010110000000011011000001
1000000000000100100000000100110000000111010001100001000001100010111000000
0001010010000000001100000000000000010000001000100000110000000011011000001
1000000000000100100000000100110000000111010001100001000001100010111000000
1000000000000100100000000100110000000111010001100001000001100010111000000
1000000000000100110000000000110000000001010001100001000001110000011001001
1000000000010100100000000100110000000111010001100001000001100010111000000
0001000010000100100000000100110000000101010001100001000001100000011000001
0000000000000101100000000000110000000001010001100001000001100000011000001
0001000011101010001100000000000100001000000100100100110000001010011000011
0001000011101010001101001000100010010000000010001000000100000000010000001
1000000000000100100000000100110000000111010001100001000001100010111000000
0001000011100100100000000100110000100111010001100001001001100010111000000
0000000100000101100000000000110000000001010001100001000001100000011000001
0001000011101010001100000010000000001000000000100010110000000011011000001
1000000000000100100000000100110000000101010001100001000001100010111000100
1000000000000100100000000100110000000111010001100001000001100010111000000
0011000011101010001110000001000000001000000000110000110000000010011000011
0111000011101010001110000001000000001000000000110000110000000010011000011
