//
segsites: 68
positions: 0.000460000000000 0.016080000000000 0.022040000000000 0.025380000000000 0.040700000000000 0.066220000000000 0.066580000000000 0.078560000000000 0.081360000000000 0.099280000000000 0.108300000000000 0.115600000000000 0.153920000000000 0.158680000000000 0.158900000000000 0.170140000000000 0.219780000000000 0.226180000000000 0.235380000000000 0.242640000000000 0.255180000000000 0.256560000000000 0.260560000000000 0.323020000000000 0.333960000000000 0.337940000000000 0.343500000000000 0.353200000000000 0.356100000000000 0.386580000000000 0.435580000000000 0.439760000000000 0.441180000000000 0.500000000000000 0.539060000000000 0.570400000000000 0.575500000000000 0.606460000000000 0.626440000000000 0.627880000000000 0.642460000000000 0.659340000000000 0.665220000000000 0.668100000000000 0.678720000000000 0.684360000000000 0.688900000000000 0.701560000000000 0.701860000000000 0.703980000000000 0.727880000000000 0.749000000000000 0.750340000000000 0.764020000000000 0.768080000000000 0.768760000000000 0.774200000000000 0.775000000000000 0.805700000000000 0.813500000000000 0.823820000000000 0.828620000000000 0.834460000000000 0.840220000000000 0.892680000000000 0.910920000000000 0.946500000000000 0.962460000000000
01100100001100000001100100000000100001001010001010010010000001010100
01100000000010100001100000000000110001001010000010011010000101000101
01100000000010100001100000000000110001001010000010011010000101000101
01000001000000000010010000100100000100111110000010011010000101000100
01000000000000000101001000000000110001001010000010011010000101000101
01100000000001000010010000100100000100111110000010000010000001000110
01110000000010100001100000000000110001001010000010011010000101000101
01100000000010100001100000000000110001001010000010011010000101000101
01000000000000000001100100000000100001001010001011010010000001000100
01100000000001000010010000100100000100111110000010000010000011000110
01100000000010100001100000000000110001001010000010011010000101000101
01100000000010100001100000000000110001001010000010011010000101001101
01000000000000000001100100000000100001001010001110010110100001000100
01000000000000000001100100000000100001001010001011010010000001000100
11100000000010100001100000000000110001001010000010011010000101000101
01000000000000010001100100000000100001001010011010010010000001000100
01100000000010100001100000000000110001001010000010011010000101000101
01000000000000001001100000000000100001001010000010010010000001000100
01100000000010100001100000000000110001001010000010011010000101000101
01101010100000000001100001011000100001001010000010010010000001000100
01000000000000000001100100000000100001001010001110010010100001000100
01100000000001000010010000100100000100111110000010100010000001000110
01100000000010100001100000000000110001001010000010011010000101000101
01000000010000000001100100000000101001001010000010010010000001000100
01100000000010100001100000000000110001001010000010011010000101000101
01100000000010100001100000000000110001001010000010011010000101000101
01100000000010100001100000000000110001001010000010011010000101000101
01000000000000000001100100000000100001001010001010010010010001000100
01000001000000000010010000100100000100111110000010000010000001100110
01100000000001000010010000100100000100111010000010011010000101000101
01100000000010100001100000000000110001001010000010011010000101000101
01101010100000000001100001011000100001001010001010010010000001000100
01100000000001000010010010100100000100111110000010100010000001000110
01100000000010100001100000000000110001001010000010011010000101000101
01000000000000001001100000000000100001001010000010010010000001000100
01000000000010000001100000000000100001001010000010011010000101000100
01100000000010100001100000000000110011001010000010011010000101000101
01101010100000000001100001011000100001001011000010010010000001000100
01000000000000010001100100000000100001001010011010010010000001000100
01100000000000001101001000000011100001001010100010010011001001000100
