//
segsites: 51
positions: 0.003500000000000 0.029060000000000 0.030540000000000 0.034300000000000 0.037720000000000 0.087440000000000 0.097240000000000 0.114780000000000 0.122640000000000 0.133740000000000 0.136620000000000 0.156660000000000 0.169560000000000 0.172000000000000 0.175560000000000 0.186000000000000 0.188960000000000 0.256960000000000 0.288500000000000 0.289180000000000 0.322540000000000 0.338860000000000 0.346060000000000 0.354480000000000 0.371140000000000 0.401320000000000 0.423920000000000 0.449940000000000 0.450580000000000 0.474000000000000 0.488060000000000 0.500000000000000 0.512380000000000 0.514120000000000 0.517180000000000 0.539240000000000 0.543580000000000 0.624620000000000 0.640880000000000 0.704020000000000 0.721240000000000 0.756600000000000 0.765660000000000 0.772780000000000 0.818560000000000 0.830540000000000 0.839540000000000 0.861160000000000 0.873780000000000 0.910100000000000 0.998380000000000
100011001010010000000001010100100010000000100011000
000000000000000110001000010100110000001100000000000
000000000000000110001000010100110000001100000000000
000000000000000110001000010100110000001100000000000
000000000000000110001000010100110000001100000000000
000000010000000110001000010100110000001100000000000
000000000000000110001000010100110000001100000000000
000000000000000110001000010100110000001100000000000
000000000000000110001100010100110000001100000000000
001000000000000110000000010101100000011100000000000
000000000000000110001000010100110000001100000000000
000000000000000110001000010100110000001100000000000
000000000000000110001000010100110000001100000000100
000000000000000010000000010101100000011100000000000
000000000000000110001000010100110000001100000000000
000000000000000110001000010100110000001100000000000
000000000000000110001000010100110000001100000000000
000000000000001010000000010101100101000000100011000
000000000001000010000001010100110000001100000000000
010000100000000110010000010101100000011100000000000
000000000000000110000000010100100000100010000100010
000000000000000110001000010100110000001100010000000
000000000000000010000000010111100000011100000000000
000000000000000110001000010100110000001100010000000
010000000000000110010000010101100000011100000000000
000000000000000110001000010100110000001100010000000
000000000000000110001000010100110000001100001000001
000000000000001010000000010101100101000000100011000
001000000000000110000010010111100000011100000000000
000000000000000010000000010101101000011100000000000
000000000000000110100000011101100000011101000000000
000000000000000111000000110101100000011100000000000
000000000000000110001000010100110000001100000000000
000000000000000110001000010100110000001101000000000
000100000100000110000000011111100000100010000100010
100011001010010000000001010100100010000000100011000
000000000000000110001000010100110000001100000000000
000000000000000110001000010100110000001100010000000
000000000000000110001000010100110000001100000000000
000000000000100110001000010100100000001100000000000
