//
segsites: 71
positions: 0.010680000000000 0.012720000000000 0.013500000000000 0.017380000000000 0.020260000000000 0.020760000000000 0.042000000000000 0.073880000000000 0.088040000000000 0.138380000000000 0.148600000000000 0.156480000000000 0.159980000000000 0.180640000000000 0.182280000000000 0.184240000000000 0.195480000000000 0.200220000000000 0.207560000000000 0.251300000000000 0.263820000000000 0.269260000000000 0.275720000000000 0.284400000000000 0.325560000000000 0.338220000000000 0.347980000000000 0.352000000000000 0.360860000000000 0.367900000000000 0.386460000000000 0.436320000000000 0.453480000000000 0.460400000000000 0.470280000000000 0.470640000000000 0.480820000000000 0.500000000000000 0.566440000000000 0.588920000000000 0.594160000000000 0.599520000000000 0.618860000000000 0.622300000000000 0.623860000000000 0.628380000000000 0.637760000000000 0.658360000000000 0.681920000000000 0.724040000000000 0.762980000000000 0.763660000000000 0.774660000000000 0.834620000000000 0.851760000000000 0.855080000000000 0.877640000000000 0.879260000000000 0.893980000000000 0.900280000000000 0.922560000000000 0.928520000000000 0.936800000000000 0.938580000000000 0.945700000000000 0.954120000000000 0.963680000000000 0.971540000000000 0.986120000000000 0.990600000000000 0.997820000000000
01100011000001000000000010000011001000000011000000000100000100001101000
00001100100000110000000000000100100000100100100000100000001000010010100
01100011000001000010000000000011001000000011000000000100000100001101000
00000000010000000000011000000000001000000011000000000100000101001101000
00000000010110000000001000000001001000000000010110000010000000010001000
11100011000001000000000000000011001001000011000000000100000100001101000
11100011000001000000000000000011001001000011000000000100000100001101000
00110010010000000001001000000001001000000011000000010100000100001101000
11100011000001000000000000000011001001000011000000000100000100001101000
11100011000001000000000000010011001001000011000000000100000100001101000
11100011000001000000000000000011001001000011000000000100000101001101000
11100011000001000000000000000011001001000011000000000100000101001101000
00000000010000000000001000000000001000000000010010000010000000010001000
11100011000001000000000000000011001001000011000000000100000101001101000
01100010010000000000001000000001001001000011000000000100000100001101000
00110010010000000001001000000001001000000011000000010100000100001101000
00000000010000000100001000000000001000000011000000000100000101001101000
01100011000001000000000001000011001001000011000000000100000100001101000
00001100100001000000000000000011001000000011000000000100000101001101000
11100011000001000000000000000011001001000011000000000100000100001101000
01100011000001000000000000100000000100010000011001000010000000010001000
11100011000001000000000000000011001000000011000000010101000100001101000
00000000010000000000001000000001001000000000010110000010000000010001000
11100011000001000000000000000011001001000011000000000100000101001101000
00000000010000000000001000000000011000000011000000000100000100001100000
11100011000001000000000000000011001001000011000000000100000100001101000
11100011000001000000000000000011001001000011000000000100000100001101000
00000000010000000000001000000000001000000011000000100000010110000100000
01100010010000000000001000000001001000000011000000000100000101001101001
01100011000001000000000000000011001000001000010010101000101000010010100
11100011000001000000000000000011001001000011000000000100000100001101010
01100010001000001000100100001011001001000011000000000100000100001101000
11100011000000000000000000000011001000000011000000000010000000100000000
01100011000001000000000000000011001001000011000000000100000100001101000
11100011000001000000000000000011001001000011000000000100000100001101000
00000000010000000000001000000001001000000000010110000010000000010001000
01100010010000000000001000000001001010000011000000000100000101001101000
00001100100000110000000000000100100000100100100000000100000101001101000
01100011000001000000000000000011001000001000010010000100000100001101000
11100011000001000000000000000011001001000011000000000100000100001101000
