//
segsites: 97
positions: 0.004020000000000 0.006080000000000 0.023640000000000 0.024560000000000 0.030360000000000 0.053140000000000 0.062400000000000 0.064380000000000 0.073220000000000 0.095060000000000 0.134640000000000 0.137020000000000 0.138820000000000 0.142760000000000 0.145720000000000 0.158640000000000 0.170020000000000 0.172600000000000 0.174380000000000 0.177180000000000 0.206560000000000 0.242320000000000 0.246760000000000 0.249660000000000 0.251760000000000 0.264300000000000 0.280960000000000 0.293900000000000 0.294760000000000 0.305620000000000 0.308820000000000 0.321720000000000 0.354620000000000 0.357640000000000 0.390520000000000 0.400380000000000 0.406840000000000 0.413180000000000 0.420720000000000 0.421860000000000 0.456360000000000 0.456960000000000 0.457420000000000 0.460360000000000 0.460700000000000 0.468820000000000 0.500000000000000 0.515680000000000 0.524840000000000 0.538160000000000 0.569940000000000 0.582140000000000 0.606280000000000 0.614380000000000 0.635220000000000 0.674060000000000 0.674260000000000 0.677960000000000 0.684780000000000 0.686060000000000 0.696960000000000 0.701160000000000 0.704900000000000 0.712200000000000 0.720120000000000 0.728160000000000 0.730940000000000 0.736280000000000 0.742020000000000 0.746640000000000 0.748700000000000 0.749720000000000 0.759860000000000 0.761000000000000 0.762120000000000 0.770940000000000 0.772260000000000 0.775280000000000 0.808420000000000 0.810100000000000 0.827940000000000 0.829360000000000 0.851840000000000 0.856960000000000 0.868620000000000 0.883820000000000 0.897140000000000 0.911060000000000 0.915280000000000 0.916560000000000 0.926120000000000 0.931500000000000 0.964960000000000 0.969880000000000 0.990100000000000 0.993800000000000 0.999360000000000
1010001100100100000000100001001111001000000101110010100100000000001101000001000000100000000000001
1001001100000100000000100001001111001010000101000000001000000000000010000000010000000010000001000
1010001100100100000000100001001111001000000101110010100100000000001101000001000000100000000000001
0000010100000101000111000000110000010000000000001101001000000000000010000000010000000000000001000
1010001100100100000000100001001111001000000101110010100100000000001101000001000000100000000000001
1101001100100100000000101011001111000000100000000000100000000000000000001000000000000000110000000
1010000100000100000001000000100011000000100000001101001000000000000010000000010000000000000001000
1010001100100100000000100001001111001000000101110010100100000000001101000001000000100000000000001
1010000100000100000000100000000000000100000000000000010110000000001101000001000000000000000000001
1010010100000100000000100001001111001000000101010010100100000000001101000001000000000100000000001
1010010100000100000011010000110000010001000000001101000000000001010010000000010010000000000000000
1010010100000101000011000000110000010000000000001101000000000000000010000000010000000000000001000
1001001100000100000000100001001111001010000101000000010001010000000000000010000010000000000000000
1001001100000100000000100001001111001000000101110010100100000000001101000001000000100000000000001
1010010100000101000011000000110000010000000010001101001000000000000010001000100000000000110000000
1010100100000100000001000000110000010000000000001101000000000000000010000100010000000000000000001
1010001100100100000000100001001111001000000101110010100100000000001101000001000000100000000000001
1101001100101100000000100001001111001000010101000010100100100000001101000001000000000000000001000
1010001100100100000000100001001111001000000101110010100100000000001101000001000000100000000000001
1101001100100100000000100001001111001000000101000010100110000000001101000001000000000000000000001
1010001100100100000000100001001111001000000101110010100100000000001101000001000000100000000000001
1010000101000100000001000000100000000000100000000000100000001110000000110000000000000001000000000
0000000010010010111000100000000000000100001000000000000000000000100000001000000000000000110000000
0000000010000010111000100000000000000100001000000000000000000000100000001000000000000000110000000
1101001100100100000000101011001111000000100000000000100000000000000001000000001101000000001000100
1010001100100100000000100001001111001000000101110010100100000000001101000001000000100000000000001
1010001100100100000000100001001111001000000101110010100100000000001101000001000000000000000000001
1010001100100100000000100001001111001000000101110010100100000000001101000001000000100000000000001
1010001100100100000000100001001111001000000101110010100100000000001101000001000000100000000000001
1010001100100100000000100001001111001000000101110010100100000000001101000001000000100000000000001
1010001100100100000000100001001111001000000101110010100100000000001101000001000000100000000000001
1010001100100100000000100001001111001000000101110010100100000000001101000001000000110000000000001
1010001100100100000000100001001111001000000101110010100100000000001101000001000000100000000000001
1010001100100100000000100001001111001000000101110010100100000000001101000001000000100000000000001
1101001100100100000000100001001111001000000101010010100100000000001101000001000000000000000000001
1010001100100100000000100001001111001000000101110010100100000000001101000001000000100000000000001
1001001100000100000000100001001111101010000101000000100100000000001101000001000000001000000110010
0000010100000101000111000100110000010000000000001101001000000000000010000000010000000000000001000
1010001100100100000000100001001111001000000101110010100100000000001101000001000000100000000000001
1010010100000100000011000000110000010000100000000000100000000000000001000000001101000000001000100
