//
segsites: 65
positions: 0.011460000000000 0.013720000000000 0.086540000000000 0.108120000000000 0.156980000000000 0.164460000000000 0.211960000000000 0.246800000000000 0.250700000000000 0.285420000000000 0.289140000000000 0.292620000000000 0.295340000000000 0.305000000000000 0.313360000000000 0.318660000000000 0.361360000000000 0.366200000000000 0.378860000000000 0.416180000000000 0.423580000000000 0.428180000000000 0.428220000000000 0.432600000000000 0.433180000000000 0.441260000000000 0.444460000000000 0.480980000000000 0.492740000000000 0.500000000000000 0.504500000000000 0.544760000000000 0.546180000000000 0.571780000000000 0.580080000000000 0.584540000000000 0.598360000000000 0.622120000000000 0.631760000000000 0.635680000000000 0.636320000000000 0.640640000000000 0.689000000000000 0.706900000000000 0.726180000000000 0.727380000000000 0.734080000000000 0.743160000000000 0.754900000000000 0.756600000000000 0.764640000000000 0.770200000000000 0.778160000000000 0.818020000000000 0.859600000000000 0.872580000000000 0.898780000000000 0.906020000000000 0.932280000000000 0.941880000000000 0.946880000000000 0.951520000000000 0.967300000000000 0.994520000000000 0.999720000000000
00000000000000000000010011000000000101000001000000010000100000000
11100000000010000000101100000000000011001000000011000001000000000
10000100010000000100101100000100000011000000000011000001000000000
10000100010000000100101100000100000011000000000011000001000000000
10000110010000000001101100000000000010010000100000000100000100110
10000100000110000000000000101010001000100010000000000000001001001
10000100010000000100101100000100100011000000000011000001000100110
10000100000000000000000000101010001000000010000000000000001001001
10000100010000000100101100000100000011000000000011000001000000000
10000100010000000100101100000000000011000000000011000001000000000
10000100010000000110101100000100000011000000000011000001000000000
10000100010000000100101100000101000011000000000011000001000000000
10000100000001000000101100000000010000000100000100000001000010000
10000100010000000100101100000100000011000000000011000001000000000
10000100010000000100101100000100000011000000000011000001000000000
10000000010000000100101100000000000010010000110000000100000100110
10010100010000000100101100000000000011000000000011000001000000000
10001000000110000000000000101010001000000010000000000010001001000
10000100010000000100101100000100000011000000000011000001000000000
10000100010000000100101100000100000011000000000011000001000000000
00000100010000000100101100000100000011000000000011000001000000000
10000100010000000100101100000000000011000000000100000001000010000
10000100010000000100101100000100000011000000000011000001000000000
10000100010000000100101100000100000011000000000011000001000000000
10000100010000000100101100000100000011000000000011000001000000000
10000100010000000100101100000100000011000000000011000001000000000
10000100010000000100101100000100000011000000000011000001000000000
10000100010000000000101100000000000000000100000000000001010000000
10000100010000000100101100000100000011000000000011000001000000000
10000100010000000100101100000100000011000000000011100001000000000
10000100010000000100101100000100000011000000000011000001000000000
10000100010000000100101100000000000010010000100000001100000100100
10000100010000000100101100000100000011000000000011000001000000000
10000100010000000100101100000100000011000000000011000001000000000
10000100010000000100101100000100000011000000000011000001000000000
10000100010000000100101100000100000011000000000011000001000000000
00000101101000011000000000010000000101000010000000000000001001001
10000100010000000100101100000100000011000000000011000001000000000
10000100010000100000101100000000000000000100001000000001000010000
10000100000001000000101100000000000000000100000000000001000010000
