//
segsites: 44
positions: 0.001220000000000 0.004820000000000 0.018860000000000 0.019260000000000 0.039240000000000 0.070580000000000 0.111280000000000 0.123820000000000 0.161860000000000 0.180840000000000 0.189260000000000 0.224820000000000 0.240840000000000 0.289340000000000 0.294360000000000 0.347340000000000 0.370120000000000 0.412100000000000 0.448480000000000 0.453200000000000 0.494380000000000 0.496760000000000 0.500000000000000 0.515320000000000 0.528600000000000 0.554060000000000 0.557940000000000 0.562280000000000 0.565580000000000 0.570860000000000 0.581400000000000 0.597020000000000 0.622140000000000 0.635260000000000 0.641500000000000 0.644880000000000 0.685520000000000 0.750560000000000 0.762140000000000 0.792400000000000 0.835240000000000 0.941780000000000 0.958220000000000 0.959660000000000
00000010101000011110101000000001000000001000
00000010110010011100100000000000000000001000
00000010101000011110101000000001000000001000
00000010101000111110101000000001000000001000
00000010101000011110101000000001000000001000
01001010101000011100100000001000100000001001
00000010110000011100100001001000000000001100
00110011101000011100100000000000000000001000
00000010101001001000010000000010000001010000
00000010101100011100100000000001000000001000
00000010101000011110101000000001000000001000
00000110101000011110101000000001000000001000
00000010101000011110101000000001000000001000
00000010101000011110101000000001000000001000
00000010110000011110101000000001000000001000
00110011101000011100100000000000000100001000
00000010101000011110101000000001000000001000
00000010101000011100100000011000000000001000
00000010110000011100100000001000001000001000
00000010101000011110101000000001000000001000
00000010101000011110101000000001000000001000
01000010101000011100100000001100100000001010
00000010101000011101100000000000000000001000
00000010101001001000100000001000000000001000
00000010101000011110101000000001000000001000
00000010101000011110101000000001000000001000
00000010101000011110101000000001000000001000
00010011110000011100100000001000000010001000
00000010110000011100100000101000010000001000
00000010101000011110101000000001000000001000
00000010101000011110101000000001000000001000
00000010101001001000010000000010000001110000
10000011101000011100100000000000000100001000
00000010101000011110101000000001000000001000
01000010101000011100100100000000000000001000
00000010101000011110101000000001000000001000
00010011110000001000010000000010000001010100
00000010101000011110101000000001000000001000
01000010101000011100100010001100100000001010
00000010110010011100100000000000000000001000
