//
segsites: 85
positions: 0.003200000000000 0.012200000000000 0.012980000000000 0.034760000000000 0.053620000000000 0.068260000000000 0.082260000000000 0.083100000000000 0.098340000000000 0.103880000000000 0.113200000000000 0.118720000000000 0.121400000000000 0.132140000000000 0.133360000000000 0.143900000000000 0.146740000000000 0.168660000000000 0.175780000000000 0.189140000000000 0.192740000000000 0.199900000000000 0.206940000000000 0.216660000000000 0.229320000000000 0.263300000000000 0.275460000000000 0.301980000000000 0.327240000000000 0.332480000000000 0.338060000000000 0.338400000000000 0.351480000000000 0.375440000000000 0.420120000000000 0.445840000000000 0.448100000000000 0.448580000000000 0.468380000000000 0.480840000000000 0.487560000000000 0.492420000000000 0.500000000000000 0.500180000000000 0.501700000000000 0.504160000000000 0.506500000000000 0.508680000000000 0.508920000000000 0.509620000000000 0.521460000000000 0.551760000000000 0.555860000000000 0.565440000000000 0.580560000000000 0.585540000000000 0.597320000000000 0.602940000000000 0.605140000000000 0.660700000000000 0.665880000000000 0.674360000000000 0.676980000000000 0.681080000000000 0.718540000000000 0.723140000000000 0.727580000000000 0.728740000000000 0.733000000000000 0.750480000000000 0.752500000000000 0.761100000000000 0.793200000000000 0.816760000000000 0.835060000000000 0.903260000000000 0.913780000000000 0.915720000000000 0.925480000000000 0.944780000000000 0.949660000000000 0.968460000000000 0.983500000000000 0.988120000000000 0.995980000000000
0000000011000010000001100000000001010000011001010001010001100000100000000000000000000
0100000010000000010001100000000000100000010100000000000001100000000000100010000100000
0000000011000010000001100000000001010000011001010001010001100000100000000000000000000
0001000010000000000001100000001001010010010001010000010110100010000001000000000000000
0000000011000010000001100000000001010000011001010001010001100000100000000000000000000
0000000011000010000001100000000001010000011001010001010001100000100000000000000000000
0000000011000010000101100000000001010000011001010001010001100000100000000000000000000
0000000011000010000001100000000001010000011001010001010001100000100000000000000000000
0000000000101000000000001100010000001000010100000000101000011000100100010000000000000
0100000010000000010001100000000000100000010110000000000001100000000000100000000000000
0000000010000000000001100000001011010010010001010000010110100010000001000000000000000
0000000011000010000001100000000001010000011001010001010001100000100000000000000000000
0100000010000000010001100000000000100000010100000000000001100001000000100010000000000
0000000011000010000001100000000001010000011001010001010001100000100000000000000000000
0100000010000000010001100000000000100000010100000000000001100000000000100010010000000
0000000011000010000001100000000001010000011001010001010001100000100000000100000000000
0000000011000010000001100000000001010000011001010001010001100000100000000000000001000
0000000011000010000001100000000001010000011001010001010001100000100000000000000000000
0100000010000000010001100000000000100000010100000000000001100000000000100010000000000
0100000010000000010001100010000000100000010100001000000001100000000000100000000000000
0000000011000010000001100000000001010000011001010001010001100000000000100010000100000
0000000011000010000001100000000001010000010001010011010001100000100000000001100010111
0100000010000000010001100000000000100000010100000000000001100000000000100010001000000
0000000011000010000101100000000001010000011001010001010001100000100000000000000000000
0000000000101000000000001100010000001000010100000000000001100000000000100010000000000
0000000011000010000001100000000001010000011001010001010001100000000000100010000100000
0000101000000001001000000000000001000000010001110000010100100100011010001001100010111
0100000010000000010001100000000000100000010100000000000001100000000000100010010000000
0000000010010000000001100000001001010011010001010000010110100010000001000000000000000
0000000011000110000001100000000001010000011001010001010001100000100000000000000000000
0000000000000000000001100000001001010010010001010000010110100010000001000000000000000
0000010000000000100010010001110100100000010100000000000001100000000000100010000100000
0001000110000000000001100000001001010010110001010001010001100000100000000000000000000
0100000010000000010001100000000000100000010100000000000001100001000000100010000000000
0100000010000000010001100000010000001100010100000100101000011000100100010000000000000
0000000011000010000001100000000001010000011001010001010001100000100000000000000000000
0000000011000010000001100000000001010000011001010001010001100000100000000000000000000
0000101000000001001000000000000001000000010001110000010100100000100000000000000000000
0000000011000010000001100000000001010000011001010001010001100000100000000000000000000
1010000010000000010001100000000000100000010100000000000001100000000000100010000000000
