//
segsites: 47
positions: 0.005180000000000 0.014740000000000 0.046700000000000 0.050720000000000 0.059480000000000 0.096680000000000 0.102860000000000 0.185700000000000 0.275440000000000 0.314000000000000 0.376120000000000 0.392720000000000 0.403220000000000 0.416620000000000 0.420880000000000 0.470340000000000 0.480520000000000 0.497340000000000 0.500000000000000 0.698940000000000 0.707020000000000 0.719920000000000 0.724900000000000 0.727360000000000 0.747440000000000 0.757260000000000 0.757440000000000 0.761800000000000 0.775920000000000 0.802340000000000 0.804000000000000 0.808860000000000 0.832160000000000 0.847100000000000 0.872920000000000 0.875060000000000 0.881900000000000 0.884220000000000 0.889240000000000 0.904840000000000 0.906560000000000 0.915720000000000 0.925220000000000 0.928000000000000 0.957900000000000 0.977100000000000 0.986560000000000
01100010001000010000000000011000011000000000000
01101010001000010010000000011000011000000000000
01101010001000010010000000011000011000000000000
01101010001000010010000000011000011000000000000
01100010001000010010000000011000011000000000000
10000001110100000100100001000010000000110000010
10010001110110000100100001000010000011000101000
10000001110100000100100001000010100011000101100
10000001110100000100100001000010000011000101000
01100010001000010000000000011000011000000000000
01101010001000010010000000011000011000000000000
10100011110100000100101001000010000011000101000
01101010001000010010000000011000011000000000000
01101010001000010010100001000010100011000101100
01100010001000010000000000011000011000000000000
01101010001000010010000000011000011000000000000
01101010001000010010000000011001011000001000000
01101010001000010010000000011000011000000000000
01101010001000010010000000011000011000000000000
01100010001000010000000000011000011000000000010
01101010001000010010000000011000011000000000000
01101010001000010010000000011000011000000000000
10000001110100000101010111100000000000000100010
10000001110100000100100001000010000011000101000
01100010001000010000000000011000011000000000000
01101010001000010010000000011000011000000000000
01101010001000010010000000011000011000000000001
01101010001000010010100001000110000011000101000
01101010001000010010000000011000011000000000000
01101010001000010010000000011000011000000000000
01101010001000010010000000011000011000000000000
01100010001000010000000000011000011000000000000
01100010001001010000000000011000011000000101000
01100010001000011000000000011000011000000000010
01101010001000010010000000011000011000000000000
01101010001000010010000000011000011000000010000
01101010001000010010000000011000011000000000000
01101010001000010010000000011000011000000000000
10000101110100000100100001000010000111000101000
01101010001000110010000000011000011000000000000
