//
segsites: 101
positions: 0.002440000000000 0.004840000000000 0.009120000000000 0.030360000000000 0.037740000000000 0.046480000000000 0.049960000000000 0.060900000000000 0.061380000000000 0.074720000000000 0.076620000000000 0.091440000000000 0.091820000000000 0.095600000000000 0.097760000000000 0.099280000000000 0.100020000000000 0.103600000000000 0.108680000000000 0.109180000000000 0.115880000000000 0.124920000000000 0.127060000000000 0.135000000000000 0.135400000000000 0.176880000000000 0.177600000000000 0.181980000000000 0.193500000000000 0.204060000000000 0.210100000000000 0.227940000000000 0.230420000000000 0.244740000000000 0.255280000000000 0.257160000000000 0.262120000000000 0.270520000000000 0.270760000000000 0.283360000000000 0.295600000000000 0.297840000000000 0.300500000000000 0.308860000000000 0.317860000000000 0.335040000000000 0.355120000000000 0.355220000000000 0.372640000000000 0.384880000000000 0.385960000000000 0.386720000000000 0.389060000000000 0.391120000000000 0.396900000000000 0.410960000000000 0.452600000000000 0.460440000000000 0.497880000000000 0.500000000000000 0.518520000000000 0.526500000000000 0.537320000000000 0.571380000000000 0.575180000000000 0.577840000000000 0.588720000000000 0.592540000000000 0.594880000000000 0.645160000000000 0.658640000000000 0.659380000000000 0.670320000000000 0.696700000000000 0.703160000000000 0.718900000000000 0.720700000000000 0.721060000000000 0.725780000000000 0.736960000000000 0.764860000000000 0.767040000000000 0.801600000000000 0.856180000000000 0.861840000000000 0.862400000000000 0.876080000000000 0.876180000000000 0.907540000000000 0.914540000000000 0.918020000000000 0.922560000000000 0.939800000000000 0.940580000000000 0.943480000000000 0.945280000000000 0.951740000000000 0.965380000000000 0.985100000000000 0.985200000000000 0.996860000000000
10000000000001000000001101000010000000010100000100001110000001100100000000000000100000000000011101101
00000000010000000000000000000100000101000001000010100000000001100100000000000000100000000000010101100
00100000001000010000000000000000000000000000100000000000100000000000001100010110000000010000010001000
10010100000001000100001101000000000000010100000010010000000101100100000000000000110000000000010101110
10000000000000000001001000001001000000001000000000100000000001100100000000000000100000000010010101110
10010000000001000100001101000000000010010100000010010000000101100100000000000000110000000000010101110
10010000000001000100001101000000000000010100000010010000000101100100000000000000110000000000010101110
00100000001000100000000000000000100000000000010000100000000001100100000000010110000111001000100000000
01100001001000100010000000110000000000101000000000100000000000000000000000000001001000000000000000000
10010000000001000100001101000000000000010100000010010000000001100100000000000000110000000000010101110
10010000000001000100001101000000000000010100000010010000000101100100000000000000110000000000010101110
10010000000001000100001101000000000000010100000010010000000101100100000001000000110000000100010101110
10000000000001001000001101000000000000010100000100001100000001100100100000000000100000000000010111100
00100000000001000000101101000000000000010100000100001101000001100100000000000000100000000001010000000
10010000000001000100001101000000000000010100000010010000000101100100000000000000110000000000010101110
00000000010010000000000000000100010101000001000011010000000010000001000000000000000000010000010001000
10001000000001000000001101000010000000010100000100001100000001100100000000001000100000000000010101100
10000000000001000000001101000000000000010100000100001100000001100110000000000000100000000000010000000
10010000000001000100001101000000000000010100000010010000000101100100000000000000110000100000010101110
10000000000001000000001101000001001000001000000000100000010001100100000000000000100000000000010101100
00000000010010000000000000000100010101000001000011010000000010000001000000000000000000010000010001000
10000000100001001000001101000000000000010100000100001100000001100100000000000000110000000000010101110
10010000000001000100001101000000000000010100000010010000000101100100000000000000110000000000010101110
00100000000001000000001101000000000000010100000100001100000001100100000000000000100000000000010101100
01100000001000100010000000110000000000101000000000100000000000000000000000000001001000000000010001000
10010000000001000100001101000000000000010100000010010000000101100100000000000000100000000000010101100
10010000000001000100001101000000000000010100000010010000000101100100000000000000110000000000010101110
10010000000001000100001101000000000000010100000010010000000101100100000000000000110000000000010101110
10010000000001000100001101000000000000010100000010010000000101100100000000000000110000100000010101110
10010000000001000100001101000000000000010100000010010000000101100100000000000000110000000000010101110
01100001001000100010000000110000000000101000001000100000000000000000000000000001001000000000000000000
10000000000100000001001000001001000000001000000000100000000000000000000000000001001000000000000000000
10010000000001000100001101000000000000010100000010010000000101100100000000000000110000000000010101110
10000000000001000000001101000000000000010110000100001100000001111001010010110110000000010000010001000
00000000001000010000000000000000000000000000100000000000100000000000001100010110110000100000010101110
00000000010010000000000000000100010101000001000011010000001010000001000000000000000000000000000000000
10010000000001000100001111000000000000010100000010010000000101100100000000000000110000000000010101110
10010000000001000100011101000000000000010100000010010000000001100100000000000000100000000000010101100
10010000000001000100001101000000000000010100000010010000000101100100000000000000110000000000010101110
00100010001000100010000000110000000000101000000000100000000001100100000000000000100000000000010101100
