//
segsites: 59
positions: 0.002300000000000 0.006080000000000 0.045040000000000 0.049320000000000 0.053560000000000 0.056480000000000 0.063060000000000 0.070820000000000 0.071500000000000 0.074220000000000 0.089600000000000 0.098980000000000 0.107200000000000 0.115880000000000 0.116400000000000 0.121100000000000 0.123000000000000 0.125860000000000 0.129300000000000 0.156240000000000 0.172560000000000 0.177120000000000 0.253400000000000 0.300180000000000 0.302040000000000 0.326400000000000 0.356220000000000 0.415700000000000 0.425340000000000 0.425960000000000 0.426880000000000 0.447920000000000 0.467560000000000 0.473340000000000 0.500000000000000 0.500860000000000 0.540620000000000 0.572680000000000 0.574340000000000 0.595060000000000 0.649840000000000 0.672720000000000 0.677720000000000 0.707480000000000 0.728140000000000 0.735960000000000 0.757500000000000 0.789400000000000 0.831740000000000 0.844880000000000 0.863740000000000 0.923720000000000 0.927620000000000 0.945200000000000 0.968300000000000 0.969760000000000 0.976580000000000 0.984880000000000 0.997960000000000
00001010010000010000000100000000001001010110001111000100000
00001010010000010001100100000000001001010110001111000100000
11000100001001000010010000000001100000110110001111000000000
00000000000100000010000010001001100000000000100000010000010
00100010000010000010000100010000000001000000100000000000010
11010100101001000010010001001001100000000000100000000000001
00001010010000010000000100000000001001010110001111000100000
00100010000010000010000100010000000001011100001000001010000
00000000000100000010000100010000000001011100001000100000000
00001010010000010000000100000000001001010110001111000100000
00001010010000101000000100010000000001010100001000000010000
00000011000000101000000100110000000001011100001000001010001
00001010010000010000000100000000001001010110001111000100000
00001000000100000010000100010000000001011100001000100000000
00100010000010000110000100010000000001011100001000001010000
00100010000010000010000100010000000001010101001000000010000
00001010010000010000000100000000001001010110001111000100000
00100010000010000010000100010000000001010100001000000010000
00001010010000010000000100000000001001000000100000000000001
00001010010000101000000100010000000001010100001000000010000
00000000000100000010000100010000000001011100001000100000000
00001010010000010000000100000000001001010110001111000100000
00000000000100000010001010001001100010000000100000010000110
00001010010000010000000100000100001001010110001111000100000
00100010000010000110000100010000000001011100001000000000000
00001010010000010000000100010000000001011100001000001010000
00000011000000101000000000001001100000000000100000000000000
00001010010000010000100100000000001001010110001111000100000
00100010000010000010000100010000000001011100001000001010000
00001010010000010000000100000000001001010110001111000100000
00100010000010000010000100001001100000000000100000010000000
00000000000100000010000010001001100000000000100000001010001
00001010010000010000000100000000010001010100001011000000000
00001010010000010000000100000010001001010110001111000100000
00001010010000010000000100000000001001010110011111000101000
00001010010000010000000100000000001101010110001111000100000
00100010000010000110000100010000000001011100001000001010000
00001010010000010000000100000000001001010110001111000100000
00100010000010000010000100010000000001010100001000000010000
00001010010000010000000000001001100000000000100000000000000
