//
segsites: 56
positions: 0.019520000000000 0.022660000000000 0.040120000000000 0.048940000000000 0.052640000000000 0.097860000000000 0.132900000000000 0.173940000000000 0.181980000000000 0.187980000000000 0.201920000000000 0.207540000000000 0.219380000000000 0.244460000000000 0.280740000000000 0.318880000000000 0.336400000000000 0.353280000000000 0.368560000000000 0.380100000000000 0.381380000000000 0.396020000000000 0.404400000000000 0.421660000000000 0.439380000000000 0.478360000000000 0.481280000000000 0.490900000000000 0.500000000000000 0.523060000000000 0.550540000000000 0.556560000000000 0.578820000000000 0.653360000000000 0.655560000000000 0.657740000000000 0.664660000000000 0.682180000000000 0.699260000000000 0.700320000000000 0.707600000000000 0.746220000000000 0.759040000000000 0.817840000000000 0.825140000000000 0.830900000000000 0.834560000000000 0.858880000000000 0.869560000000000 0.898720000000000 0.899960000000000 0.916480000000000 0.962480000000000 0.973800000000000 0.991800000000000 0.991960000000000
00000100000011000000001000000000011011011010100001000000
00000100000011000000001000000000011001011010100001000000
01101000011000010000001001001000000000000001010110000000
01101000011000010000001001001000000000000001010110000000
01101000010000100000110001000000100101010100000000010111
01101000011000010000001001001000000000000001010110000000
01101000010000100000110001000000100101010000000000010111
01101000011000010000001001001000000000000001010110000000
01101000010000000000110001000000000000000000100001000000
01101000011000010000001001001000000000000001010110000000
00000001010000100000110001000000100101010000000000000110
01101000011000010000001001001000000000000001010110000000
00010010010000100000110001000001100101010000000000000110
01101000010000100000110001000000100101010000000000000110
00010010010000100000110001000000100101010000000000000110
01101000011000010000001001001000000000000001010110000000
01101000011000010000001001001000000000000001010110000000
01101000010000100000110001000000100101010000000000000110
01101000011000010000001001001000000000000001010110000000
01101000011000010000001001001000000000000001010110000000
01101000011000010000001001001000000000000001010110000000
01101000010000000010110001000000000000000001000110000000
01101000011000000000001000010010000101000001000110000000
01101000011000010000001001001000000000000001010110000000
01101000011000010000001001001000000000000001010110000000
00000100000011000100001000000000011001011010100001000000
01101000010100001000110001000000000000000000100001000000
10000001101000000000001000000000011001011010000000010111
01101000010000000000110001000000000000000001000100001000
01101000011000000000001000010000000101010001000100000000
01101000011000000000001100010000000101110001000100000000
01101000011000010000001001001000000000000001010110100000
01101000011000010000001001001000000000000001010110000000
01101000010011000001001000000000011001011010000000010111
01101000010000100000110001000000100101010000000000000110
01101000011000010000001001001000000000000001010110000000
01101000011000010000001001001000000000000001010110000000
01101000011001100000110001100000000000000001001110000000
01101000010000000000110011000100000000000001010110000000
01101000011000010000001001001000000000000001010110000000
