//
segsites: 91
positions: 0.009900000000000 0.017060000000000 0.036200000000000 0.048860000000000 0.057120000000000 0.084400000000000 0.103880000000000 0.107640000000000 0.117020000000000 0.122700000000000 0.137540000000000 0.161660000000000 0.166140000000000 0.184880000000000 0.185200000000000 0.215180000000000 0.245040000000000 0.254580000000000 0.261560000000000 0.284900000000000 0.294820000000000 0.313160000000000 0.355620000000000 0.367040000000000 0.370060000000000 0.373120000000000 0.375020000000000 0.411100000000000 0.411540000000000 0.418960000000000 0.420200000000000 0.421280000000000 0.422200000000000 0.444980000000000 0.448580000000000 0.458040000000000 0.463820000000000 0.467600000000000 0.500000000000000 0.502400000000000 0.519600000000000 0.566260000000000 0.569740000000000 0.578060000000000 0.578140000000000 0.609760000000000 0.640000000000000 0.654220000000000 0.662640000000000 0.670220000000000 0.672720000000000 0.685200000000000 0.715160000000000 0.722100000000000 0.736300000000000 0.738200000000000 0.739200000000000 0.749340000000000 0.760840000000000 0.764420000000000 0.785520000000000 0.792380000000000 0.793200000000000 0.803400000000000 0.803520000000000 0.810940000000000 0.814040000000000 0.816240000000000 0.817640000000000 0.838160000000000 0.842440000000000 0.853660000000000 0.864780000000000 0.867720000000000 0.892500000000000 0.894180000000000 0.910480000000000 0.911120000000000 0.918380000000000 0.920060000000000 0.929680000000000 0.943760000000000 0.953800000000000 0.956260000000000 0.958220000000000 0.963080000000000 0.969280000000000 0.970360000000000 0.979260000000000 0.985940000000000 0.994880000000000
1100000011110001001000001000000000000000010010001000000100001100000000100000010000000100101
0010000000000010100000000001001000110000010010000010000000000000001010001000100110010000000
1100000011100001000000000000000000000000010010001000000000001100000000100000010000000100101
1100000011100001000000000000000001000000010010000001000000000000001010001000100110010000000
0010100100000000000000000000000000000100001100110001000000010000100000000000100000101001000
1100000011100001000000000000000000000010010010001000010000001100000000100100010000000100101
1100000011100001000000000000000000000010010010001000000000000100000000000000100000000000000
1100000011100001000000000000000000000010010010001000000000001100000000100000010000000100101
1100000011100001000000000000000000000010010010001000000000001100000001100000010000000100101
1100000011100001000000000000000000000010010010001000000000001100000000100000010000000100101
1100000011100001000000000000000010000000110010001000000000001100000000100000010000000100101
1100000011100001000000000000000000000010001100110001000000000010001010001000100110010000010
0010001000000100000011000000001000000100000000001000000000000100000000001000100110010000000
1100000011100001000000000000000000000010010010001000000000001100000000100000010000000100101
0010000000000001000000000000010001000000010010000000000001100000000100010011100000000000000
1100000011100001000000000000000000000010010010001000000000001100000000100000010000000100101
1100000011100001000000000000000000000010010010001000001000001100000000100000010000000100101
0000000000000010010000000000000000000010010010001000000000001100000000100000010000000100101
0000000000000010000000000000001000101000010010000010000000000010001010001000100110010000010
1101000011100001000100000010100001000000010010000000000001100000000100010001100000000000000
0010000000000010000000000001001000110000010010000010000000000000001010001000100111010000000
0010100100000000000000000000000000000010010010001000000000001100000000100000010000000100101
1100000011100001000000000000000000000010010010001000000000001100000000100000010000000100101
0010010000000000000000010100000000000101000000000100100000000000010000000000100000000000000
1100000011110001000000000000000000000000010010000000000011100000000100000000100000101001000
0010000000000000000000100000000000000100001100110001000000000000000000000000100000101001000
1100000011100001000000000000000000000010010010001000000000001100000000100000010000000100101
1100000011100001000000000000000100000010010010001000000000001100000000100000010000000100101
1100000011100001000000000000000000000010010010001000000000001100000000100000010000000100101
0010001000000000000000000000000000000100001100110001000000000000000000000000011000000100101
1100000011101001000010000000001000000100010010001000000000001100000000100000010000000110101
1100000011100001000000000000000000000010010010001000000000001100000000100000010000000100101
0010010000000000000000010100000000000101000000000100100000000000010000000000100000000000000
1100000011100001000000000000000000000010010010001000000000001100000000100000010000000100101
1100000011100001000000000000000000000010010010001000000000001100000000100000010000000100101
1100000000000001000000000000010001000000010010000000000001100000000100010011100000000000000
0010100000000000000000000000000000000100001101110001000000000000000000000000100000101001000
1100000011100001000000000000000001000000010010000000000001100001000100010001100000000000000
1100000011100001000010000000001000000100010010001000000000001100000000100000010000000110101
1100000011100001000000000000000000000010010010001000000000001100000000100000010000000100101
