//
segsites: 65
positions: 0.024680000000000 0.031460000000000 0.045940000000000 0.049020000000000 0.051920000000000 0.065200000000000 0.080560000000000 0.084220000000000 0.120300000000000 0.129020000000000 0.134140000000000 0.138720000000000 0.142660000000000 0.207740000000000 0.216180000000000 0.220960000000000 0.262480000000000 0.275240000000000 0.282400000000000 0.282980000000000 0.287340000000000 0.304800000000000 0.319300000000000 0.331140000000000 0.342220000000000 0.356240000000000 0.367400000000000 0.379140000000000 0.381400000000000 0.432100000000000 0.433440000000000 0.446820000000000 0.459340000000000 0.496060000000000 0.500000000000000 0.519660000000000 0.532040000000000 0.544080000000000 0.552120000000000 0.565780000000000 0.598740000000000 0.642920000000000 0.666160000000000 0.679980000000000 0.681180000000000 0.688980000000000 0.724200000000000 0.734880000000000 0.752900000000000 0.800260000000000 0.801300000000000 0.801520000000000 0.827960000000000 0.831220000000000 0.831560000000000 0.835800000000000 0.840280000000000 0.853340000000000 0.888700000000000 0.911420000000000 0.968960000000000 0.970160000000000 0.986020000000000 0.987220000000000 0.995960000000000
10001000000010010010100000000010001010100010010000010000010000010
00001000000010010010100000000010001010100010010000010000010000010
00001000000010010010100000000010001010100010010000010000010000010
00001000000010010010100000000010001010100010010000010000010000010
00000000000001000010100000000010000010100000100000000111101000000
00001000000010010010100000001010001010100010010000010000010010010
00001000000010010010100000000010001010100010010000010000010000010
00101000101100010010000100100100000100010010010000010000000001011
01101000100100010010000110100100000000010000100011101000000100000
00001000000010010010110000000010000010100000100000000111101000000
00001000000010010010100000000010001010100010010000010000010000010
00000000000001000101001001010100000000010010010000010000000001010
00001000000010010010100000000010001010100010010000010000010000010
00000000000001000101001001000010100010000000100100000111101000000
00000000000001001010100000000010000011100000100000000111101000000
00000000000001001010100000000010000011100000100000000111101000000
00001000000010010010100000000010001010100010010000010000010000010
00001000000100010010000000000001010000000000001000010000000000010
00011000000011000101001001010100000000010110010000010000000001110
00001000000010010010100000000010001010100010010000010000010000010
00000000000001000101000000000010000010100000100000000111101000000
00001000000010010010100000000010001010100010010000010000010000010
00001000000100010010000000000001010000000001001000010000000001010
00001000000010010010100000000010001010100010010000010000010000010
00001000000010010010100000000010001010100010010000010000010000010
00001000000010010010100000000010001010100010010000010000010000010
00001000000010010010100000000010001010100010010000010000010000010
00000000000001001010100000000010000011100000100000000111101000000
00001000000010010010100000000010000010100010010000010000010000010
00001000000010010010100000000010001010101010010000010000010000010
00001000000010010010100000000010001010100010010000010000010000010
00001000000010010010100000000010001010100010010000010000010000010
00001000000010010010100000000010001010100010010000010000010000010
10001000000010010010100000000010001010100010010000010000010000010
00001000000010010010100000000010001010100010010000010000010000010
00000000000001000101001001010100000000010010010000010000000001010
00001000000010010010100000000010001010100010010000010000010000010
00001000000010010010100000000010001010100010010000010000010000010
00000000000001100101000000000010000010100000100000000111101000000
00101111110100010010000001010100000000010010010000010000000001010
