//
segsites: 59
positions: 0.008480000000000 0.029340000000000 0.035680000000000 0.037880000000000 0.046460000000000 0.054400000000000 0.060540000000000 0.066020000000000 0.116160000000000 0.119320000000000 0.142240000000000 0.143200000000000 0.152520000000000 0.156600000000000 0.180820000000000 0.238120000000000 0.265620000000000 0.282380000000000 0.336740000000000 0.347380000000000 0.360060000000000 0.406980000000000 0.421680000000000 0.426220000000000 0.430220000000000 0.450820000000000 0.454940000000000 0.500000000000000 0.531800000000000 0.539720000000000 0.554720000000000 0.568780000000000 0.576880000000000 0.591060000000000 0.608820000000000 0.615480000000000 0.667300000000000 0.670060000000000 0.682020000000000 0.682760000000000 0.696160000000000 0.713360000000000 0.718680000000000 0.722400000000000 0.782300000000000 0.789740000000000 0.810080000000000 0.821600000000000 0.840280000000000 0.872800000000000 0.875200000000000 0.893400000000000 0.897240000000000 0.907840000000000 0.921700000000000 0.940480000000000 0.942480000000000 0.948640000000000 0.979240000000000
11010100101000000000001001001000000001111110001100000100000
11011100101000001100000001000000000011011111001100000100000
11010100101000000010010000110111010011011110001100000100000
11010100101000000010010010110111010111011110001100000100000
00000010000010100010010000110111010011111110001110000100110
11010100101000000010010000110111010011011110001100000100000
11010100101000000010010000110111010011011110001100000100000
11010100101000000010010000110111010011011110001100000100000
11010100101000000000010000100111010001011110001100000100000
11010100101000000010010000110111010011011110001100000100000
11010100101000000010010000110111010011011110001100000100000
11010100101000000010010000110111010011011110001100000100000
11010100101000000010010000110111010011011110001100000100000
00100010000011101000010000100111010011011110101100000100000
11010100101100000010010000110111010011011110001100000100000
11010100101000000010010000110111010011011110001100000100000
11010100101000000010010000110111010011011110001100000100000
11010100101000000010010000110111010011011110001100000100000
11010100101000000010010000110111010011011110001100000100000
11010100000010111000000001000000100001011110001100010100000
11010100101000000010010000110111010011011110001100000100000
00000000000010101000000001000000000001011110001100000000000
00000000000010101000000001000000000001011110001100000001000
00000010000010101001010000100111011001011110011100001100000
11010100101000000010010000110111010011011110001100000100000
00000000000010111000000001000000100001011110001100000001001
00000011000010101001010000100111011001011110011100001100000
00000010000010101000010100110111010011011110001100000100000
11010100101000000010010000110111010011011110001100000100000
00000000000010101000000001000011000001011110001100000100000
11010100101000000010010000110111010011011110001100000100000
11010100101000000010010000110111010011011110001100000100000
11010100101000000010010000110111010011011110001100000100000
00000000000010101100000001000000000001011110001101000100000
00000010000010101000100001000000000001011110001100100001000
00000000000010101000000001000000000001111110001100000100000
11010100101000000010010000110111010011011110001100000100000
11010100101000000010010000110111010011011110001100000100000
11010100101000000010010000110111010011011110001100000100000
00000000010010101000000001000000000001111110001100000110000
