//
segsites: 63
positions: 0.003100000000000 0.017200000000000 0.031240000000000 0.071820000000000 0.072320000000000 0.076260000000000 0.077060000000000 0.085420000000000 0.089000000000000 0.136920000000000 0.144920000000000 0.148520000000000 0.153720000000000 0.169720000000000 0.204080000000000 0.204300000000000 0.227900000000000 0.300400000000000 0.308240000000000 0.313620000000000 0.314040000000000 0.340780000000000 0.353760000000000 0.387380000000000 0.391920000000000 0.445880000000000 0.474320000000000 0.500000000000000 0.512340000000000 0.528940000000000 0.549340000000000 0.554540000000000 0.562620000000000 0.562820000000000 0.600000000000000 0.604140000000000 0.608760000000000 0.610140000000000 0.656500000000000 0.662140000000000 0.662400000000000 0.663320000000000 0.669540000000000 0.724220000000000 0.725700000000000 0.735500000000000 0.779240000000000 0.785100000000000 0.838360000000000 0.839020000000000 0.839460000000000 0.866140000000000 0.883900000000000 0.886620000000000 0.917540000000000 0.923800000000000 0.928920000000000 0.931020000000000 0.963220000000000 0.965360000000000 0.977420000000000 0.991260000000000 0.992440000000000
000000000100000000100000100010000101000110100000110011000000000
010000000100000000100000000000010010000000000000000000010010000
000000000100000000100000000100000101100110100000111000100000000
000011000000011000100000000000010010000000000000000000010010000
010000000100000000100000100000000101000110100000110011000000010
000000000100000000100000000100000101100110100000111000100001000
000000100100000000100000010000000101000110110000111000100000000
000000000100000000100000000100000101100110100000111000100000000
000000000100000000100000000100000101100110100000000000001000001
000000000000000000100000000100000101100110100000111000100000000
000000000100000000100000000100000101100110100000111000010010000
000000000100000000100000000100000101100110100000111000100000000
000001000000011000100100000001010010000000000010000100010010000
010000000100000001101000000000010010000000000000000000010010100
000000000100000000100000000100000101100110100000111000100000000
000000000100000000100000000100000101100110100000111000100000000
000000000100000000100000000100000101100110100000111000100000000
000011000000011000100000000000101000000001000100000000001000001
000100010000000000000000001000101000000001000000110000000000000
000000000100000000100000000100000101100110100000111000010010000
010000000100000000100000000100000101100110100000111000100000000
000001000000000100100000100000010010000000000000000000010010000
000000000100000000100000000100000101100110100000111000100000000
000000001000111000100000000000010010000110100000110011000000010
000000000100000000100000000100000101100110100000111000100000000
000000000100000000100000000000000101000110100000111000100000000
000000000100000010100000000100000101101110100000111000100000000
110000000100000001100001000000010010000000001000000000010010000
010000000100000001100000000000010010010000000000000000010010000
000000000101000000100000000100000101100110100000111000100000000
000000000100000000100000000100000101100110100000111000100000000
000000001000111000100000000000010010000110100000110011000000010
000001000000000000000000001000101000000001000100000000001000001
000000001000111000100000000000010010000110100000110011000000010
010000000100000001100010000000010010000000000000000000010010000
011000000000111000100000000000010010000000000000000000010010000
000000000100000000100000000100000101101110100000111000100000000
000000000100000000100000000100000101100110100000111000100000000
000000000010011000100000000000010010000000000000000100010010000
010000000100000000110000100000000101000110100001110011000100000
