//
segsites: 86
positions: 0.025560000000000 0.089000000000000 0.090000000000000 0.095560000000000 0.096080000000000 0.120420000000000 0.124620000000000 0.125680000000000 0.136840000000000 0.150380000000000 0.151500000000000 0.185040000000000 0.202920000000000 0.203200000000000 0.210020000000000 0.223800000000000 0.228620000000000 0.237580000000000 0.244940000000000 0.262340000000000 0.267920000000000 0.276620000000000 0.288460000000000 0.316260000000000 0.318600000000000 0.328820000000000 0.358420000000000 0.366960000000000 0.392000000000000 0.418780000000000 0.424500000000000 0.424560000000000 0.462300000000000 0.472940000000000 0.475660000000000 0.483560000000000 0.488120000000000 0.493180000000000 0.500000000000000 0.500460000000000 0.504520000000000 0.522980000000000 0.523020000000000 0.523480000000000 0.536040000000000 0.541820000000000 0.553520000000000 0.569920000000000 0.570420000000000 0.574160000000000 0.618620000000000 0.620400000000000 0.629060000000000 0.638460000000000 0.644280000000000 0.662360000000000 0.670240000000000 0.677160000000000 0.699440000000000 0.708580000000000 0.720120000000000 0.721580000000000 0.728220000000000 0.728360000000000 0.735460000000000 0.743540000000000 0.763180000000000 0.772240000000000 0.780320000000000 0.781000000000000 0.781140000000000 0.788700000000000 0.793780000000000 0.809940000000000 0.830080000000000 0.844300000000000 0.860120000000000 0.864760000000000 0.874720000000000 0.875100000000000 0.887600000000000 0.933300000000000 0.933740000000000 0.962500000000000 0.977420000000000 0.984760000000000
00000000100000000000000000001010100010000000000100000000001010011001000001010000100101
00000000100000000000000000001010100010000000000100000000001010011001000001010000100101
00000000100001000010001010110001000001000100100000000010000000000000001000011100100001
00000000100000000000001010110101000001100101100000010101000100000000001000011100100001
01000001100000000000001010110001000001000100100000110101000110001000000000010000101000
00000000100000000000001010110001000001000100100000110101000110001000100000010000101000
00000000100000000000001010110101000001100101100000010101000100000000001000011100100001
00000000100000000000001010110101000001100101100000010101000100000000001000011100100001
00000000100000000000001010110101000001100101100000010101000100000000001000011100100001
00000000100000110100100000000000011000000000010001000010000000000110011010011100100101
00000000100000000000001010110101000001100101100000010101000100000000001000011100100001
00000000100000110100100000000000001000000000010001000010000000000110001010111100100101
00000000100000110100100000000000001000000000010001000010000000000000001000011100100001
00001000100000000010001010110001000001000100100000011000000010101000000100010000101010
00000000100000000000001010110101000001100101100000010101000100000000001000011100100001
00000000100000000000001010110101000001100101100000010101000100000000001000011100100001
00000000100000000000001010110101000001100101100000010101000100000000001000011100100001
00000000100000000000001010110101000001100101100000010101000100000000001000011100100001
00000000100000110100100000000000001000000010010001000010100001000110001010011100100101
00000000100000000000001010110101000001100101100000010101000100000000001000011100100001
00000000100000000000001010110101000001100101100000010101000100000000001000011100100001
00000000100000000000001010110001000001000101100000010101000110001000000000010000101000
00000000100000000000001010110101000001100101100000010101000100000000001000011100100001
00000000100000000000001010110101000001100101100000010101000100000000001000011100110001
00000000100000000000001010110101000001100101100000010101000100000000001000011100100001
10100110000000000000000000001010100010000000000100000000001010011001000001010000101000
00000000100010110100100101000000001000000000010001000010000000000110001010011101100101
00000000111100000001000000000000001000001000001001000010000000000000001000011100100001
00000000100000000010001010110001000001000100100000011000000010101000000000010000101010
00000000100000000000011000010001000101010000100000011000010010101000000000010010101010
00000000100000001000001010110101000001100101100000010101000100000000001000011100100001
00000000100000000000001010110000001000000000010001000010000000000110001010010000100101
00000000100000000000001010110101000001000101100000010101000110001000000000010000101000
00010000100000000000001010110101000001100101100010010101000100000000001000011100100001
00000000100000000000001010110101000001100101100000010101000100000000001000011100100001
00000000100000000000001010110101000001100101100000010101000100000000001000011100100001
00000000100000000000000000000000000001000101100000000010000010101000000000010000101010
00000000100000110100100000000000001000000000010001000010000000000110001010011100100101
00000000100000000000001010110101000001100101100000010101000100000000001000011100100001
00000000100000000000001010110101000001100101100000010101000100000000001000011100100001
