//
segsites: 62
positions: 0.000420000000000 0.034680000000000 0.045640000000000 0.051560000000000 0.069920000000000 0.082620000000000 0.090360000000000 0.096580000000000 0.105780000000000 0.113120000000000 0.129280000000000 0.174260000000000 0.204920000000000 0.205760000000000 0.214580000000000 0.244820000000000 0.247240000000000 0.267940000000000 0.285340000000000 0.290860000000000 0.322820000000000 0.332580000000000 0.345400000000000 0.349140000000000 0.361740000000000 0.363880000000000 0.375840000000000 0.392400000000000 0.402960000000000 0.408560000000000 0.419680000000000 0.441920000000000 0.460680000000000 0.479020000000000 0.500000000000000 0.549280000000000 0.555100000000000 0.590280000000000 0.594680000000000 0.596260000000000 0.664140000000000 0.693000000000000 0.701580000000000 0.704240000000000 0.736640000000000 0.747120000000000 0.756160000000000 0.771420000000000 0.781940000000000 0.790580000000000 0.806800000000000 0.819680000000000 0.857040000000000 0.859240000000000 0.889940000000000 0.899520000000000 0.903080000000000 0.961080000000000 0.963600000000000 0.979340000000000 0.980440000000000 0.987720000000000
10000000001000001000000100000000000000000000110000000000001000
01000000000000010000001000001101000010001001000000000000000000
00000010001000100000000011000000101100100100011000100011100000
10100100101000000000000000000000000000000000110000000000001001
00000010001000100000010001000000110101100100011000100000000000
00000010001010100000000001000000100100100100011000100000000000
00000010001000100010000001000000101100100100011000100011100000
00000010001000100000000001100000101100100100011000100011100000
00000010001000100000000001000000101100100100011000100011101000
01000000000000010000000001000000101100100100011000100011100000
00000010001000100000000001000000101100100100011000100011101000
00000010001000100000000001000000100100100100011000100000000000
00000010001000100000000001000000101100100100011000100011100000
01000000001100100000000001000000100100100100011000100000000000
00000010001000100000000001000000101100100100011000100011100000
00000010001010100001000001000000100100100100011010000000000000
00000010001000100000000001000000101100100100011000100011100000
00000010001010100000000001000000101100100100011000100011100000
00000010001000100000000011000000101100100100011000100011100000
01000000010000010000001000001101000010000001000001000000000000
00000010001000100000000001000000101100100100011000100011100000
10101100101000000000000000001101000010000011000100000000000000
00000010001000100000010001000000100100100100011000100011100000
10101100101000000000000000010000000001100000010000011100100000
01000000000001010000101000001101000010000001000000000000000000
00000010001000100000000001000000101100100100011000100011100000
01000000000000010000001000001101000010000001000000000000000000
00000010001000100000000001000000101100100100011000100011100000
00000010001000100000000011000000101100100100011000100011100000
00000010001010100000000001000000100100100100011000100000000000
10101100101000000000000000010000000001100000010000011100100000
01000000000000000000001000001101000010000001000000000000000000
10111100101000000000000000001101000010000011000100000000000000
10101100101000000000000000010000000001100000010000011100100000
01000000000000010000001000001101000011100000010000011100100000
00000010001000100000000000000010000010000001000000000000000000
10101100101000000100000000000010000001110000010000010100110110
00000010001000100000000001000000101100100100000000000000000000
01000001000000010000001000001101000010000001000000000000000000
00000010001000100000000001000000101100100100011000100011100000
