//
segsites: 79
positions: 0.012780000000000 0.014760000000000 0.019600000000000 0.031600000000000 0.041280000000000 0.056080000000000 0.056740000000000 0.061600000000000 0.075280000000000 0.076880000000000 0.085300000000000 0.101420000000000 0.123560000000000 0.124840000000000 0.131000000000000 0.131260000000000 0.144500000000000 0.149760000000000 0.168180000000000 0.177120000000000 0.196180000000000 0.204640000000000 0.217840000000000 0.221640000000000 0.223200000000000 0.225560000000000 0.226420000000000 0.242940000000000 0.245340000000000 0.249740000000000 0.269640000000000 0.275600000000000 0.277020000000000 0.281740000000000 0.287360000000000 0.344300000000000 0.346800000000000 0.360260000000000 0.381280000000000 0.414540000000000 0.439900000000000 0.451120000000000 0.453400000000000 0.485700000000000 0.496680000000000 0.498780000000000 0.500000000000000 0.502500000000000 0.505900000000000 0.507320000000000 0.520980000000000 0.523780000000000 0.555300000000000 0.557960000000000 0.558540000000000 0.560380000000000 0.606160000000000 0.620100000000000 0.645280000000000 0.646760000000000 0.665180000000000 0.670280000000000 0.693340000000000 0.746720000000000 0.750860000000000 0.754700000000000 0.772180000000000 0.813240000000000 0.821060000000000 0.823580000000000 0.845980000000000 0.871440000000000 0.895460000000000 0.896680000000000 0.935660000000000 0.937020000000000 0.966740000000000 0.976140000000000 0.977080000000000
0001010010000000000000000100000001000010000111100000100100001011100000001000100
0000000000001001000001010101010000101001000000000010011000000000000001000101000
0001010010000000000000100100100001000010000111000000100100001000100001000101000
0001010010000000000000000100000001000010000111100000100100001000100000001000100
0001010010000000000000100100100001000010000111000000100100001000100001000101000
0001010010000000000000000100000001000010000111100000100100001000100000001000100
0001010010000000000000000100000001000010000111100000100100001000100000001000100
1100100100000100000101010000000000010001001000000011000000001000100001000101000
0010010000000010000000000010000100000101110000000110000000001000100000001000100
1100000100000000010000001010001000000001110000000110000000001100100001000101000
0010010000000000000000000100000001000010000111100000100100001000100000001000100
1100000100000100000101010000000000010001001000000011000000001000100001000101000
0010010000000010001000000010000100000101110000000110000010011000100000000110001
0010010000010000100000000101010001000010000111000000100100001000100001010101000
0001011010000000000000100100100001000010000111000000100100001000000100101000000
0001010010000000000000000100000001000010000111100000100100001000100000001000100
0001010010000000000000000100000001000010000111100000100100001000100000001000100
0010010000000000100000000101010000010001001000000010000000001000000100101000100
0001011010000000000001010101010000101001000000000010011000000000000001000101000
0001010000000010000000000010000100000101110000000110000000001000100000000101000
0001010010000000000000000100000001000010000111100000100100001000100000001000100
1100000101000000000101010000000000010001001000000010000000001000000100101000000
0001010010000000000000000100000001000010000111100000100100001000110000001000100
0001010010000000000000000100000001000010000111100000100101001000100000001000100
0001010010000000000000000100000001000010000111100000100100001000100000001000110
0001010010000000000000000100000001000010000111100000100100001000100000001000100
0001010010000000000000000100000001000010000111100000100100001000100000001000100
0001010010000000000000000100000001000010000111100000100100001000100000001000100
0001010010000000000000000100000011000010000111100000100100001000100000001000100
0001010010000000000000000100000001000010000111100000100100101000100000001000100
0001010010000000000000000100000001000010000111100000100100001000100000001000100
0000000000001001000001010101010000101001000000001010011000000000000001000101000
0001010010000000000000000100000001000010000111100000100100001000100000001000100
0001010010000000000000000100000001000010000111100000100100001000100000001000100
0001010010100000000000000100000001000010000111100000100100001000100000001000100
0000000000001001000011010101010000101001000000010010011000000000000011000101000
0001010010000000000000000100000001000010000111100000100100001000101000000101000
1100000100000000010000001010001000000001110000000110000000001100100001000101000
0010010000010000100000000101010001000010000111000000100100001000100001010101000
0001010010000000000000000100000001000010000111100000100100001000100000001000100
