//
segsites: 79
positions: 0.013620000000000 0.015860000000000 0.025280000000000 0.038980000000000 0.043260000000000 0.051280000000000 0.058360000000000 0.067640000000000 0.073320000000000 0.077000000000000 0.080860000000000 0.086520000000000 0.101480000000000 0.103920000000000 0.107940000000000 0.124420000000000 0.129320000000000 0.132480000000000 0.132480000000000 0.168540000000000 0.205560000000000 0.210280000000000 0.252900000000000 0.254880000000000 0.261340000000000 0.262120000000000 0.266120000000000 0.291220000000000 0.308660000000000 0.321700000000000 0.347160000000000 0.355520000000000 0.360300000000000 0.361940000000000 0.363100000000000 0.365220000000000 0.371900000000000 0.397900000000000 0.407020000000000 0.407220000000000 0.457220000000000 0.465600000000000 0.476420000000000 0.477980000000000 0.500000000000000 0.536840000000000 0.545640000000000 0.548340000000000 0.554660000000000 0.567040000000000 0.568400000000000 0.579840000000000 0.585560000000000 0.609520000000000 0.642080000000000 0.656760000000000 0.696860000000000 0.697900000000000 0.731500000000000 0.768740000000000 0.786260000000000 0.787960000000000 0.792320000000000 0.794960000000000 0.825340000000000 0.826500000000000 0.845040000000000 0.853100000000000 0.857440000000000 0.859020000000000 0.859160000000000 0.887660000000000 0.891240000000000 0.895460000000000 0.920820000000000 0.942660000000000 0.946240000000000 0.969020000000000 0.983420000000000
0000100001010010000000000000110000000000011010000001010000011010000000000001011
0000100001010010000000000000110000000000011010000001010000011010000000000001011
0000100001010010000000000000110000000000011010000001010000011010000000000001011
0000100001010010000000000000110000000000001000000001010000011010000000000000010
0000000000010000101000000001000000100000100100000100001000100000000000101010110
0000000100011000000000000001000000100000100100000100001000100001010000101000110
0000100001010010000000000000110000000000011010000001010000011010000000000001011
0000100001010010000000000000110000000000011010000001010000011010000000000001011
1000100001010010000000000000110000000000011010000001010000011010000000000001011
0110000010100101010101000010001100001011000000001000000010011010000100000001011
0000101001010010000000000000110000000000001001000001010000011010000000000100010
0110000010100101010101000010001100001011000000001000000010000000000000100000010
0000100001010010000000000000110000000000011010000001010000011010000000000001011
0000100001010010000000000000110000000000011010000001010000011010000000000001011
0100000010100101010101000010001101001011000000001000000010000000100000101000110
0000100001010010000000000000110000000000011010000001010000011010000000101000110
0000010100011000000000000001000000100000100000000100001000100100010010000001011
0000000000010000101000000001000000100000100100010100101000100001010010000001010
0000000000010000101000000001000000100000100100010100101000100001010010000001010
0000000000010000000010111100110000000000001000000001010000011010000000000000010
0000010100011000000000000001000000100000100000000100001000100000010010000001011
0000000000010000000010111100010010010100000000000010000100000000000000100001010
0000100001010010000000000000110000000000011010000001010000011010000000000001011
0000100001010010000000000000110000000000011010000001010000011010000001000001011
0001000100011000000000000001000000100000100000000100001001100000010010000001011
0110000010100101010101000010001100001011000000001000000010000000000000100000010
0100000010100101010101000010001101001011000000001000000010000000100000101000110
0000100001010010000000000000110000000000011010000001010000011010000000000001011
0000100001010010000000000000110000000000011010000001010000011010000000000001011
0000000000010000000010111100010010010100000000000010000100000000000000100001010
0001000100011000000000000001000000100000100000100100001001100000000000110001010
0000100001010010000000000000110000000000011010000001010000011010000000000001011
0000000000010000000010111100010010010100000000000100001000100001010010000001010
0000100001010010000000000000110000000000011010000001010000011010000000000001011
0000100001010010000000000000110000000000011010000001010000011010000000000001011
0000100001010010000000000000110000000000011010000001010000011010000000000001011
0000100001010010000000000000110000000000011010000001010000011010001000000001011
0110000010100101010101000010001100001011000000001000000010000000000000100000010
0000100001010010000000000000110000000000011010000001010000011010000000000001011
0000100001010010000000000000110000000000011010000001010000011010000000000001011
