//
segsites: 95
positions: 0.009500000000000 0.015220000000000 0.016480000000000 0.045680000000000 0.045720000000000 0.071920000000000 0.076000000000000 0.084640000000000 0.085340000000000 0.100320000000000 0.102860000000000 0.108500000000000 0.118120000000000 0.126320000000000 0.128500000000000 0.134540000000000 0.135140000000000 0.146700000000000 0.151400000000000 0.184600000000000 0.189920000000000 0.213000000000000 0.220060000000000 0.222060000000000 0.223320000000000 0.226820000000000 0.230360000000000 0.238160000000000 0.265900000000000 0.289880000000000 0.295260000000000 0.312380000000000 0.326560000000000 0.339780000000000 0.344500000000000 0.373540000000000 0.376000000000000 0.417380000000000 0.466500000000000 0.472920000000000 0.495860000000000 0.498820000000000 0.500000000000000 0.502060000000000 0.504880000000000 0.513560000000000 0.513940000000000 0.513940000000000 0.518620000000000 0.583960000000000 0.587020000000000 0.597960000000000 0.641380000000000 0.653980000000000 0.661040000000000 0.671180000000000 0.672240000000000 0.686100000000000 0.698180000000000 0.699220000000000 0.708860000000000 0.718520000000000 0.736880000000000 0.743340000000000 0.750520000000000 0.751720000000000 0.753500000000000 0.756980000000000 0.789020000000000 0.791900000000000 0.794400000000000 0.816340000000000 0.818700000000000 0.820700000000000 0.824660000000000 0.825100000000000 0.829760000000000 0.831580000000000 0.854880000000000 0.862300000000000 0.865380000000000 0.872500000000000 0.890740000000000 0.904260000000000 0.908920000000000 0.910460000000000 0.910540000000000 0.910980000000000 0.911620000000000 0.911960000000000 0.919460000000000 0.924300000000000 0.935120000000000 0.937680000000000 0.961980000000000
00001001010000010000000001100001000100000010000010000001000010010000000011010000000000000000001
00001001010000010000001001100001000100000010000010000001000010010000000011010000000000000000001
00000001011010000000000001100000100000100001000000000010001101000000000000000001001100000000000
00001001010100010000000001100001000100000010000010000001000010010000000011010000000000000000001
00001001010000010000000001100001000100000001000000000010001101000000000000000100000000000000010
00000000110001100010000001100000001100000001000000000010001101000000000000000001001100000000000
00001001010000001000010110010000000100000000111000001000000000000000000000000010000010000001000
00001001010000010000000001100001000100000010000010000001000010010000000011010000000000000000101
00001001010000010000000001101001000100000010000010000001000010010000000011010000000000000000001
00001001010000010000100001100001000100000010000010000001000010010000000011010000000000000000001
00001001010000010000000001100001000100000010000010000001000010010000000011010000000000000000001
00000001011010000000000001100100100000100001000000000010001101000000000000000001001100000000000
00001001010000010000000001100001000100000010000010000001000010010000000011010000000000000000001
00000000110001100010000001100000001100000001000000000010001101000000000000000001001100000000000
00000000110000100010000001000010000100001000000010000001000010010000000011010000010000000000001
00000000110001100010000001000010000100001000000010000001000010010000000011010000010000000000001
00101001010000010000000001100001000100000010000010000001100010010000000011010000000000000000001
00000011010000000000010110010000000100000000110000001000000000000000000000000010000010000001000
00001001010000010000000001100001000100000010000010000001100010010000000011010000000000001000001
00001001010000001000000001100000001100000001000000000010001101000000000000000100000000000000010
00000000110000100110000001000001000100000000000010000001000010010000000100001000000000100000000
00001001010000001000000001100000001100000001000000000010001101000000000000000100000000000000010
00000000110000100010000001000010000100001000000010000001000010010000000011010000110000000000001
00001001010000010000000001100001000100000010000010000001000010010000000011010000000000000000001
00000001011010000000000001100000100000100001000000000010001101000000000000000001001100000000000
00001001010000010000000001100001000100000010000010000001000010010000000011110000000000000000001
00001001010000010000000001100001000100000010000010000001000010010000000011010000000000000000001
00001001010000010000000001100001010100000010000010000001000010010000000011010000000000000000001
00001001010000001000000001100001000100000010000010000001000010010000000011010000000000000000001
00000000110000100010000001000010000101001000000010000001000010110000000011010000010000000000001
00001001010000000000000001100000001100010001000000000010001101000000000000000001001100000000000
00001001010000010000000001100001000100000010000010000001000010010000000011010000000000000000001
00001001010000010000000001100001000100000010000010000001000010010000000011010000000000000000001
00000000110001100010000001000010000100001000000011000001000010010000000011010000000000000000001
00001001010000000000000001100000001100000001000000001000000000000000000000000010000010000001000
00001001010000010000000001100001000100000010000010000001000010010000000011010000000000000000001
10000001011010000001000001000000000010000000000100010100000000000000111000000000000001010010000
01010100000000000000010110010000000100000000110000001000000000000000000000000010000010000001000
00001001010000010000000001100001000100000010000010000001000010010000000011010000000000000100001
00001001010000010000000001100001000100100100000000100000010000001111000100001000000000100000001
