//
segsites: 99
positions: 0.009980000000000 0.023220000000000 0.026140000000000 0.059440000000000 0.065400000000000 0.069440000000000 0.070780000000000 0.074160000000000 0.079340000000000 0.087640000000000 0.099140000000000 0.112480000000000 0.115980000000000 0.123440000000000 0.150060000000000 0.198040000000000 0.202320000000000 0.208240000000000 0.217780000000000 0.240240000000000 0.245920000000000 0.252400000000000 0.262520000000000 0.265140000000000 0.277120000000000 0.281200000000000 0.305900000000000 0.311020000000000 0.314100000000000 0.320440000000000 0.325720000000000 0.352460000000000 0.361920000000000 0.365540000000000 0.366600000000000 0.370460000000000 0.375600000000000 0.383120000000000 0.391060000000000 0.393600000000000 0.397620000000000 0.401460000000000 0.401960000000000 0.406660000000000 0.425840000000000 0.441920000000000 0.448700000000000 0.456140000000000 0.464580000000000 0.481300000000000 0.493640000000000 0.496880000000000 0.500000000000000 0.504640000000000 0.509560000000000 0.536560000000000 0.539920000000000 0.540920000000000 0.542400000000000 0.553800000000000 0.565240000000000 0.566260000000000 0.576500000000000 0.584320000000000 0.587040000000000 0.593560000000000 0.604360000000000 0.605020000000000 0.605300000000000 0.605400000000000 0.608360000000000 0.609420000000000 0.615740000000000 0.624000000000000 0.627060000000000 0.652580000000000 0.660660000000000 0.668960000000000 0.669060000000000 0.669840000000000 0.704720000000000 0.737540000000000 0.740500000000000 0.759940000000000 0.809220000000000 0.809260000000000 0.819200000000000 0.857460000000000 0.894600000000000 0.895220000000000 0.938540000000000 0.945400000000000 0.953040000000000 0.953040000000000 0.968580000000000 0.979980000000000 0.992100000000000 0.999280000000000 0.999560000000000
000100010100000000000000000100100100011000001000000000000010000000100010000000000001010000110001000
000110000011000000000000000100000100010100101000000000000000000000000000000000000001010000100110110
000100000011000000001000000100000100011000001000000010000010000000000011000000000001100001100110100
000110000011000000000000000100000100010100101100000000000000000000000000000000000001010000100110110
000110000011000000000000000100000100010100101000000000000000000000000000000000000001010001100110100
000100000011000000001000000100000100011000001000000010000010000000000011000000000001100001100110100
000100000011000000001000000100000100011000001000000000000010000000000011000000000001010000110001000
000100000000001100100000000101001010001010001000110000000000010000010000100010001001010100110001000
000100000011000000001000000100000100011000001000000010000010000000000011000000000001100001100110100
000100000011000000001000000100000100011000001000000010000010000001000011000000000001100001100110100
000000100000000000000000100110010001011000001000000001000100000010001110000000010000100001100110100
100110000011000010000000001100000100010000101001000000100000000000000010001000000000000000100010100
000110001011000000000000001100000100010000101000000000000000001000000010001000000000000000100000000
000100010100000000000000000100100100001000001000000001000100000010001110000000010000100001100110100
000110000011000000000000000100000100010100101000000000000000000000000000000000000001010000100110110
000100000011000000001000000100000100011000001000000010000010000000000011000000000001100001100110100
000100000011000000001000000100000100011000001000000010000010000000000011000000000001100001100110100
000100000011000000001000000100000100011000001000000010000011000000000000010000101110000000110001000
011000000000100001000101000100001000001000011000000000001000010000010000100000001000010000100000001
000100000011000000001000000100000100011000001000000010000010000000000011000000000001100001100110100
000100000011000000001000000100000100011000001000000010000010000000000011000000000001100001100110100
000100010100000000000010001100000100010000101000000000000000000000000010001000000000000000100000000
000100000011000000001000000100000100011000001000000010000010000000000011000000000001100001100110100
000100010100000000000000000100100100011000001000000000000010000000100010000000000001010000110001000
000100010100000000000000000100100100011000001000000000000010000000000000000000000001010000100110110
000100000011000000001000000100000100011000001000000010000010000000000011000000000001100001100110100
000100000011000000001000000100000100011000001000000010000010000000000011000001000001100001100110100
000110000011000000000010001100000100010000101000000000000000000000000010001000000000000000100000000
000100000011000000001000000100000100011000001000000010000010000000000011000000000001100001100110100
000100000011000000000000000100010000101001001010001000010000000000000000000100000000000010100110110
000110000011000000010000001100000100010000101000000000000000000000000010000000000001010000110001000
000101000011000000001000010100000100011000001000000000000010000000000011000000000000010000110001000
000100000011000000001000000100000100011000001000000010000010000000000011000000000001100001100110100
000100000000011100100000000101001010001010001000000000000010000000000011000000000001011000110001000
000100000011000000001000000100000100011000001000000010000010000000000011000000000001100001100110100
000100000011000000001000000100000100011000001000000010000010000000000011000000000001100001100110100
000100000000001100100000000100100100011000001000000000000010100100100010000000000001010000110001000
000100000000001100100000000101001010001010001000110000000000010000010000100010001001010100111001000
000110000011000000000000000100000100010100101000000000000000000000000000000000000001010000100110110
000110000011000000000000000100000000001000001000000100000001000000000000010000000000010000110001000
