//
segsites: 52
positions: 0.011620000000000 0.030480000000000 0.043480000000000 0.065260000000000 0.067960000000000 0.134980000000000 0.158680000000000 0.160540000000000 0.168700000000000 0.191600000000000 0.226800000000000 0.229500000000000 0.273360000000000 0.274180000000000 0.279440000000000 0.304880000000000 0.318020000000000 0.357480000000000 0.372220000000000 0.389420000000000 0.394500000000000 0.404340000000000 0.415260000000000 0.426820000000000 0.431260000000000 0.453320000000000 0.500000000000000 0.540420000000000 0.632540000000000 0.652540000000000 0.721960000000000 0.731140000000000 0.734360000000000 0.745080000000000 0.747700000000000 0.760640000000000 0.781860000000000 0.786140000000000 0.815440000000000 0.816220000000000 0.824840000000000 0.869960000000000 0.870280000000000 0.880400000000000 0.904700000000000 0.942640000000000 0.952000000000000 0.953920000000000 0.966880000000000 0.982360000000000 0.988300000000000 0.990640000000000
1000100000100101110000000010000110001000000010000011
1000101000100001100010111000010001101000000000000010
1000100000100101110000000010000110001010011000100000
1000100000100101110000000010000110001010011000100000
1000100000100101100000000000000000011000000001000000
0000000010000001100001100001001000001100000000010110
1000100000100101110000000010000110001010011000100000
1000101000100001100000000000000010001010011000100000
1000100000100101110000000010000110001010011000100000
1000100000100101110000000010000110001010011000100000
1000100000100101110000000010000110001010011000100000
1000100000100101110000000010000110001010011000100000
1000100000100101110000000010000110001010011000100000
1100101000100001100010111000010001101000000000000010
0001000000011011100000100000000000001100100100010000
0001000000011011001010111000000000101000000010000010
1000100000100101110000000010000110001010011000100000
0001000100011011001110111000000000101000000010000010
0001010001011011001010100000000000101000000010000010
1000100000100101110000000010000110001010011000100000
0000000010000001100000100001001000001100000000010110
0000000010000001100000100100000000001101000010000010
1000100000100101100000000000000110001010011000100000
1000100000100101110000000010000110001010011000100000
1000101000100001100000000000000010001010011000100000
1000101000100001100000000000000010001010011000100000
1000100000100101110000000010000110001010011000100000
1000100000100101110000000010000110001010011000100000
1010100000100101100000000000000110001010011000101000
0001000000011011001110111010000110001010011000100000
1000100000100101110000000010000110001010011000100000
1000100000100101110000000010000110001010011000100000
0001100000100101110000000010000110001010011000100000
1000100000100101110000000010000110001010011000100000
0001000000011011001010111000000000011000000000000000
1000100000100101110000000010000110001010011000100000
1000100000100101110000000010000110001010011000100000
1000101000100001100000000000000010001010011000100000
1000100000100101110000000010100110001010011000100000
0001000000011011001010111000000000101000000010000010
