//
segsites: 57
positions: 0.029460000000000 0.039060000000000 0.039280000000000 0.048180000000000 0.179080000000000 0.186020000000000 0.193120000000000 0.195140000000000 0.196500000000000 0.210220000000000 0.268960000000000 0.270480000000000 0.310320000000000 0.312060000000000 0.312340000000000 0.339380000000000 0.346240000000000 0.352200000000000 0.383860000000000 0.403680000000000 0.423220000000000 0.423940000000000 0.427400000000000 0.440600000000000 0.462360000000000 0.469880000000000 0.474460000000000 0.484960000000000 0.500000000000000 0.501320000000000 0.511640000000000 0.511660000000000 0.522980000000000 0.592560000000000 0.599300000000000 0.620140000000000 0.639980000000000 0.660700000000000 0.681440000000000 0.700380000000000 0.770180000000000 0.787460000000000 0.791360000000000 0.801740000000000 0.804000000000000 0.804560000000000 0.828800000000000 0.834700000000000 0.838400000000000 0.844200000000000 0.844240000000000 0.845980000000000 0.891520000000000 0.914360000000000 0.920040000000000 0.923020000000000 0.959440000000000
001101100011100001000000100010101100001100000001000000011
001100000001100001000011010001101100001000000010000010100
001101100000000000000000000000010000100000000000001010100
001100000001110001000000100000101100011100000001000000010
001101100011100001000000100010101100001100000001000000010
001101100011100001000000100010101100001100000001000000010
001101100011100001000000100010101100001100000001000000010
001100000001100001000011010001101100001000000000000000010
001110000001100001000011010001101100001100000001000000010
001101100011100001000000100000101100001100000001000000010
010000000000101001001000001001000010000011001100110101100
010001100001100001000000100000101100001100000001000000010
001100000001100001000011010001101100001000000000000010100
001100000001100001000011010001101100001000000000000011100
001101100011100001000000100010101100001100000001000000010
001101100011100001000000100010101100001100000001000000010
001101100011100001000000100010101100001100000001000000010
010000010100100000110100000000010000100000000000001010100
001101100011100001000000100010101100001100000001000000010
001101100000000000000000100000101100001100000001000000010
001000000000101011001000000001000011000011000100110100010
001101100001100001000011010001101100001000000000000010100
001101100011100001000000100010101100001100000001000000010
001101100011100001000000100010101100001100000001000000010
001101100011100001000000100010101100001100000001000000010
001101100011100001000000100010101100001100000001000000010
001101101011100001000000100010101100001100000001000000010
001101100011100001000000100010101100001100000001000000010
100000000011100001000000100010101100001100000001000000010
001101100011100001000000100010101100001100010001000000010
001101100011100001000000100010101100001100000001000000010
001101100011100001000000100010101100001100000001000000010
001101100011100101000000100010101100001100000001000000010
001101100011100001000000100010101100001100000001000000010
001101100011100001000000100010101100001100000001000000010
001101100000000000000000000001101100001000100000000010100
001101100011100001000000100010101100001100000001000000010
001101100000000000000000000000010000100000000000000000010
001101100011100001000000100110101100001100000001000000010
001101100001100001000000100000101100001100000001000000010
