//
segsites: 102
positions: 0.011500000000000 0.017160000000000 0.030360000000000 0.030480000000000 0.035720000000000 0.042760000000000 0.043840000000000 0.055340000000000 0.060540000000000 0.074940000000000 0.077880000000000 0.081060000000000 0.086720000000000 0.094900000000000 0.100540000000000 0.109000000000000 0.111140000000000 0.114360000000000 0.134900000000000 0.139560000000000 0.141060000000000 0.145200000000000 0.145740000000000 0.148380000000000 0.183120000000000 0.196920000000000 0.205440000000000 0.234580000000000 0.257280000000000 0.272760000000000 0.286660000000000 0.289760000000000 0.294440000000000 0.299480000000000 0.311740000000000 0.314700000000000 0.325060000000000 0.326440000000000 0.328340000000000 0.331060000000000 0.363060000000000 0.367240000000000 0.376380000000000 0.387440000000000 0.400100000000000 0.410440000000000 0.416000000000000 0.447420000000000 0.454080000000000 0.461800000000000 0.463800000000000 0.491960000000000 0.492480000000000 0.498420000000000 0.500000000000000 0.510060000000000 0.524240000000000 0.537600000000000 0.560560000000000 0.562980000000000 0.566200000000000 0.592820000000000 0.599160000000000 0.603960000000000 0.636020000000000 0.637300000000000 0.639980000000000 0.642820000000000 0.651440000000000 0.653700000000000 0.661820000000000 0.699260000000000 0.701640000000000 0.703480000000000 0.703640000000000 0.708180000000000 0.728420000000000 0.731000000000000 0.731360000000000 0.743140000000000 0.754040000000000 0.756500000000000 0.758320000000000 0.760720000000000 0.773800000000000 0.779860000000000 0.784660000000000 0.791660000000000 0.817880000000000 0.853020000000000 0.876220000000000 0.896060000000000 0.914300000000000 0.917100000000000 0.919580000000000 0.924680000000000 0.937200000000000 0.939000000000000 0.944180000000000 0.972860000000000 0.981820000000000 0.986980000000000
000001011000000010000100000000000010010100000000000000000100000000010000000001010010110001000000000000
000000100100000000000010000010000000001010000110000000000000010000010100000000001100000100000000000100
000000000000000000010000100000000000000000000001000000011000000100000000000010000000000000001000010000
100000000000000000110000100000000000000000000001101101000000100000011001001100100000101010010000000000
000000100100000000000010000010000000001010000110000000100000010000010100000000001100000100000000000100
000000100100000000000010000010000000001010000110000000100000010000010100000000001100000100000000000100
000000000000000000010000100000000000000000000001101101000000100000010100000000001100000100000000000100
000110000001011001000100000000100000000001110000000000000000000000000000010000000000010010000000000001
000000100100000000000010000010000000001010000110000000100000010000010100000000001100000100000000000100
010000000000000100000100001101100000000000000000000000000000000000000000010000000000010000010000000000
000000100100000000000010000010000000001010000110000000100000010000010100000000001100000100000000000100
000000100100000000000010000010000000001010000110000000100001010000010100000000001100000100000000000100
000000100100000000000010000010000000001010000110000000100000010000010100000000001100000100000000000100
000000100100000000000010000010000000001010000110000000100000010000010100000000001100000100000000000100
000000100100000000000010000010000000001010000110000000100000010000010100000000001100000100000000100100
000000000000000000010000100000000000000000000001101101000000100000010000000000000000000100000011000000
011000000000000100000100001101101000000000000001111101000000100001000000000010000000000000001000010000
010000000000000100000100001101110000000000000000000000000000000000000000010000000000010001000100000000
100000000000000000110000100000000000000000000001101101000000100000011001001100100000101010010000000000
000000100100000000000010000010000000001010000110000000100000010000010100000000001100000100000000000100
000001011000000010000100010000000000000010000000000000000000001010100000100000000000000010000000000001
000000000000100000010000100000000000000000000001101000011000000000000000000010000000000000001000010000
000000100100000000000010000010000000001010000110000000100000010000010100000000001100000100000000000100
000000100100000000000010001101100000000000000000000000000000000000000000010000000000010001000000000000
010000000000000100000100001101100000000000010000000000011000000000000000000010000001000000001000010000
011000000000000100000100001101100000000000000001101101000010100000011011001100000000101010010000000000
000000000000000000010001100000000100100000000001101101000000100000011000000001010010100010100000001000
000000100100000000000010000010000000001010000110000000100000010000010100000000001100000100000000000100
000000100100000000000010000010000000001010000110000000100000010000010100000000001100000100000000000100
000000000000000100000100001101100000000000001000000000000000000000000000010000000000010001001000000000
000000100100000000000010000010000000001010000110000000100000010000010100000000001100000100000011000000
000000000000000000010000100000000000000000000001000000011000000000000000000010000000000010000000000001
000000100100000000000010000010000000001010000110000000100000010000010100000000001100000100000000000100
000000000000000000010000100000000000000000000001101101000000100000000000000010000000000000000000010000
000001011010000010000100000000000010010100000000000010000000100000011001001100000000101010010000000000
000000100100000000001010000010000000001010000110000000100000010000010100000000001100000100000000000110
000000100100000000000010000010000000001010000110000000100000010000010100000000001100000100000000000100
000000000000000000010000100000000000000000000001101101000000100000011001001100100000101010010000000000
010000000000000100000100001101100000000000000000000000000000000000000000010000000000010000010000000000
000001011000000010000100000000000001000000000001101101000000100000000000000010000000000000001000010000
