//
segsites: 58
positions: 0.012500000000000 0.014740000000000 0.034480000000000 0.038380000000000 0.057600000000000 0.058660000000000 0.079660000000000 0.115200000000000 0.117480000000000 0.118620000000000 0.139700000000000 0.165420000000000 0.165940000000000 0.175720000000000 0.194800000000000 0.198020000000000 0.212120000000000 0.212300000000000 0.248220000000000 0.257620000000000 0.259000000000000 0.260180000000000 0.341340000000000 0.344180000000000 0.347760000000000 0.365760000000000 0.374060000000000 0.374260000000000 0.407120000000000 0.440300000000000 0.470600000000000 0.476040000000000 0.483780000000000 0.494760000000000 0.500000000000000 0.543640000000000 0.556080000000000 0.577100000000000 0.589080000000000 0.605820000000000 0.613960000000000 0.639840000000000 0.652660000000000 0.678220000000000 0.683940000000000 0.688140000000000 0.727700000000000 0.730840000000000 0.736340000000000 0.741840000000000 0.787660000000000 0.818860000000000 0.876520000000000 0.888160000000000 0.898180000000000 0.902160000000000 0.937500000000000 0.988180000000000
1010010000000000000100001001010001100001000001100000000011
0101000101100010001001010100001000001010000011010000011010
1010010000000000000100001001010001100001000001100000000011
1010010000000000000000001001010001000001000001100000000011
1010010000000000000100001001010001100001000001100000000011
1010010000000000000100001001010001100001000001100000000011
1010010000000000000100001001010001100001000001100000000011
0010010010000000000000001001010001000001000001100000100010
1010010000000000000100001001010001100001000001100000000011
0001001000000000000010001001010001000000001000000010100010
0010010000000000000000001001010001000001000001100000100010
0001010000000001000000001000010001000001000001100000100010
0001110000000000000000001000110001000001000001100000000011
1010010000000000000100001001010001100001000001100000000011
0001001000000000000000110100001000001010000000001100000011
0001010000000001000000001000010001000001000001100000100010
1010010000000000000100001001010001100001000001100000000011
0001001000000000100000000000000000000110001100000000000010
1010010000000000000100001001010001100001000001100000000011
0001001000000000000000110100001000001010000000001100000011
0010010000000000000000001001010001000001000001100000000011
0010010000000000000000001001010011000001000001100001000011
1010010000000000000100001001010001100001000001100000000011
0001010000000000000000001000010001000001000001100000100011
0001001000010100100000001001010001100001000001100000000011
0001010000000000000000001000110001000001000001100000000011
1010010000000000000100001001010001100001000001100000000011
1010010000000000000100001001010001100001000001100000000011
0001010000000000000000001000110001000001010001100000000011
0001010000000001000000001000010001000001000001100000100010
1010010000000000000100001001010001100001000001100000000011
0010010000001000000000001001010001000001000001100000000011
0001010000000000000000001000110001010001100001100000100010
1010010000000000000100001001010001100001000001100000000011
1010010000000000000100001011010001100001000001100000000011
1010010000000000000100001001010101100001000001100000000111
0001010000000000000000001000110001000001010001100000000011
0001001000000100110000000000010001100001000001100000000011
1010010000000000000100001001010001100001000001100000000011
0010010000000000000000001001010001000001000001100000000011
