//
segsites: 50
positions: 0.000400000000000 0.017380000000000 0.044480000000000 0.060840000000000 0.089020000000000 0.090340000000000 0.095960000000000 0.128700000000000 0.140020000000000 0.153720000000000 0.181020000000000 0.187200000000000 0.198640000000000 0.269160000000000 0.278180000000000 0.280720000000000 0.297060000000000 0.311600000000000 0.342540000000000 0.380340000000000 0.393560000000000 0.394980000000000 0.404200000000000 0.434200000000000 0.457620000000000 0.475240000000000 0.500000000000000 0.532960000000000 0.550420000000000 0.574320000000000 0.665100000000000 0.665400000000000 0.692040000000000 0.727800000000000 0.746660000000000 0.755080000000000 0.761840000000000 0.782080000000000 0.782900000000000 0.802060000000000 0.826140000000000 0.842500000000000 0.866760000000000 0.868240000000000 0.895400000000000 0.899680000000000 0.909760000000000 0.915620000000000 0.945760000000000 0.950300000000000
10000000011010010010100010000000010001001001100000
10000000011010010100010000110000100001000001000000
00001001100100010100010000000000100001000001000000
10000000011010010100010000110000100001000001000000
10000000011010010100010000110000100001000001000000
00001001100100010100010000001000101001000001000000
10000000011010010100010000110000100001000001000000
10000000011010010100010000110000100001000001000000
10000000011010010100010000110000100001000001000000
10000000011010010100010000110000100001000001000000
10000000011010010100010100110000100001000001000000
00001001100100010100010000000000100001000001000000
00001001100100010010100010000001010001000001000000
10000000011010010100010000110000100001000001000000
01000000011010001110100000000000100001000001000000
10000000011010010100010000110000100001000001000000
10000000011010010100010000110000100001000001000000
10000000011010010100010000110000100001000001000000
00001001100100010100010000000000010001000001000010
10000000011010010100010000110000100001000001000000
10000000011010010101010000110000100001000001000000
00001001100100010100010000110000100001000001000000
10000000011010001100001000000010000010000000000000
10000000011010010100010000110000100001000001000000
00001001100100010100010000000000100001000001000000
10000000011010010100010000110000100001000001000000
00001001100100010100010000001000100001000001000000
10000000011010010100010000110000100001000001000000
10000000011010010100010000110000100001000001000000
00011001100100010100010000000000100101000001000000
10000000011010010100010000110000100001010001000000
10000000011010010100010000110000100001000001000000
00100010000101110100010000000000000010100010001101
10000100011010001100000001000000000010000110010000
10000000011010010100010000110000100001000001000000
10000000011010010100010000110000100001000001000000
00011001100100010010100010000000010001000001000000
00001001100100000100000000000100000001000001000000
00001001100100010010100010000000010001000001000000
10000000011010010100010000110000100001000001000000
