//
segsites: 79
positions: 0.003920000000000 0.007440000000000 0.010280000000000 0.011820000000000 0.035580000000000 0.038200000000000 0.067000000000000 0.117900000000000 0.130900000000000 0.153000000000000 0.159680000000000 0.161680000000000 0.193820000000000 0.211240000000000 0.225020000000000 0.286020000000000 0.311520000000000 0.342520000000000 0.345940000000000 0.346080000000000 0.350140000000000 0.384820000000000 0.391780000000000 0.394100000000000 0.417460000000000 0.422400000000000 0.495560000000000 0.500000000000000 0.504420000000000 0.504800000000000 0.573180000000000 0.581360000000000 0.583980000000000 0.590040000000000 0.593060000000000 0.594420000000000 0.596680000000000 0.599760000000000 0.643120000000000 0.649780000000000 0.651280000000000 0.653960000000000 0.660980000000000 0.661520000000000 0.673520000000000 0.680740000000000 0.698400000000000 0.699480000000000 0.703060000000000 0.709900000000000 0.738300000000000 0.753660000000000 0.756040000000000 0.763360000000000 0.772260000000000 0.792980000000000 0.795120000000000 0.822940000000000 0.828820000000000 0.834460000000000 0.835440000000000 0.848380000000000 0.850820000000000 0.875840000000000 0.878480000000000 0.894320000000000 0.897280000000000 0.904580000000000 0.908420000000000 0.909140000000000 0.910820000000000 0.923900000000000 0.935660000000000 0.939200000000000 0.965120000000000 0.970900000000000 0.987300000000000 0.989140000000000 0.997580000000000
0100000100100000000100100001010000000100100010000000000000000000001000000001000
0100000100100000000100100001010000000100100010000000000000000000001000000001000
0000000000100000001010000000010000010000000010000001101100000000101000000001000
0010010000001100000000000000001000100000000010000001101100000000101000000001000
0100000100100000000100100101010000000100100010000000000000000000001000000001010
0100000100100000000100100001010000000100100010000000000000000000001000000101000
0000010000001100000001000000010001100000010000000100000000000000001000000001000
0100000100100000000100100001010000000100100010000000000000000000001000000001000
0100000100100000000100100001010000000100100010000000000000000000001010000001000
0100000100100000000100100001010000000100100010000000000000000000001000000001000
0100000100100000000100100001010000000100100010000000000000000000001000000001000
0000010000001100000000000000010001100000010000000100000000000000001000000001000
0100000000100000000000000000001000100000011001000110000010001001000101000010101
0100000100100000000100100001010000000100100010000000000000000000001000000001000
0100000100100000000100100001010000100000011001001110000010001001000101000010001
0100000100100000000100100001010000000100100010000000000000000000001000000001000
0000010000100000000100100001010000000100100010000000000000000000001000000001000
0100000100100000100100001000010010000100000110010000000000000000001000101001000
1100000001100000100100001000010010000101000010010000000000000000001000101001000
0100000100100000000100100001010000000100100010000000000000000000001000000001000
0100000000100000000100110000010000000100100010000000000000000000001000000001000
0100000000100000000100100000010000000100100010000100010000000000001000000001000
0100000100100000000100100011010000000100100010000000000000000000001000000001000
0100000100100000000100100001010000000100100010000000000000000000001000000001000
0100000000100000000100100000010000000100100010000000000000000000001000000001000
0100000100100000000100100001010000000100100010000000000000000000001000000001000
0000000000010011001000000000100000001010000010000000000000000000001000000001000
0101001001100000100100001000010010000100000010010000000000000000001000101001000
0000010000000000000100100000010000000100100010000000000001110110001000000001000
0000000001100000100100001000010010000100000010010000000000000000011000101001000
0100000100100000000100100001010000000100100010000000000000000000001000000101000
0100100100100000000100100001010000000100100010000000000000000000001000000001000
0100000100100000000100100001010000000100100010000000000000000000001000000001000
0100000100100000000100100001010000000100100010000000000000000000001000000001000
0000010010001100000000000000001000100000011001000110000010001001000101000010001
0100000000100000000100100000010000000100100010100000000000000000001000010001000
0101000001100000100100001000010010000100000010010000000000000000001000101001000
0100000000100000000100100000010000000100100010100000000000000000001000010001000
0000010000001100010000000000010101100000010000000100000000000000001000000001000
0100000100100000000100100001010000000100100010000000000000000000001000000001000
