//
segsites: 71
positions: 0.002660000000000 0.026220000000000 0.037880000000000 0.049200000000000 0.052180000000000 0.058120000000000 0.122840000000000 0.134680000000000 0.153840000000000 0.155240000000000 0.180080000000000 0.200920000000000 0.206200000000000 0.230980000000000 0.252260000000000 0.255400000000000 0.259600000000000 0.273280000000000 0.273440000000000 0.275700000000000 0.276700000000000 0.281560000000000 0.284840000000000 0.288340000000000 0.294100000000000 0.312100000000000 0.330160000000000 0.334300000000000 0.386520000000000 0.392940000000000 0.438940000000000 0.439040000000000 0.454440000000000 0.476680000000000 0.477500000000000 0.482060000000000 0.490140000000000 0.500000000000000 0.515420000000000 0.519480000000000 0.531520000000000 0.535100000000000 0.548560000000000 0.555360000000000 0.564060000000000 0.567340000000000 0.573900000000000 0.601440000000000 0.629940000000000 0.647000000000000 0.651100000000000 0.690380000000000 0.691280000000000 0.700780000000000 0.711480000000000 0.726200000000000 0.731660000000000 0.749780000000000 0.758920000000000 0.766460000000000 0.775080000000000 0.778640000000000 0.804760000000000 0.834020000000000 0.851860000000000 0.888680000000000 0.908240000000000 0.971780000000000 0.985940000000000 0.990420000000000 0.990520000000000
00001000011001011000010100100000000111000000001000000010100000010101000
00000000000000000100010000000000000000100010000001001000001000101010010
00001000010001011000010100100000000111000000001000000010100000010101000
00001000010001011000010100100000000111000000001000000010100000010100000
00001000010001011000010100100000000111000000001000000010100000010101000
00100001000010000001011000010100000000100010000001001000001000010101000
00001000010001111000010100100000001111000000001000000010100000010101000
00000110000000000010100001000000000000100010000001000000001000000000010
00000110000001011000010100100000000111010000001001000100000010101010000
10000000010001011000010100100000000111000000001000000010100000010101000
00001000010001011000010100100000000111000000001000000010100000010101000
00001000010001011000010100100000000111000000001000000010100000010101000
00000110000000000100010001000000000000100010000001000000001000000000000
00000110000000000010000001000000000000100010100001000001001100000000010
00001000010001011000010100100000000111000000001000000010100000010101000
00000000000001000010000001000000000000100010000001000000001000000000010
01000000000001000010000000000000000000100010000001000000001000000000000
00001000000001011000010100100000000110000000001000000010100000010101000
00001000010001011000010100100000000111000000001000000010100000010101000
00110001000010000001011010010110000000100010000001001000001000101010000
00001000010001011000010100100000000111000000001000000010100000010101000
00100001000010000001011000010101010000000000010100000000001001000000010
00000000000001000010000001000000000000100010000001000000001000000000000
00001000010001011000010100100000000111000000001000000010100000010101000
00001000010001011000010100100000000111000000001000000010100000010101000
00000000000001000010000000100000100000101000000010110000010000000000001
00110001000010000001011010010100000000100010000001001000001000101010000
00000000000001000010000001000000000000100010000001000000001000000000000
00001000110001011000010100100000000111000000001000000010100000010101000
00000110000101000010000001000000000000100010000001001000001000100010000
00001000010001011000010100100000000111000000001000000000001000010101100
00100001000001011000010100100000000110000000001000000010100000010101000
00001000010001011000010100100000000111000000001000000010100000010101000
00000110000000000010000001000000000000100010100001000001001100000000010
00001000000001011000010100100000000110000000001000000010100000010101000
00001000010001011000010100100000000111000000001000000010100000010101000
00001000010001011000010100100000000111000000001000000010100000010101000
00100001000010000001011000011100000000100111000001001000001000101010000
00001000010001011000010100100000000111000000001000000010100000010101000
00100001000010000001011000010101010000000000010100000000001000000001000
