//
segsites: 82
positions: 0.032760000000000 0.037100000000000 0.048240000000000 0.051360000000000 0.051540000000000 0.081000000000000 0.082660000000000 0.120480000000000 0.125260000000000 0.133440000000000 0.135780000000000 0.136180000000000 0.144320000000000 0.149440000000000 0.171260000000000 0.176160000000000 0.181580000000000 0.182960000000000 0.230040000000000 0.230340000000000 0.231480000000000 0.240480000000000 0.261520000000000 0.263280000000000 0.303640000000000 0.324280000000000 0.326060000000000 0.341420000000000 0.345840000000000 0.359640000000000 0.360920000000000 0.369440000000000 0.371860000000000 0.392280000000000 0.405400000000000 0.419960000000000 0.445540000000000 0.450100000000000 0.464760000000000 0.500000000000000 0.508900000000000 0.509460000000000 0.510060000000000 0.513900000000000 0.521960000000000 0.535580000000000 0.539580000000000 0.557040000000000 0.566680000000000 0.567540000000000 0.570020000000000 0.582600000000000 0.606960000000000 0.614400000000000 0.614560000000000 0.615180000000000 0.618860000000000 0.623880000000000 0.639340000000000 0.672620000000000 0.674880000000000 0.683240000000000 0.705200000000000 0.713360000000000 0.717440000000000 0.733980000000000 0.738360000000000 0.756360000000000 0.765660000000000 0.772680000000000 0.778440000000000 0.813780000000000 0.839580000000000 0.865740000000000 0.873580000000000 0.896420000000000 0.904500000000000 0.907980000000000 0.913520000000000 0.930980000000000 0.939860000000000 0.949460000000000
0000001000100000000001001010001000000001000011000000000110000001000100000000000000
0000001000100000000001001010001000000001000011000000000110000001000100000000000000
0000001000100000000001001010001000000001000011000000000110000001000100000000000000
0000001000100000000001001010001000000001000011000000000110000001000100000000000000
0000001000100000000001001010001000000001000011000000000110000001000100000000000000
0000001000100000000001001010001000000001000011000000000110000001000100000000000000
0000001000100000000001001010001000000001000011000000000110000001000100000000000000
0000000010000000000000000001101001000000100100100010000001010000010100001000000000
0000001000100000000001000100001100000000001000000100000001000000000000100010000100
0000001000100000000001001010001000000001000011000000000110000001000100000000000010
0000001000100000000001001010001000000001000011000000000110000001000100000000000000
0000000010000010000000000000001000000000000010000000010000111000010100000001100000
0000001000100000000001001010001000000001000011000000000110000001000100000000000000
0000011000100000000001000010001000001000000010000000000000110000010100001000000000
0000001000100000000001000010001010000000000010000000000000110000010100001000000000
1000000000000001001100000000101001100000100100100010000001000100001000001000000000
0000001000100000000001001010001000000001000011000000000110000001000100000000000000
0000001000100000000001001010001000000001000011000000000110000001000100000000000000
0000011000100000000001000010001000000001000011000000000110000001000100000000000000
0000000010000000000000000001101001000000100100100010000001010000010101001000001000
0000001000100000000001001010001000000001000011000000000110000001000100000100000000
0000001000100000000001001010001000000001000011000000000110000001000100000000000000
0100011000100000000001010010001000001000000010000000000000110000010100001000000000
0000001000100000000001001010001000000001010011000000000110000001000100000000000000
0000011000100000000001000010001000000001000011000000000110000001000100000000000000
0000000010000001000000000001101001000000000010000000000000110000010100001000000000
0000001000100000000001001010001000000001000011000000000110000001000100000000000000
0010100001010000000010000000001000000010000000000001101000000000001000001000000000
0000001000100000000001001010001000000001000011000000000110000001000100000000000000
0000000010000000000000000001101001000000100100100001000001010000010100001000000000
0000001000100000000001001010001000000001000011000000000110000001000100000000000000
0000000010000010000000000000001000000000000010000100000001000000000000100010000100
0000001000100000000001001010001000000001000011000000000110000001000100000000000000
0000000010000010000000000000001000000000000010000100000001000000000000100010000100
0000001000100000000001001010001000000001000011001000000110000001000100000000000000
0000000000000000010000100000011000010100000000010001101000000000100010000000100001
0000000010001000000000000001101001000000100100100010000001010000010100001000000000
0000000000000000001100000000101001000000100100100010000001000010001000001000010000
0001000100000100100010000000011000010100000000010001101000000000000010010000100001
0000001000100000000001001010001000000001000011000000000110000001000100000000000000
