//
segsites: 71
positions: 0.000120000000000 0.011520000000000 0.060480000000000 0.090400000000000 0.095320000000000 0.107040000000000 0.143140000000000 0.157420000000000 0.184020000000000 0.197340000000000 0.225460000000000 0.226020000000000 0.230720000000000 0.246980000000000 0.250460000000000 0.256300000000000 0.257140000000000 0.279880000000000 0.291900000000000 0.296820000000000 0.300460000000000 0.300900000000000 0.311060000000000 0.312440000000000 0.325460000000000 0.326000000000000 0.376880000000000 0.377040000000000 0.380640000000000 0.396500000000000 0.433100000000000 0.458940000000000 0.469560000000000 0.490180000000000 0.493760000000000 0.500000000000000 0.515720000000000 0.520760000000000 0.567500000000000 0.569800000000000 0.581300000000000 0.587400000000000 0.595600000000000 0.619020000000000 0.627940000000000 0.633040000000000 0.654280000000000 0.661260000000000 0.669180000000000 0.669460000000000 0.696620000000000 0.723440000000000 0.726220000000000 0.730320000000000 0.738040000000000 0.751180000000000 0.769400000000000 0.801460000000000 0.806540000000000 0.830600000000000 0.834360000000000 0.837060000000000 0.843060000000000 0.856620000000000 0.857140000000000 0.864780000000000 0.877560000000000 0.882740000000000 0.951720000000000 0.966880000000000 0.971920000000000
00011000000010000001000000001000000100000000000000001100000000000001010
00011000000010000001000000010011000000000000110001010001101001000101010
00011000000010000001000000001000001100000000000000001100000000000001010
00000000000000100010000000000110100000001000110001010000000000000001010
00011000000010000001000000001000000100000000000000001100000000000001010
00000101111001001000100000000000010000100110001000100000000010110011000
00011000000010000001000000001000000100000000110001010000101000001001110
00000000000000000000010101010011000000000000110001010000101000001000010
00011000000010000001000000001000000100000000000000001100000000000001010
00011000000010000001000000001000000100000000000000001100000000000001010
00000000000000000000010101010011000000000000110001010000101000001000010
00000000000010000001000010001000000000000000000000001100000000000001010
00000000000010000001001000001000000000000000000000001100000000000001010
00000000000010000001000000001000000000000000000000001100000000000001010
00011000000010000001000000001000000100000000000000001100000000000001010
00000000000010000000010101010011000000000000110001010000101000001000010
00011000000010000001000000001000000100000000000000001100000000000001010
00001000000010000000010101010011000000000000000000001100000000000001010
01000011111101010000100000100010100010010000000000001100010000001000010
00011000000010000001000000001000000100000000000010001100000000000001010
00000000000010000001000000001000000000000000000000001100000100000001010
00011000000010000001000000001000000100000000000000001100000000000001010
00000000000010000001000000001000000000000000000000001100000000000001010
00011000000010000001000000001000000100000000000010001100000000000001010
00000000000000000000010100001000000000000001000100001100000000000001011
00000000000000000000010100001000000000000001000100001100000000000001011
00011000000010000001000000001000000100000000000000001100000000000001010
00100000000000000101000000001000000000000000000000001100000000000001010
00000000000000100010000000000110100000000000110001010000000000000001010
00011000000010000001000000001000000100000000000000001100000000000001010
00100000000000000000100000100010100010010000000000001100010001000101010
00011000000010000001000000001000000100000000000000001100000000000001010
00011000000010000001000000001000000100000000000000001100000000000001010
00000000000010000001000000001000000000000000000000001100000000000001010
00001000000010000000010101010011000001000000110001010000101000001000010
10000000000000100010000000000110100000000000110001010010000000000001010
00000000000010000001000000001001000000000000110001010001101001000101010
01000011111101010000100000100010100010010000000000001100010000001000010
00011000000010000001000000001000000100000000000000001100000000000001010
00011000000010000001000000001000000100000000000000001100000000000001010
