//
segsites: 89
positions: 0.000400000000000 0.007040000000000 0.008080000000000 0.025120000000000 0.046420000000000 0.050380000000000 0.073620000000000 0.091620000000000 0.093380000000000 0.099000000000000 0.114400000000000 0.115240000000000 0.178000000000000 0.203740000000000 0.226920000000000 0.233580000000000 0.241400000000000 0.242760000000000 0.244060000000000 0.256320000000000 0.263900000000000 0.269680000000000 0.281780000000000 0.286260000000000 0.297660000000000 0.301480000000000 0.311500000000000 0.316400000000000 0.331400000000000 0.360960000000000 0.373220000000000 0.376080000000000 0.394800000000000 0.409520000000000 0.417300000000000 0.437860000000000 0.461540000000000 0.479080000000000 0.495880000000000 0.500000000000000 0.509100000000000 0.521120000000000 0.525940000000000 0.535380000000000 0.537860000000000 0.547520000000000 0.554480000000000 0.557900000000000 0.559520000000000 0.569660000000000 0.577640000000000 0.578240000000000 0.598080000000000 0.601040000000000 0.645600000000000 0.668020000000000 0.678960000000000 0.679460000000000 0.680780000000000 0.686640000000000 0.687560000000000 0.720160000000000 0.735280000000000 0.737680000000000 0.745560000000000 0.759740000000000 0.761340000000000 0.763160000000000 0.775020000000000 0.784140000000000 0.791540000000000 0.797560000000000 0.813660000000000 0.830180000000000 0.853280000000000 0.858360000000000 0.863720000000000 0.879680000000000 0.889960000000000 0.914000000000000 0.916060000000000 0.924880000000000 0.952960000000000 0.954160000000000 0.955280000000000 0.959740000000000 0.973400000000000 0.975040000000000 0.999320000000000
00000100000000110100001000000010000000010000000010001000000000011000000001000010101000000
00000000000010000000100000000010000101001000000010101000000000100010100001000010101000000
00000100000000110100000000000010000000010000000010001000000000010000000001000010100000000
00000100000000110100000000000010000000010000000010001000000000010000000001000010101000000
00000100000000110100000000000010000000010000000010000000010011000000000010010001000000000
00000100010000110100000001001010000000000000000000000000010011000000000010010000000000000
00000100010000110100000001000010000000000000000000000000010011000000000010010000000000000
00000000000010000000100000000010010010000110000001000000010011000000000010010000101000000
00000100000000110100000000000010000000010000000010011000000000010000000001000010101000000
00000100000000110100000000000010000000010000000010001000000000010000000001000010101000000
00000100010000110110000001000011000000000000010000001000000000100000100001000010101000000
00000100010001110100000001000010000000000000000000000000001000100000100001000010101000000
00000100000000110100000000000010000000000000000010001000000000010000000001000010101000011
00000100000000110100000000000010000000010000000010001000000000010000000001000010101000000
00101010000110000001000000000000000000000000000000000010100000010000000001000010100111011
00000100000000110100001000000010000000010000000010001100000000010000000001000010101000000
00010100000000110100000000000110000000010001100100000000000000000101001100001000000000100
00001010001110001001000000010000000000010000000010001000000000010000000001000010101000000
00000100000000110100000000000010100000110000000010001000000000010000000001000010101000000
00000100100000110000010110000010010011001000000010001000000100100000100001100010101000000
00000100000000110100000000000010000000010000000010001000000000010000000001000010101000000
00000100000000110100000000000010000000010000000010011000000000010000000001000010101000000
00000100000000110100001000000010000000010000001010001000000000010000000001000010101000000
00000100000000110100001000000010000000010000000010001000000000010000000001000010101000000
00000100100000110000010110000010011011001000000010001000000100100000100001100010101000000
00001010000110000001000000100010000101001000000010001000000100100000100001100010101000000
00000100000000110100000000000010000000010000000010001000000000010000000001000010101000000
00000100100000110100000000000010000000010000000010001000000000010000000001000010101000000
00000100010001110100000001000010000000010000000010001000000000010000000001000010101000000
00000100000000110100000000000010000000010000000010001000000000100000110001000010101000000
00000100010000110100000001000010000000000000000000000000010011000000000010010100000000000
01000100000000110100000000000010000000000000000000000010100000100000100001100010101000000
00000100000000110100000000000010000000010000000010001000010011000000000010010000000000000
00000100000000110100000000100010000101001000000010001000000100100000100001100010111000000
00000100000000110100000000100010000101001000000010001000000100100000100001100010101000000
00000001000010000000100000100010000000010000000010001000000000010000000001000010101000000
00000100000000110100001000000010000000010000001010001000000000010000000001000010101000000
00001010000110000001000000000000000000000000000000000011100000010000000001000010100110010
00000100000000110100000000000010000000010000000010001000000000010000000001000010101000000
10000000000010000000100000000010000101001000000010001000000000100000100001100010101000000
