//
segsites: 93
positions: 0.006220000000000 0.026280000000000 0.031680000000000 0.034860000000000 0.038180000000000 0.041200000000000 0.050920000000000 0.057540000000000 0.075540000000000 0.108080000000000 0.121180000000000 0.122880000000000 0.140500000000000 0.175060000000000 0.177220000000000 0.189820000000000 0.191020000000000 0.195840000000000 0.207160000000000 0.212740000000000 0.229060000000000 0.246860000000000 0.268040000000000 0.276000000000000 0.281820000000000 0.283020000000000 0.293420000000000 0.313120000000000 0.353180000000000 0.356460000000000 0.363100000000000 0.372320000000000 0.411460000000000 0.416280000000000 0.420980000000000 0.427560000000000 0.439020000000000 0.455340000000000 0.463120000000000 0.483240000000000 0.484480000000000 0.493440000000000 0.498040000000000 0.500000000000000 0.502300000000000 0.505940000000000 0.514180000000000 0.529340000000000 0.552180000000000 0.569540000000000 0.583500000000000 0.586980000000000 0.596480000000000 0.607820000000000 0.611880000000000 0.612120000000000 0.615460000000000 0.644360000000000 0.654180000000000 0.656840000000000 0.671080000000000 0.677940000000000 0.700880000000000 0.720220000000000 0.735320000000000 0.738020000000000 0.748700000000000 0.759000000000000 0.762360000000000 0.763520000000000 0.777280000000000 0.778080000000000 0.801780000000000 0.802240000000000 0.804960000000000 0.807420000000000 0.819060000000000 0.820320000000000 0.833780000000000 0.835700000000000 0.846700000000000 0.860180000000000 0.860280000000000 0.869880000000000 0.870320000000000 0.880420000000000 0.889300000000000 0.895200000000000 0.900240000000000 0.942820000000000 0.980380000000000 0.986880000000000 0.999940000000000
000000000010000001110000000000000000000001010000000000010100000000100000000000000000000010000
000000000001101000000010000000001010010000100000000100001000010000000000000000000001000000010
000000000010000001110000000000000000000001010000000000010100000000100000000000000000000010000
000000000010000001110000000000000000100001010000000000010100000000100000000000000000000010000
000000001010000100000101101001100100000000000001000010000010000010001000000100101000010000011
000000000010000001110000000000000000000001010000000000010100000000100000000000000000000010000
000000000010000001110000000000000000000001010000000000010100000000110000000000000000000010000
000000000010000001010000000000001000000010000000000000000000000000000000011010101000010000010
000000000010000001110000000000000000100001010000000000010100000000100000000000000000000010000
000000001110010010000100100000001000000010000000000000000000000000000000001000101000010000010
000000000010000001110000000000000000000001010000000000010100000000100000000000000000000010000
000010001010000000000101101001101010010000100000000101000000000100000100000000101000010000010
000000000010000001110000000000000000000001010000000000010100000000100000000000000000000010000
000000000010000001110000000000000000000001010000000000010100000000100000000000000000000010000
000000011010010010000101101001100100000000100000000100000000000100000000000000100000101000000
000000000010000001110000000000000000000001010000000000010100000000100000000000000000000010000
000000000010000001110000000000000000000001010000000000010100000000100000000000000000000010000
000000000010000001110000000000000000000001010000000000010100000000100000000000000000000010000
000000000010000001010000000000000000000001000000000000010100000000100000100000000000000010100
000000000010000001010000000000000000000001000000000000010100000000100000000000000010000010100
100001001010000000000101101001100100000000000001000010000010000010001000000100101000010000011
000000000010000001110000010000000000000001010000000000010100000000100000000000000000000010000
000000000010000001110000000000000000000001010000000000010100000000100000000000000000000010000
000000000001100000000100100000011001001000000110011000000000010000000000000000000001000000010
010000001010000000000101101001100100000000001001000010000011000010001000000100101000010000000
000000001010000100000101101001100100000000000001000010000010000010001000000100101000010000011
010000001010000000000101101001100100000000001001000010000010000010001000000100101000010000000
000000000010000001010000000000001000000010000000000000100000000000000010000001110000000001000
000000000001101000000010000000001010010000100000000100001000010000000000000000000001000000010
000000000010000001110000000000000000100001010000000000010100000000100000000000000000000010000
100001001010000000000100100010011001001100100000000100001000010000000000000000000001000000010
000000000010000001110000000000000000000001010000000000010100000000100000000000000000000010000
000000000001101000000010000000001010010000100000000100001000010000000000000000000001000000010
101100100000000000000100100000001010010000100000000100001000110000000000000000000001000000010
000000001110010010000100100000001001001000000110111000000000001001000001000000100100000100010
101100100000000000001100100000001010010000100000000100001000000000100000000000000000000010000
000000000010000001110000000000000000000001010000000000010100000000100000000000000000000010000
000000000010000001110000000100000000000001010000000000010100000000100000000000000000000010000
000000000010000001110000000000000000000001010000000000010100000000100000000000000000000010000
000000000010000001010000000000000000000001000000000000010100000000100000000000000000000010000
