//
segsites: 59
positions: 0.004440000000000 0.035540000000000 0.037960000000000 0.045360000000000 0.058120000000000 0.059500000000000 0.073520000000000 0.099860000000000 0.147400000000000 0.156120000000000 0.165500000000000 0.233800000000000 0.238240000000000 0.241280000000000 0.258680000000000 0.267660000000000 0.270840000000000 0.277100000000000 0.296720000000000 0.333280000000000 0.362880000000000 0.368240000000000 0.373040000000000 0.394200000000000 0.406480000000000 0.408440000000000 0.412240000000000 0.416020000000000 0.425220000000000 0.500000000000000 0.507660000000000 0.534780000000000 0.539240000000000 0.588680000000000 0.596060000000000 0.648860000000000 0.651080000000000 0.658500000000000 0.711600000000000 0.720680000000000 0.755560000000000 0.764960000000000 0.773600000000000 0.797180000000000 0.797880000000000 0.817020000000000 0.817240000000000 0.832940000000000 0.833120000000000 0.858280000000000 0.892020000000000 0.892940000000000 0.898860000000000 0.907620000000000 0.909320000000000 0.933840000000000 0.954760000000000 0.981920000000000 0.986200000000000
01010100010010000011110010100110011000011010011000001000001
01010100010010000011110010100110011000011010011000001000001
01010100010010000011110010100110011000011010011000001000001
01010100010010000011110010100110011000011010011000001000001
01010100010010001011110010100000100000001010101010100001100
01010100010010000011110010100110011000011010011000001000001
01010100010010000011110010100110011000011010011000001000001
01010100010010000011110010100110011000011010011000001000001
01010100010010000011110010101010011000001010011000100001100
01010100010010000011110010100010011000011010011000001000001
01010100010010000011110010100110011000011010011000001000001
01010100001001000000000011100000000100101000000000000110000
01010100010010000011110010100110011000011010011000001000001
01010100010010010011110010100010011000001010011000010000001
01010100010010000011110010100110011000011010011000001000001
01010100010010010011110010100010011000001010011000000000001
01010100010110100011111010100000100000001010001111100001110
01010100010010000011110010100010011000001010011000000000001
01010100010010010011110010100010011100101000000000000110000
01011101010010000011110010110000100000001010001010100001100
01010100110010000011110010100000100000001010001010100001100
01010100010010000111110010100000100000001010011000001000001
01010100010010000011110110100110011000011010011000001000001
01010100110010000011110010100000100000001010001010100001100
01100000010010000011110010100110011000011010011000001000001
01010100010010000011110010110000100000001010001010100001100
01010100010010000011110010100111011000011010011000001000001
11010100010010010011110010100010011010001010011000001000001
01010100010010000011110010100110011001011010011000001000001
01010100010010000011110010100110011000011010011000001000001
01010100010010000011110010110000100000001010001010100001100
01010100010010000011110010100110011000011010011000001000001
01010100010010000011110010100110011000011010011000001000001
01010100010010000011110010100110011000011010011000001000001
01010100010010000011110010110000100000001011001010100001100
01010100010010000011110010100110011000011010011000001000001
01010110010010000011110010100110011000011010011000001000001
01010100001001000000000011100000000100101100000000000110000
01010100010010000011110010100010011000001010011000000000001
01010100010010000011110010100110011000011010011000001000001
