//
segsites: 90
positions: 0.001460000000000 0.003460000000000 0.004780000000000 0.026640000000000 0.032900000000000 0.034760000000000 0.067880000000000 0.077260000000000 0.089720000000000 0.100000000000000 0.140660000000000 0.160060000000000 0.187120000000000 0.206620000000000 0.214460000000000 0.216340000000000 0.217720000000000 0.222280000000000 0.225220000000000 0.229880000000000 0.236820000000000 0.258220000000000 0.260880000000000 0.264040000000000 0.269300000000000 0.280180000000000 0.281860000000000 0.297720000000000 0.306780000000000 0.321300000000000 0.322140000000000 0.324340000000000 0.333760000000000 0.367500000000000 0.383380000000000 0.406240000000000 0.406740000000000 0.433380000000000 0.435460000000000 0.439820000000000 0.471100000000000 0.500000000000000 0.520820000000000 0.523360000000000 0.529700000000000 0.531580000000000 0.533860000000000 0.534340000000000 0.539600000000000 0.542940000000000 0.545140000000000 0.547980000000000 0.564360000000000 0.576700000000000 0.584740000000000 0.584800000000000 0.614960000000000 0.621420000000000 0.622060000000000 0.627420000000000 0.641840000000000 0.652340000000000 0.653940000000000 0.655260000000000 0.674400000000000 0.686080000000000 0.703980000000000 0.716060000000000 0.725040000000000 0.744000000000000 0.748880000000000 0.755000000000000 0.763180000000000 0.774940000000000 0.775400000000000 0.806540000000000 0.820820000000000 0.856420000000000 0.862300000000000 0.863140000000000 0.885720000000000 0.898900000000000 0.899640000000000 0.908040000000000 0.908520000000000 0.916100000000000 0.916740000000000 0.949760000000000 0.956380000000000 0.990980000000000
010100100000001001001011000000000000101000000000100110001010101000000101100010000010000110
001001000001000000000000001000000100000100000000000000100010000001001000000000000000000000
000000001110000000010000000110010010010001010000000000010000000010010000010110000010000110
000000001110000000010000000110010010010001010000000000010000000010110000010110000010000110
000000001110000000010000000110010010010001010000000000010000000010010000010110000010000110
001000000001010000000000001000000100010001010000000000010000000010010000010110000010000110
000000001110000000010000000110010010010001010000000000010000000010110000010110000010000110
001010000001000000000000001000000100000100000000000000001000000000010000010111100010001110
001000000001000000000000000000000101000110000000000000100010000000000010001000011111010000
000000001110000000010000000110010010010000010000000000010000000010010000010110000010000110
000000001110000000010000000110010010010001010000000000010000000010010000010110000010000110
000000001110000000110000000110010010010001010000000000010000000010010000010110000010000110
001010000001000000000000001000000100000100000000000000100010000001001000000000000000000000
000000001110000000010000000110010010010001010000000000010000000010010000010110000010000110
000000001110000000010000000110010010010001010000000000010000000010010000010110000010000110
000000001110000000010000000110010010010000010000000000010000000010010000010110000010000110
000000001110000000010000000110000100000100000000000000100010000001001000000000000000000000
000000001110000000010000000110010010010001010000000000010000000010010000010110000010000110
000000001110000000010000000110010010010001010000000000010001000010010000010110000010000110
000000000000000010000100110000000000000000101100000000001110000000000010001000011111010000
000000001110000000010000000110010010010000010000000000010000000010010000010110000010000110
000000001110000000010000000110010010010001010000000000010000000010010000010110000010000110
000000001110000000010000000110010010010001010001000000010000000010010000010110000010000110
000000001110000000010000000110010010010001010000000000010000000010010000010110000010000110
000000001110000000010000000110010010010001010000000000010000000010010000010110000010000110
001000000110000000010000000110010010010000010000000000010000000110010000010110000010000111
000000001110000000010000000110010010010000010000000000010000000010010000010110000010000110
000000000000000010000100110000000000000000101100000000001010000000000010001000011111010000
000000001110000000010000000110110010010001010000000000010000000010010000010110000010000110
000000001110000000010000000110010010010000010000000000010000000010010000010110000010000110
100000010000000010000100110000000000000000101100000000001010010000000010001000011111010000
000000001110000000010000000110010100000100000000010000100010000001001000000000000000000000
000000001110000000010000000110010010010001010000000000010000000010010000010110000010000110
000000001110000000010000000110010010010000010000000000010000000010010000000000000000000000
000000001110100000010000000110010010010000010010000001010000000010010000010110000010000110
000000001110000000010000000110010010010001010000000000010000000010010000010110000010000110
001000000001000100000000000000000100000100000000000000100010000001001000000000000000000000
000000001110000000010000000110010010010001010000000000010000000010010000010110000010000110
000000001110000000010000000110010010010001010000000000010000000010010000010110000010000110
001000000001000000000000000001001000000000000000001000100010000001001000000000000000100000
