//
segsites: 50
positions: 0.004320000000000 0.030760000000000 0.037440000000000 0.048860000000000 0.052360000000000 0.063460000000000 0.081800000000000 0.098020000000000 0.108060000000000 0.123260000000000 0.159360000000000 0.168140000000000 0.203180000000000 0.213840000000000 0.235300000000000 0.257060000000000 0.272320000000000 0.298800000000000 0.322040000000000 0.323360000000000 0.329200000000000 0.334980000000000 0.359900000000000 0.379040000000000 0.408100000000000 0.466280000000000 0.485980000000000 0.500000000000000 0.515500000000000 0.577360000000000 0.596040000000000 0.605360000000000 0.615520000000000 0.633000000000000 0.658840000000000 0.670140000000000 0.681700000000000 0.688640000000000 0.707580000000000 0.707960000000000 0.749460000000000 0.808300000000000 0.813080000000000 0.824960000000000 0.826500000000000 0.840400000000000 0.850080000000000 0.898680000000000 0.915620000000000 0.936380000000000
10100010101000000000011100010000000001000000011000
10100000001001000000101000000000010100000000100000
10100000001000010100001010001001001010001111000000
01001100010100000000101000000000000010001111000000
10100010001000000000011100010000000001001111000000
10100010001000000000011100010000000001000000011000
01001100010100000000101010001000100010001111000000
10100000001000000000101000001000001010001111000000
10100010001000000000011100010000000001000000011111
10100000001000000000101000001000001010001111000111
10100010001000000000011100010000000001000000011000
01001100010100000000101000000000000010001111000000
10100010001000000000011100010100000001000000011000
10100010001000000000011100010000000001000000011000
10100010001000000000011100010000000001001111000000
01001100010100000000101000000000010000000000000000
10100000001000000000101000001000001010001000011000
10100010001000000000011100010000000001000000011000
10100000001000000000101000001000001010000000000000
10100010001000000000011100010000000001000000011000
10100001001000001000101000001000001010101111000111
00100000001000100000101000100000010000000000000000
01010010001000000000001100000000000010001111000000
10100001001000001000101000001000001010001111000111
10100010001000000000011100010000000001000000011000
10100000001000000000001011000000000000011111000000
01001100010100000000101000001010001010001111000111
10100000001000100011001100000000000010001111000000
10100010001000000000011100010000000001000000011000
01010010001000000000001100000000000010001111000000
10100010001000000000011100010000000001001111000000
10100000001000000000011100010000000001000000011000
10100000001010000000101000000000010100000000000000
10100000001000000000011100010000000001000000011000
10100010001000000000011100010000000001000000011000
10100000001000000000101000000000010100000000100000
10100010001000000000011100010000000001000000011000
10100010001000000000011100010000000001001111000000
01001100010100000000001011000000000010001111000000
10100010001000000000011100010000000001000000011000
