//
segsites: 98
positions: 0.003580000000000 0.013860000000000 0.031480000000000 0.046280000000000 0.046460000000000 0.047780000000000 0.061320000000000 0.072180000000000 0.072520000000000 0.076420000000000 0.078740000000000 0.085920000000000 0.088360000000000 0.093120000000000 0.100240000000000 0.101740000000000 0.122880000000000 0.124000000000000 0.134120000000000 0.134460000000000 0.142260000000000 0.143580000000000 0.145760000000000 0.147300000000000 0.150640000000000 0.163400000000000 0.188060000000000 0.196440000000000 0.203780000000000 0.203820000000000 0.240920000000000 0.253600000000000 0.276100000000000 0.283660000000000 0.283740000000000 0.288340000000000 0.295480000000000 0.312720000000000 0.315160000000000 0.316220000000000 0.325380000000000 0.342580000000000 0.350180000000000 0.375520000000000 0.387620000000000 0.399020000000000 0.418020000000000 0.436320000000000 0.441000000000000 0.453600000000000 0.458980000000000 0.460580000000000 0.462860000000000 0.473740000000000 0.474820000000000 0.492580000000000 0.500000000000000 0.527840000000000 0.536480000000000 0.541880000000000 0.549520000000000 0.551780000000000 0.561540000000000 0.561640000000000 0.588240000000000 0.602140000000000 0.611440000000000 0.633200000000000 0.658220000000000 0.660520000000000 0.692180000000000 0.696980000000000 0.701660000000000 0.704360000000000 0.721220000000000 0.724180000000000 0.748600000000000 0.754740000000000 0.761220000000000 0.768460000000000 0.779360000000000 0.796960000000000 0.806720000000000 0.827960000000000 0.835980000000000 0.841920000000000 0.851200000000000 0.868740000000000 0.891880000000000 0.903100000000000 0.905420000000000 0.912260000000000 0.914580000000000 0.921780000000000 0.965140000000000 0.971800000000000 0.995480000000000 0.999700000000000
00000000000100000000001000000000000000000010000010000100001100001100100000000000100000000010000000
00000100001010000000000000000100000000100000000110000100001100001100100000000100100000000010000000
00000000000010000000000010000100000010010000001000010000000010000000010001000010001010010000101011
00000000000010000000000010000100001010010000001000010000100010000000010001000010001010010000101011
00000000000010000000000010000100000010010000001000010000100010000000010001000010001110010000101011
00000000000010000000000010000100000010010000001000010000100010000000010001000010001010010000101011
00000000000010000000000010000100000010010000001000010000100010000000010001000010001010010000101010
00000000000100000000001000000000000000000010000010000100001100001100100000000000100000100010000011
00000000000010000000000010000100000010010000001000010000100010000000010001000010001010010000101011
00000000000010000000000010000100000010010000001000010010100010000000010001000010001010010000101011
00000000100000000010000000100000000000000111010000000000000000110000010000110000000010000000101001
00000000001010000000000010000100000010010000001000010000000010000000010001000010001010010000101011
10011000000000011001000100010000000001000000100000000001000000000011001010000000000000000001000101
00000000000010000000000010000100000010010000001001010000100010000000010001000010001010010000101011
00000000000100000000001000000000000000000010000010000100001100001100100000000000100000100010000000
00000000000010000000000010000100000010010000001000010000100010000000010001000010001010000000101001
00000010000001000000010010001100000010011000000000100001010000000011001010000000000000000001000000
00000000001010000000000010000101000010010000001000010000000010000000010001000010001010010000101011
00000000000010000000000010000100000010010000001000010000100010000000010001000010001010010000101011
00000000000010000000000010000100000010010000001000010000100010000000010001000010001010010000101011
00000000000010000000000010000100000010010000001001010000100010000000010001000011001010010000101011
00000000001010100000000010000100010010010000001000010000000010000000010001000010000011000000111001
00000100001010000000000000000100000000100000000110000100001100001100100100000100100000000010000000
00000000000010000000000010000100000010010000001000010000100010000000010001000010001010010000101011
00000010000001000000010010000100000010011000000000100001010000000011001010000000000000000000101011
00000000000010000000000010000100000010010000001000010010100010000000010001000010001010010000101011
00000100011010000000000010000100000010010000001000010000000010000000010000100000000010000000101001
00000000100000000010000000100000000000000111000000000000000000110000010000100000000010000000101001
00000000000100000000101000000000000000000010000010000100001100001100100000000000100000000010000000
00000000001010100000000010000100010010010000001000010000000010000000010001000010000011010000101011
00000000000010000000000010000100000010010000001000010000100010000000010001000010001010000000101001
10011000000000011000000100000010100100000000000000101001000001000000010001000010000010010000101011
00000100001010000000000000000100000000100000000110000100001100001100100000000000000000001100000000
00000000100000000010000000100000000000000111000000000000000000110000010000100000000010000000101001
00000010000001000100010010000100000010010000000000100001001100001100010000100000010010000000101001
01100001000100000000000001000000000000000111000000000000000000110000010000100000000010000000101001
00000000000010000000000010000100000010010000001001010000100010000000010001000010001010010000101011
00000000000010000000000010000100000010010000001001010000100010000000010001000010001010010000101011
00000000000100000000001000000000000000000010000010000100001100001100100000001000100000100010000000
01100001000100000000000001000000000000000111000000000000000000110000010000100000000010000000101001
