//
segsites: 95
positions: 0.003980000000000 0.007900000000000 0.009300000000000 0.013300000000000 0.016540000000000 0.018600000000000 0.028820000000000 0.036320000000000 0.037940000000000 0.053500000000000 0.055780000000000 0.057300000000000 0.067740000000000 0.075780000000000 0.093580000000000 0.094540000000000 0.095420000000000 0.103420000000000 0.111260000000000 0.122480000000000 0.123740000000000 0.149400000000000 0.150880000000000 0.154100000000000 0.154720000000000 0.167660000000000 0.175520000000000 0.186400000000000 0.194540000000000 0.197220000000000 0.213340000000000 0.218520000000000 0.230720000000000 0.240000000000000 0.241900000000000 0.242620000000000 0.283100000000000 0.289780000000000 0.313340000000000 0.360180000000000 0.380320000000000 0.383680000000000 0.390560000000000 0.395280000000000 0.396980000000000 0.398280000000000 0.401600000000000 0.405580000000000 0.411280000000000 0.418280000000000 0.419420000000000 0.421340000000000 0.431800000000000 0.432440000000000 0.448680000000000 0.465660000000000 0.467520000000000 0.487800000000000 0.489280000000000 0.489680000000000 0.500000000000000 0.514700000000000 0.521380000000000 0.536220000000000 0.551260000000000 0.561120000000000 0.572160000000000 0.573060000000000 0.573080000000000 0.596680000000000 0.605740000000000 0.610900000000000 0.620820000000000 0.655780000000000 0.657040000000000 0.665820000000000 0.673700000000000 0.675720000000000 0.679540000000000 0.691120000000000 0.716120000000000 0.757660000000000 0.788040000000000 0.802460000000000 0.838660000000000 0.858600000000000 0.879380000000000 0.885200000000000 0.887060000000000 0.937020000000000 0.948660000000000 0.972940000000000 0.980260000000000 0.985720000000000 0.985860000000000
00010010100000000000100000000100000101000100100000000000000000001010000000001001011000000100101
10000001000000000001000000000000001010001011000000000001100000000000100000010000000100000000000
10000001000000000001010100010000000001011011000000010001100010000000100000000110100100000000000
00010010100000000000100000000100000100000000000000000000000000000101110100000001010000000100101
11000001010000000000110100010000000001011011000000010001100010000000100000000110100100000000000
00110010000000000000000010000001000000000000000000000010000000000010000000010000000100000000000
10000001000000000001000000001000001010001011000000000001100000000000100000010000000100000000000
10000001010000000000110100000000000001101001000001001100000000000001110100000001010000000100101
10000001000000000001010100010000000001011011000000010001100010000000100000000110100100000000000
10000001000000000001010100010000000001011011000000010001100010000000100000000110100100000000000
00001100000110000000000010100000000000000100100000000000000000000010000001000000000100000000000
11000001010000000000110100010000000001011011000000010001100010000000100000000110100100000000101
00000000000000100000001001000010100000000000010000100000010001110000001010000000000101010000100
11000001010000000000110100010000000001011011000000010001100010000000100000000110100100000000000
10000001010000000000110100000000000001000000010000100000011000000101110100000001010000000101101
10000001000000000001000000000000001010001011000000000001100000000000100000000110100100000000000
10000001000000000001000000000000001010001011001000000001100000000000100000000110100101010000000
10000001010000000000110100010000000001001011000000010001100000000000100000000110100100000000000
00010010100000000010100000000100000100000000000000000000000000000101110100000001010010000100101
11000001010000000000110100010000000001011011000000010001100010000000100000000110100100000000000
11000001010000000000110100010000000001011011000000010001100010000000100000000110100100000000000
00001100000110000000000010100000000000000100100000000000000000000010000001000000000100000000000
10000001000000000001000000000000001010001011000000000001100000000000100000010000000100000000010
11000001010000000000110100010000000001011011000000010001100010000000100000000110100100000000000
00110010000000000000000010000001000000000000000000000010000000000010000000010000000100000000000
11000001010000000000110100010000000001011011000000010001100010000000100000000110100100000010000
00010010100000000000100000000100000101000100100000000000000000001010000000001010100100100000000
10000001000000000001000000000000001010001011000000000001100000000000100000010000000100000000000
00000000000000100000001001000010100000000000010000100000010001110000001010000000000101010000100
10000001000000000001000000000000001010001011000000000001100000000000100000010000000100000000010
11000001010000000000110100010000000001011011000000010001100010000000100000000110100100000000000
10000001000000000001000000000000001010001011000000000001100000000000100000000110100100000000000
00010010100000000000100000000100000100000000000000000000000000000100001010000000000101010000100
11000001010000000000110100010000000001011011000000010001100010000000100000000110100100000000000
00010010100000000000100000000100000100000000000000000000000000000101110100000001010000001100101
10000000001001011100001000000000000001000100100110000000000000010000001010100000000100000000000
11000001010000000000110100010000010001011011000000010001100010000000100000000110100100000000000
11000001010000000000110100010000000001011011000000010001100010000000100000000110100100000000000
10000001010000000000110100000000000001000000010000100000010100010000010100000001010000000100101
11000001010000000000110100010000000001011011000000010001100010000000100000000110100100000000000
