//
segsites: 54
positions: 0.003040000000000 0.013120000000000 0.056500000000000 0.074380000000000 0.089780000000000 0.099120000000000 0.116160000000000 0.125960000000000 0.130240000000000 0.133280000000000 0.170380000000000 0.185180000000000 0.275480000000000 0.294460000000000 0.299300000000000 0.317020000000000 0.317840000000000 0.328660000000000 0.360000000000000 0.387800000000000 0.405480000000000 0.444440000000000 0.480000000000000 0.489100000000000 0.532900000000000 0.537480000000000 0.550100000000000 0.557980000000000 0.561540000000000 0.562760000000000 0.566320000000000 0.572800000000000 0.579640000000000 0.592040000000000 0.609900000000000 0.618680000000000 0.623220000000000 0.646380000000000 0.704140000000000 0.708200000000000 0.739400000000000 0.776880000000000 0.781280000000000 0.810960000000000 0.827080000000000 0.841760000000000 0.850980000000000 0.852340000000000 0.853600000000000 0.879920000000000 0.884120000000000 0.885640000000000 0.914140000000000 0.952480000000000
010010110000110010000100001111100101001101100000101101
111101001100001000010000010000011010100000100000100001
110000100000110010000100001110100100010010001000010001
010100110000110010000100001111100101001101100000101101
111101001110001000000000100010000000010010011010010010
010010110000110010000100001111100101001101100000101101
010000110000001000000000100010000000010010011100010010
111101001100000101001010010000011010100000100000100001
010000110001001000100000010000011010100000100000100001
010000110000000000000001100010000000010100001001001001
