//
segsites: 53
positions: 0.031800000000000 0.036600000000000 0.047080000000000 0.080580000000000 0.110100000000000 0.138580000000000 0.145820000000000 0.223460000000000 0.230060000000000 0.244460000000000 0.269480000000000 0.287780000000000 0.288040000000000 0.300800000000000 0.314560000000000 0.335160000000000 0.341500000000000 0.355280000000000 0.358820000000000 0.360260000000000 0.367520000000000 0.386920000000000 0.436620000000000 0.458380000000000 0.467420000000000 0.474080000000000 0.488720000000000 0.533660000000000 0.557600000000000 0.571220000000000 0.579260000000000 0.595160000000000 0.614600000000000 0.621800000000000 0.659320000000000 0.674360000000000 0.674620000000000 0.679040000000000 0.714860000000000 0.728080000000000 0.760420000000000 0.765760000000000 0.771700000000000 0.847680000000000 0.881180000000000 0.892520000000000 0.895080000000000 0.904080000000000 0.912700000000000 0.921820000000000 0.929020000000000 0.931860000000000 0.937860000000000
00100100000110001011001001101101000101001100000110000
00111010000110001010001001001100000101001100000010000
00000000000110001011111001101101000101001100000010000
00000000000110001010001101001100000101001100000010000
00100100010110001011001001101101000101001100000010011
00000001001001110000000000001100000111001100000010111
11000000000110000100000010010010100000111111011001000
00000001101001110000000000001100000101001100000010011
11000000000110001010001001001100001101001100100010000
00000001101001001010001001001100010101001100000010011
