//
segsites: 46
positions: 0.029560000000000 0.033540000000000 0.065860000000000 0.091020000000000 0.120120000000000 0.161520000000000 0.231660000000000 0.270340000000000 0.294800000000000 0.342660000000000 0.365040000000000 0.421340000000000 0.432920000000000 0.436260000000000 0.446380000000000 0.462520000000000 0.467380000000000 0.478500000000000 0.478640000000000 0.504760000000000 0.507120000000000 0.540380000000000 0.555820000000000 0.616860000000000 0.655220000000000 0.670760000000000 0.675920000000000 0.685980000000000 0.708460000000000 0.724480000000000 0.745120000000000 0.761420000000000 0.762400000000000 0.770640000000000 0.772500000000000 0.778480000000000 0.780760000000000 0.793140000000000 0.804620000000000 0.826460000000000 0.828360000000000 0.885900000000000 0.901580000000000 0.962600000000000 0.966540000000000 0.982680000000000
0111110100111011101000000010000001001100111000
0111111100111000000010001001110100000100100000
1111110100111000000011001001010100000100100000
0111110100111000000110100001011100001111000001
0111110100111000000010000101000110010100100000
0111110110111100010010000001011100001111000010
0111110100111011101000000000000000001100100100
0111110110111100000010000001011100001111000010
0111110100111000000011000001010100000100111000
0111110101111011101000010000000000101100100000
