//
segsites: 33
positions: 0.006580000000000 0.012140000000000 0.016600000000000 0.100020000000000 0.103160000000000 0.159780000000000 0.194140000000000 0.222500000000000 0.330560000000000 0.337760000000000 0.388360000000000 0.434260000000000 0.446840000000000 0.468940000000000 0.484940000000000 0.493240000000000 0.542740000000000 0.563060000000000 0.594860000000000 0.599100000000000 0.612360000000000 0.723940000000000 0.815740000000000 0.816360000000000 0.818980000000000 0.832460000000000 0.849040000000000 0.860360000000000 0.865200000000000 0.889680000000000 0.890100000000000 0.921840000000000 0.955620000000000
111010001110000010000110100010000
111010001010100001011001100010000
111010001010101000011000100110000
111010001010110001011000100010000
111010011011100100011000100010010
111110001010100000011000100010000
111010001010100001011000100011001
111010011011100100111000100010100
111010001011100000011000101010000
111011101011100000011010110010000
