//
segsites: 50
positions: 0.017940000000000 0.021620000000000 0.022080000000000 0.035520000000000 0.039200000000000 0.058180000000000 0.069840000000000 0.091340000000000 0.112600000000000 0.146000000000000 0.167160000000000 0.170260000000000 0.173500000000000 0.198700000000000 0.199140000000000 0.204160000000000 0.218840000000000 0.286980000000000 0.299240000000000 0.332620000000000 0.338280000000000 0.375360000000000 0.377920000000000 0.442640000000000 0.452300000000000 0.468120000000000 0.474540000000000 0.491580000000000 0.498520000000000 0.518000000000000 0.555920000000000 0.574440000000000 0.575600000000000 0.586260000000000 0.592300000000000 0.681380000000000 0.712480000000000 0.735520000000000 0.755700000000000 0.758140000000000 0.787640000000000 0.788060000000000 0.831580000000000 0.836120000000000 0.866200000000000 0.951020000000000 0.958540000000000 0.961640000000000 0.969140000000000 0.995080000000000
01010001001010000000001010000010001001010001000000
00000010000100001010001001010010001001010001100000
00000010000100001010001001000010001001010001100000
00000010000100001000001101000010001001010001000000
10101000111001100000001000100010001001010011000000
00000000001000000000101001000010001001010001000000
10101100111001100001001000100010001001011001000000
00000010000100001100001000001001010110100100001110
01010010000100011000011001000010101001010011000000
00000010000100001000011001000110001001010000010001
