//
segsites: 53
positions: 0.004140000000000 0.010360000000000 0.021220000000000 0.024920000000000 0.029100000000000 0.029660000000000 0.038620000000000 0.041180000000000 0.075680000000000 0.101100000000000 0.158420000000000 0.180580000000000 0.200360000000000 0.221200000000000 0.221740000000000 0.269320000000000 0.269680000000000 0.276940000000000 0.283060000000000 0.319060000000000 0.327940000000000 0.336780000000000 0.341920000000000 0.344540000000000 0.347440000000000 0.405780000000000 0.420540000000000 0.441740000000000 0.458280000000000 0.489240000000000 0.515680000000000 0.535260000000000 0.548480000000000 0.573620000000000 0.584380000000000 0.587100000000000 0.587280000000000 0.590860000000000 0.605700000000000 0.649360000000000 0.649980000000000 0.724560000000000 0.794960000000000 0.813640000000000 0.822040000000000 0.829040000000000 0.836220000000000 0.837860000000000 0.903280000000000 0.907880000000000 0.909460000000000 0.919460000000000 0.941580000000000
00011111001100001000110100000110000101110000101111000
00000000110000101000110000010110000101110111000000110
00000000110000001000110000010110000101001111000000110
00010111001100010001010001000100110010001111000000111
00000000110000001000110000010110000101110000111111000
00000000110000001000110000010110000101110111000000110
11100000000001000110001010000001001000000101000000010
00000000101110010001010001101100110010001100001000110
00000000110000001000110000010110000101110000101100110
00000000110000001000110000010110000101110111000011000
