//
segsites: 55
positions: 0.016880000000000 0.017120000000000 0.021860000000000 0.035740000000000 0.054560000000000 0.058880000000000 0.087260000000000 0.092300000000000 0.121700000000000 0.162420000000000 0.184540000000000 0.215300000000000 0.218820000000000 0.233300000000000 0.250720000000000 0.283640000000000 0.290700000000000 0.303640000000000 0.322600000000000 0.340140000000000 0.345820000000000 0.367920000000000 0.394560000000000 0.405620000000000 0.409740000000000 0.426000000000000 0.427780000000000 0.432240000000000 0.441180000000000 0.483120000000000 0.486860000000000 0.513260000000000 0.514140000000000 0.536140000000000 0.563680000000000 0.607140000000000 0.623680000000000 0.627300000000000 0.643940000000000 0.667120000000000 0.690460000000000 0.702620000000000 0.720800000000000 0.804280000000000 0.811420000000000 0.821800000000000 0.878540000000000 0.899060000000000 0.935260000000000 0.949060000000000 0.956000000000000 0.977660000000000 0.979720000000000 0.986100000000000 0.987740000000000
0100001000010000101000000110000100001001000101100011100
0000000000000000010100010000000010101001001101100011100
0100001000000000101000000001010010100000000000010100001
0010000011100000101000000001010010100000000000010100001
0100001000000000000000000110000100001001110101100011100
1001010100000111100010101000100100001001000101100011100
0001010100000111100010101000100100000110110010010100001
0001010000001000101001010000000010100000000000001000010
0100001000000000000000000110010010100000000001100011100
0000100000000000000000000110001101010000000000001000000
