//
segsites: 55
positions: 0.011520000000000 0.039040000000000 0.050580000000000 0.053400000000000 0.055800000000000 0.058360000000000 0.065420000000000 0.079320000000000 0.087940000000000 0.107720000000000 0.156740000000000 0.160600000000000 0.173100000000000 0.179980000000000 0.183280000000000 0.222060000000000 0.262640000000000 0.269800000000000 0.273620000000000 0.281340000000000 0.300720000000000 0.323760000000000 0.339040000000000 0.343460000000000 0.381420000000000 0.384480000000000 0.402660000000000 0.420060000000000 0.423480000000000 0.428860000000000 0.455660000000000 0.457440000000000 0.555140000000000 0.561700000000000 0.567480000000000 0.579000000000000 0.637740000000000 0.652160000000000 0.660800000000000 0.695360000000000 0.727200000000000 0.739520000000000 0.764860000000000 0.807560000000000 0.809060000000000 0.814880000000000 0.848180000000000 0.883820000000000 0.897680000000000 0.900960000000000 0.927880000000000 0.932860000000000 0.941960000000000 0.980200000000000 0.983260000000000
0001100001101001000000000001011010000100000100000010000
0000001000011000000101010001000011000010100001100100001
0100000010001010011000101000101010111000011001000000010
0011100001101001000000000001001010000100000100000101000
0001100001101001000101010101000011000010100001000100000
0000011000101001000000000011001010000100100100000010000
0000001000011000000101010001000011000010100011000100001
1000000100000100100010000001000010100001000000011000100
0000011000011000000101010001000111000000100001000100000
0001100001101001000000000001000010100001000000011000100
