//
segsites: 56
positions: 0.048160000000000 0.050940000000000 0.059700000000000 0.089480000000000 0.111160000000000 0.123620000000000 0.128980000000000 0.129920000000000 0.145220000000000 0.150160000000000 0.155220000000000 0.259680000000000 0.284980000000000 0.305780000000000 0.325120000000000 0.339620000000000 0.343160000000000 0.353740000000000 0.364100000000000 0.396640000000000 0.397600000000000 0.427180000000000 0.435780000000000 0.437740000000000 0.465640000000000 0.467580000000000 0.479120000000000 0.488260000000000 0.506640000000000 0.508460000000000 0.516340000000000 0.516400000000000 0.531480000000000 0.580720000000000 0.600020000000000 0.618660000000000 0.629880000000000 0.650240000000000 0.651200000000000 0.661740000000000 0.665840000000000 0.670160000000000 0.678940000000000 0.693540000000000 0.710220000000000 0.736240000000000 0.770120000000000 0.778300000000000 0.828540000000000 0.837100000000000 0.841860000000000 0.852340000000000 0.889480000000000 0.961620000000000 0.976040000000000 0.989760000000000
00010100000101100000100010100100000011010110000000011001
00100000011010010000001100001001010000001000000100000000
00010100000101100000000010100100000011010110000000111001
00010100000010011100000000010000001000000000010011000010
10100000011101100001000000000000000100100000010000011001
00101000011101100000000010100100000011010110000000011001
01100000011010010000011101001011110000001000000100000000
00000001000101100000000010100100000011010110101000011101
00101000011101100010000000000000010000001001000000000000
00000010110101100000000010100100000011010110000000011001
