//
segsites: 53
positions: 0.000020000000000 0.038620000000000 0.057420000000000 0.063760000000000 0.103420000000000 0.111900000000000 0.123860000000000 0.134080000000000 0.138940000000000 0.152280000000000 0.167480000000000 0.173460000000000 0.188440000000000 0.195060000000000 0.206680000000000 0.208840000000000 0.252000000000000 0.290640000000000 0.294440000000000 0.333020000000000 0.383780000000000 0.419500000000000 0.422220000000000 0.425680000000000 0.472300000000000 0.497820000000000 0.508900000000000 0.599280000000000 0.618060000000000 0.630480000000000 0.659060000000000 0.682720000000000 0.686240000000000 0.686700000000000 0.687740000000000 0.764720000000000 0.766640000000000 0.770360000000000 0.770380000000000 0.771300000000000 0.808820000000000 0.831000000000000 0.850160000000000 0.855880000000000 0.876040000000000 0.882020000000000 0.894980000000000 0.895020000000000 0.895320000000000 0.904040000000000 0.907100000000000 0.921480000000000 0.998540000000000
10000000000010100001010000000001001000001000001101000
01000010101000001000010000000001001010001000001101000
00101100000010100001000000000001001000001000001101000
00010000000001000010100010100010000000010001011100100
10000000000010100001010000000101001000001000001101000
01000010101000001000010000000001001000001000001101000
10000000000010100001010000010001001000001010001101000
00010000000001000000000000001000100001000000100000011
00001001010110100001001000000010010100000101011110000
00000000000000010100100101000010000000100001011100100
