//
segsites: 61
positions: 0.004820000000000 0.012080000000000 0.049560000000000 0.074120000000000 0.107940000000000 0.137860000000000 0.140560000000000 0.151040000000000 0.165720000000000 0.189180000000000 0.202400000000000 0.209320000000000 0.236440000000000 0.238120000000000 0.261640000000000 0.268740000000000 0.270200000000000 0.302820000000000 0.323740000000000 0.343340000000000 0.346700000000000 0.354900000000000 0.357440000000000 0.357540000000000 0.362840000000000 0.381080000000000 0.386700000000000 0.452320000000000 0.480820000000000 0.504960000000000 0.509120000000000 0.516980000000000 0.518400000000000 0.541900000000000 0.555620000000000 0.559300000000000 0.562520000000000 0.567460000000000 0.567820000000000 0.570700000000000 0.577180000000000 0.605420000000000 0.607360000000000 0.618360000000000 0.627840000000000 0.628980000000000 0.629440000000000 0.635540000000000 0.639600000000000 0.653020000000000 0.679980000000000 0.698220000000000 0.728240000000000 0.751760000000000 0.756920000000000 0.821480000000000 0.854860000000000 0.923480000000000 0.960020000000000 0.969500000000000 0.981540000000000
0001011010111001011010000000000011000100100001011100010010010
0000000101000000000000001000011000010010000100100010010010001
0100000000000110110001110010100011100000100000000001010010001
0001011000110001011100000100000011000000101011000001010110001
1001011000110001011100000101000100000000010000000010010010001
0001011000110001011010000000000011001100100001011100010010110
0011011010111001011010000000000011000100100001011100110011010
0001011000110001011100000101000100000000010001000001010010001
0001011000110001011010000000000011001100100001011100010010110
0000100101000000000000001000011000010011000100100010011010001
