//
segsites: 72
positions: 0.046600000000000 0.062360000000000 0.073000000000000 0.073260000000000 0.091680000000000 0.107180000000000 0.129320000000000 0.133680000000000 0.135920000000000 0.171140000000000 0.174000000000000 0.181740000000000 0.183340000000000 0.183920000000000 0.186760000000000 0.192460000000000 0.193400000000000 0.209280000000000 0.231420000000000 0.248220000000000 0.251820000000000 0.252000000000000 0.254180000000000 0.277140000000000 0.280000000000000 0.285380000000000 0.338280000000000 0.355960000000000 0.392460000000000 0.422720000000000 0.431880000000000 0.439980000000000 0.451180000000000 0.476440000000000 0.482700000000000 0.487280000000000 0.502440000000000 0.540380000000000 0.544000000000000 0.563520000000000 0.577600000000000 0.601800000000000 0.606740000000000 0.623980000000000 0.625340000000000 0.645040000000000 0.662280000000000 0.683980000000000 0.692020000000000 0.698720000000000 0.702020000000000 0.725440000000000 0.737320000000000 0.764400000000000 0.772420000000000 0.781280000000000 0.849720000000000 0.850060000000000 0.853260000000000 0.855420000000000 0.856280000000000 0.857920000000000 0.863720000000000 0.884800000000000 0.885800000000000 0.888280000000000 0.896080000000000 0.940580000000000 0.947080000000000 0.960900000000000 0.963200000000000 0.980420000000000
010000000000010001000000100000000000000100101010000000010001000001001010
010000000000010011000000100000001001000100001000000100000100000010000000
001111110000000100000111001110000010001010000100100000000000000000110001
001111110110001100000001001101010000010001010000000010010010010010000000
100000110000000000111001000000000100000001001000000000000100000010000000
010000000000010001000000100000000000000100101010000000010001100001001010
001111110110001100000001001101010000010001010000000010110010010010000000
001111110100001100000001001101010000100001010000011001000000000010000000
010000110000000000000001010000100000000000010001001001000000000010000100
000000111001100000000001010000100000000000010001001000001001001101001000
