//
segsites: 88
positions: 0.016520000000000 0.021380000000000 0.028040000000000 0.037280000000000 0.046220000000000 0.049040000000000 0.055280000000000 0.060880000000000 0.071960000000000 0.097040000000000 0.102880000000000 0.110900000000000 0.115900000000000 0.139100000000000 0.157620000000000 0.161880000000000 0.171820000000000 0.195040000000000 0.209080000000000 0.237560000000000 0.245820000000000 0.248780000000000 0.259900000000000 0.260420000000000 0.267520000000000 0.270500000000000 0.284140000000000 0.341260000000000 0.349400000000000 0.349680000000000 0.354820000000000 0.364740000000000 0.378000000000000 0.396360000000000 0.410900000000000 0.444440000000000 0.445120000000000 0.448000000000000 0.454560000000000 0.463140000000000 0.467480000000000 0.474780000000000 0.476020000000000 0.476840000000000 0.479740000000000 0.490820000000000 0.500560000000000 0.508180000000000 0.532480000000000 0.535400000000000 0.558540000000000 0.561240000000000 0.580660000000000 0.581840000000000 0.598560000000000 0.599180000000000 0.619680000000000 0.640340000000000 0.646340000000000 0.652420000000000 0.653460000000000 0.668920000000000 0.672580000000000 0.699040000000000 0.719720000000000 0.720200000000000 0.729260000000000 0.736600000000000 0.748200000000000 0.749020000000000 0.759960000000000 0.764040000000000 0.770820000000000 0.809620000000000 0.827940000000000 0.858460000000000 0.859100000000000 0.863700000000000 0.867800000000000 0.903160000000000 0.908180000000000 0.914920000000000 0.915940000000000 0.946140000000000 0.954820000000000 0.960040000000000 0.967980000000000 0.981260000000000
0000001100010000100000000001000000000100001010100000000000000100000000000111000000001100
0001000000000000000000001100001000000000000000001110100110000010010000000000101110010001
0010000000001000000000001000110000000010100000010001000000000000000110010000000000100010
1000000001000000011011100000000000000000000000001000000100000010000000000000000000100010
0100100000000000000100001100001000100001000000001110100110000010010000001000000001100010
0000000100010011000000000010000101011000000000000000011000000001000110010000010000000000
0000010000000000000000000000000000000000110000000000000100000010100000000000100110000001
0001000000000100000000001000110000000000110001000001000001100010000000100000000000100010
0000000110010011000000000010000101011000000000001000000100000010000000000000000000100010
0100100000100100000000011000000010000100100100000000010001011000001001000000101110010001
