//
segsites: 68
positions: 0.010860000000000 0.013360000000000 0.057580000000000 0.063420000000000 0.082160000000000 0.087280000000000 0.110660000000000 0.120460000000000 0.129580000000000 0.140900000000000 0.173120000000000 0.184740000000000 0.197360000000000 0.218740000000000 0.239060000000000 0.283820000000000 0.287120000000000 0.307580000000000 0.315060000000000 0.335620000000000 0.350140000000000 0.379300000000000 0.387060000000000 0.414840000000000 0.469260000000000 0.480560000000000 0.482380000000000 0.488100000000000 0.500240000000000 0.517700000000000 0.567460000000000 0.588680000000000 0.621720000000000 0.675420000000000 0.691460000000000 0.694640000000000 0.695460000000000 0.706120000000000 0.706120000000000 0.706800000000000 0.707260000000000 0.709520000000000 0.710320000000000 0.763240000000000 0.775400000000000 0.786620000000000 0.808360000000000 0.812480000000000 0.818700000000000 0.841400000000000 0.844140000000000 0.846300000000000 0.859720000000000 0.861160000000000 0.871300000000000 0.874260000000000 0.876780000000000 0.887980000000000 0.902140000000000 0.907400000000000 0.912960000000000 0.915580000000000 0.924080000000000 0.941260000000000 0.971660000000000 0.974220000000000 0.975520000000000 0.989140000000000
00100000010000001000000000001001000000110010110000110100000100000000
00100000010010110100000011000011010110011000100000010000000100000000
01000110100001000010001100100000000001000000000000000011001000010000
00100001010010110100000011000010000001000001000100000000100011101001
00010000000100000000010000010000100001000001000000000000100011001001
01000110100001000010001100100000000001000000000001000010001000010000
01001100101000000000000000010000000001000001000100000000100011001001
10000000000000001001100000000101001000000101000010000000000000000000
01001100100001000010001100000000000001000000001000001000010000000110
00010000000100000000010000010000100001000001000000000000100011001001
