//
segsites: 61
positions: 0.008920000000000 0.029060000000000 0.050240000000000 0.074840000000000 0.077440000000000 0.094160000000000 0.103360000000000 0.104620000000000 0.125660000000000 0.131100000000000 0.160480000000000 0.182880000000000 0.185180000000000 0.203140000000000 0.213260000000000 0.237560000000000 0.247200000000000 0.279920000000000 0.296900000000000 0.304160000000000 0.308440000000000 0.308800000000000 0.316300000000000 0.318860000000000 0.372420000000000 0.379020000000000 0.379180000000000 0.390320000000000 0.400620000000000 0.471500000000000 0.488880000000000 0.497200000000000 0.501900000000000 0.503320000000000 0.518480000000000 0.529120000000000 0.668860000000000 0.675180000000000 0.698720000000000 0.707780000000000 0.726480000000000 0.728420000000000 0.739020000000000 0.759820000000000 0.763040000000000 0.779760000000000 0.786360000000000 0.818740000000000 0.838800000000000 0.866020000000000 0.881900000000000 0.886340000000000 0.892000000000000 0.912700000000000 0.917160000000000 0.922440000000000 0.930240000000000 0.933680000000000 0.981300000000000 0.988920000000000 0.994180000000000
0000000001001100001100000100000000000000000100100101000000110
1010100000011000010000100011000100000000000001010000000000000
0000011010001011001100000000000000000000000001010000000001000
0000011010001011001100000000011000111010100010000000000000000
0001011010101011001100010000000000000000000001010000101000000
0110100100001000010000001000100011000101001000010011010000000
0000011010001011001100000000000000000000000001010000000000000
0001011010001011001100000000011000111000100010000000000110001
0000000001001100101011000000000001000100010000001101000000000
0000011010001011001100000000000000000000000001010000000001000
