//
segsites: 45
positions: 0.018080000000000 0.019380000000000 0.029920000000000 0.088600000000000 0.111000000000000 0.161120000000000 0.173840000000000 0.209900000000000 0.210840000000000 0.220120000000000 0.227280000000000 0.278480000000000 0.328860000000000 0.347240000000000 0.398680000000000 0.409140000000000 0.425700000000000 0.455620000000000 0.472620000000000 0.494000000000000 0.536060000000000 0.538340000000000 0.541300000000000 0.589040000000000 0.603140000000000 0.632960000000000 0.636480000000000 0.646020000000000 0.691500000000000 0.700780000000000 0.718040000000000 0.724980000000000 0.772100000000000 0.783880000000000 0.806340000000000 0.808740000000000 0.826580000000000 0.859400000000000 0.872060000000000 0.883980000000000 0.917760000000000 0.945940000000000 0.988540000000000 0.997280000000000 0.997960000000000
000011101111001000000000101100100000111001000
000111101111001000000000101000100000110010000
000011101111001000000000101010100000110000111
100000000000111111111111000001011010000100000
010000000000111001110111010001010000110010000
000100010000111111111111000001011010000100000
001001101111001000000000101000100100000101000
000011101111001000000000101000100001110000111
001001101111001000000000101000100100000101000
000000000000111111111111000001010000000000000
