//
segsites: 66
positions: 0.068840000000000 0.072360000000000 0.093840000000000 0.096600000000000 0.101060000000000 0.105520000000000 0.106720000000000 0.125300000000000 0.127860000000000 0.160980000000000 0.161420000000000 0.171760000000000 0.179300000000000 0.190520000000000 0.202300000000000 0.216020000000000 0.221860000000000 0.238160000000000 0.256140000000000 0.263480000000000 0.277940000000000 0.285240000000000 0.292100000000000 0.294240000000000 0.294320000000000 0.327260000000000 0.340240000000000 0.349580000000000 0.386760000000000 0.398960000000000 0.437980000000000 0.450720000000000 0.453040000000000 0.484860000000000 0.488340000000000 0.521560000000000 0.557620000000000 0.558800000000000 0.604020000000000 0.611100000000000 0.621040000000000 0.631640000000000 0.659460000000000 0.727960000000000 0.755840000000000 0.764860000000000 0.769040000000000 0.770660000000000 0.778660000000000 0.792040000000000 0.807300000000000 0.846440000000000 0.846540000000000 0.867840000000000 0.882800000000000 0.909400000000000 0.910160000000000 0.923840000000000 0.937280000000000 0.962800000000000 0.964600000000000 0.967300000000000 0.970040000000000 0.984760000000000 0.990940000000000 0.999660000000000
100011010101001000100000000100010100000100001010001011110001001000
011000000011000000000101101000010001101000010001010000001000010000
000000000000001000100000001000010001110000010001010000001000010000
000100101000010000001100000100011010100000010001010100000100000100
000000000101000000000101110010000000100010010001010000000010100010
011000000000000010000100000010010000000100000010101011100001001000
011000000000100011000100000010000000100001010101010000000010100010
000010000000100010000100000010000000100000110101010011100001001000
000000000101000100010010110001100000100000010001010000000000100001
011000000011000000000101101000010001101000010001010000001000010000
