//
segsites: 41
positions: 0.001660000000000 0.014300000000000 0.028200000000000 0.039580000000000 0.124020000000000 0.152740000000000 0.162120000000000 0.252400000000000 0.270620000000000 0.287440000000000 0.288980000000000 0.302140000000000 0.317320000000000 0.346320000000000 0.350300000000000 0.410520000000000 0.421680000000000 0.441660000000000 0.475820000000000 0.521660000000000 0.523660000000000 0.540880000000000 0.589840000000000 0.603100000000000 0.604380000000000 0.654540000000000 0.657440000000000 0.679600000000000 0.688300000000000 0.708960000000000 0.741520000000000 0.747560000000000 0.760000000000000 0.797600000000000 0.800320000000000 0.814320000000000 0.839920000000000 0.843220000000000 0.903320000000000 0.907400000000000 0.988180000000000
00011001000100100100110000000001100000010
00001001000100100100110000001001100100000
00011110100010100101100000001001100000100
00011001000100100100110000000011100000010
11001001001101101000001010110000000000000
00011110100010001010000100000100010011010
00011110100010011010000000000100010011010
10101001010100101010000000000000000000000
00001001000100100100100000000001100000001
00011110000010001010100001001001101000000
