//
segsites: 59
positions: 0.010860000000000 0.027720000000000 0.046500000000000 0.048180000000000 0.057780000000000 0.060380000000000 0.069920000000000 0.080400000000000 0.095100000000000 0.101240000000000 0.122820000000000 0.124240000000000 0.125220000000000 0.144020000000000 0.193420000000000 0.218900000000000 0.219260000000000 0.232120000000000 0.243380000000000 0.249280000000000 0.258740000000000 0.266200000000000 0.276260000000000 0.306700000000000 0.314220000000000 0.345520000000000 0.411180000000000 0.415460000000000 0.416200000000000 0.465500000000000 0.497040000000000 0.505100000000000 0.513400000000000 0.517220000000000 0.525020000000000 0.619700000000000 0.624500000000000 0.641780000000000 0.663080000000000 0.672440000000000 0.686520000000000 0.715780000000000 0.725380000000000 0.726140000000000 0.735140000000000 0.738140000000000 0.742040000000000 0.744140000000000 0.786120000000000 0.815460000000000 0.859300000000000 0.864980000000000 0.914520000000000 0.914560000000000 0.917440000000000 0.918460000000000 0.953600000000000 0.959800000000000 0.982140000000000
01001011000011010001000100100100111010000000010100001000110
00100010010101000110000110001000000100000100000100111001000
00100010010101000110000110001000000100110100000100001000010
00100010010101001110000110001000000100010100000100001000010
01000011001000100100000100010000000000000100000100001000010
10010000100000000000111101000000000000000000101011000110001
00010000100000000000010101000001000010000100000100111001000
00010100100000000000110101000000000001001011000000000000000
01001011000011010001000100100100110010000000010100001000010
01001011000011010001000100100110110010000000010100001000010
