//
segsites: 40
positions: 0.049660000000000 0.050060000000000 0.078060000000000 0.093540000000000 0.122820000000000 0.138440000000000 0.168620000000000 0.295300000000000 0.319300000000000 0.347460000000000 0.370460000000000 0.399080000000000 0.445060000000000 0.449420000000000 0.481800000000000 0.528220000000000 0.545920000000000 0.571420000000000 0.595000000000000 0.622300000000000 0.637200000000000 0.648040000000000 0.656980000000000 0.729000000000000 0.757460000000000 0.760860000000000 0.829900000000000 0.858200000000000 0.896520000000000 0.899100000000000 0.924480000000000 0.927200000000000 0.929060000000000 0.936740000000000 0.946180000000000 0.961260000000000 0.966320000000000 0.977640000000000 0.988160000000000 0.996580000000000
1010010101101111001001000100000110100001
1010001001101011110010100100000100000000
0001001001101011110010100101001000001010
1010000101101011001001001010110000010100
1010100001101011110010100100000101000000
1110001001101011001101000100000100010000
1010000011101011110010100100000100000000
1010100011101011110010100100000100000000
1010001001111011110010110100000100000000
1010100001101011110010100100000101000000
