//
segsites: 54
positions: 0.029340000000000 0.054020000000000 0.110240000000000 0.177600000000000 0.251220000000000 0.258900000000000 0.259340000000000 0.260680000000000 0.280600000000000 0.280640000000000 0.293120000000000 0.309020000000000 0.335900000000000 0.346760000000000 0.358900000000000 0.359140000000000 0.410220000000000 0.414600000000000 0.419920000000000 0.425980000000000 0.436740000000000 0.451460000000000 0.484320000000000 0.541580000000000 0.547980000000000 0.587720000000000 0.597960000000000 0.607000000000000 0.607320000000000 0.639520000000000 0.644320000000000 0.655140000000000 0.717280000000000 0.746420000000000 0.761820000000000 0.776180000000000 0.777640000000000 0.793440000000000 0.810200000000000 0.813440000000000 0.823280000000000 0.832760000000000 0.837700000000000 0.844680000000000 0.859780000000000 0.862760000000000 0.870360000000000 0.918140000000000 0.921040000000000 0.931440000000000 0.959720000000000 0.966040000000000 0.975540000000000 0.997820000000000
110000100010011010000101000110000000100000010010000000
100000100010011010100101000110000000100000000010000000
000000001100010110000100110001000000000100000000000010
001010000000110010010100100001001100000011000010000000
100001000101010010000100100001001010001000101001101000
100101000101000000001000001010010010000000000110010001
001010010000010010000100110001000001010100000000000010
001010000000010010010110100001001100000011000000001000
001000001100010011000100100001100001010100000000000010
000000001100010110000100100001000000010100000000000110
