//
segsites: 31
positions: 0.007360000000000 0.023620000000000 0.037900000000000 0.040660000000000 0.105840000000000 0.159860000000000 0.166040000000000 0.238680000000000 0.248400000000000 0.263540000000000 0.316940000000000 0.330260000000000 0.347380000000000 0.350000000000000 0.357540000000000 0.368580000000000 0.412500000000000 0.414680000000000 0.442400000000000 0.444120000000000 0.550260000000000 0.553600000000000 0.581940000000000 0.801220000000000 0.815800000000000 0.845700000000000 0.853540000000000 0.860040000000000 0.861920000000000 0.883320000000000 0.898260000000000
1010010000000100001010100010011
0101100100100000001010001000100
0101100100100001010101010000000
0000001011010000001010001110010
0101100100100011110101010000010
0000001011010000001010010001000
0101100100100001010101010000000
0000001011010000001010001110010
0000001011010000001010010001000
0000001011011000001010001110010
