//
segsites: 61
positions: 0.034780000000000 0.039740000000000 0.076640000000000 0.076860000000000 0.088960000000000 0.093020000000000 0.093340000000000 0.106500000000000 0.119960000000000 0.156500000000000 0.164460000000000 0.180680000000000 0.187840000000000 0.204440000000000 0.207780000000000 0.213700000000000 0.245540000000000 0.258060000000000 0.258320000000000 0.278080000000000 0.296500000000000 0.300640000000000 0.338600000000000 0.339160000000000 0.349220000000000 0.389480000000000 0.413720000000000 0.439300000000000 0.444620000000000 0.444920000000000 0.457220000000000 0.467620000000000 0.513460000000000 0.540340000000000 0.565420000000000 0.573140000000000 0.607200000000000 0.636100000000000 0.639420000000000 0.689180000000000 0.694360000000000 0.700360000000000 0.754920000000000 0.766700000000000 0.770560000000000 0.777260000000000 0.781880000000000 0.786260000000000 0.811120000000000 0.818240000000000 0.823800000000000 0.834240000000000 0.852980000000000 0.900180000000000 0.906060000000000 0.939160000000000 0.945900000000000 0.960860000000000 0.969240000000000 0.982060000000000 0.994660000000000
0110001000100001100001011000000010100110001100001011000000011
0010010000000000100000101010001001011000000000110000000000011
0110000000100001100001011000001001011001000000110000000000011
0010010000000000100110101010001001011000000000110000000000110
0000100111000100001000001001001000000000000100001011010111000
0010010000000000100010101010001001011000000000110000000000110
0110010000000010110000101010001001011000010011000100100000010
0001100111001100001000001101011010000110100100001011010111000
1010010000000010100000101010001001011000000000110000001000010
0000100111010100001000001000100100000000000100001011010111000
