//
segsites: 38
positions: 0.022440000000000 0.080020000000000 0.096700000000000 0.100160000000000 0.102480000000000 0.109060000000000 0.115840000000000 0.160140000000000 0.239880000000000 0.269060000000000 0.270320000000000 0.282240000000000 0.284940000000000 0.303220000000000 0.307360000000000 0.325720000000000 0.339780000000000 0.342560000000000 0.349220000000000 0.408800000000000 0.421660000000000 0.423660000000000 0.428260000000000 0.452940000000000 0.493220000000000 0.501040000000000 0.513000000000000 0.518900000000000 0.550820000000000 0.554080000000000 0.565180000000000 0.567320000000000 0.600480000000000 0.625020000000000 0.638400000000000 0.734660000000000 0.806700000000000 0.984220000000000
01010000100001000000011100110100110010
01000000100001000000111100110100110010
01100000100001100000011100110100100010
01000000100001000000011100110100110010
00001100000000001110000001000001001101
10000000001010001110000001000011001100
01000000100001000000011100110100100010
01000011010101010001000010001100000010
00001100000000001110000001000001001101
00001100000000001110000001000001001010
