//
segsites: 51
positions: 0.009280000000000 0.053320000000000 0.081640000000000 0.093600000000000 0.149560000000000 0.158220000000000 0.166340000000000 0.187720000000000 0.199360000000000 0.213700000000000 0.219040000000000 0.231200000000000 0.236360000000000 0.278740000000000 0.316960000000000 0.356460000000000 0.390620000000000 0.398980000000000 0.469200000000000 0.500180000000000 0.500220000000000 0.513760000000000 0.515200000000000 0.526320000000000 0.532140000000000 0.532980000000000 0.539180000000000 0.548480000000000 0.574560000000000 0.582560000000000 0.614620000000000 0.628780000000000 0.643500000000000 0.667240000000000 0.673440000000000 0.707360000000000 0.719440000000000 0.730200000000000 0.778540000000000 0.796840000000000 0.820140000000000 0.824600000000000 0.829300000000000 0.878260000000000 0.886660000000000 0.897460000000000 0.908000000000000 0.920060000000000 0.957440000000000 0.985400000000000 0.996780000000000
000001100001000100100010000011100000001001000001000
000100000001011100000010000011000010000011000010000
000000011000000000011000001000000001000011000010000
101010000000100100011000001000000001000001000010001
001010000111011000000001101000000100110100111000110
010000011000000000011000011000000001000011000110000
000000011000000000011000001000000001000011000010000
000001100001000100000010000011000100110100100000000
000000011000000000011000001000000001000011000010000
000000000001011011000100000100011000100100000000000
