//
segsites: 74
positions: 0.000480000000000 0.003360000000000 0.003640000000000 0.014960000000000 0.019380000000000 0.021800000000000 0.045040000000000 0.056080000000000 0.066480000000000 0.091580000000000 0.128880000000000 0.138020000000000 0.150980000000000 0.162100000000000 0.173320000000000 0.178820000000000 0.197340000000000 0.203880000000000 0.213020000000000 0.231980000000000 0.235160000000000 0.236300000000000 0.237320000000000 0.238100000000000 0.243500000000000 0.251840000000000 0.259440000000000 0.282180000000000 0.289880000000000 0.301700000000000 0.332120000000000 0.365500000000000 0.372080000000000 0.383940000000000 0.400520000000000 0.407360000000000 0.420540000000000 0.442500000000000 0.458580000000000 0.471760000000000 0.507800000000000 0.579980000000000 0.585880000000000 0.620820000000000 0.633900000000000 0.636220000000000 0.636400000000000 0.642540000000000 0.643820000000000 0.653780000000000 0.662080000000000 0.668740000000000 0.671460000000000 0.699300000000000 0.712000000000000 0.718260000000000 0.719300000000000 0.724820000000000 0.740720000000000 0.775660000000000 0.793700000000000 0.801120000000000 0.832240000000000 0.838320000000000 0.862820000000000 0.872320000000000 0.879060000000000 0.889620000000000 0.898200000000000 0.899140000000000 0.919220000000000 0.923080000000000 0.926220000000000 0.998860000000000
00100011111101001100000000110000000000000101000100001100110000000011000010
00001100000010010010101000001000110101010101000000001100110000000011000010
10000000000000000001000001000011100010000010001001001001010100000000000000
00100011111101001100000000110000000000000101000000001100110000000011000010
10010000000000100000010110000000100100001000100000110010000010000100010100
01000000000010000000101000001100101100100000011010001000011000110011001010
10000000000000000001000001000011100010000010001001001001010000000000000000
01000000000000000001000001000011100010000010001001001001010000000000000000
01000000000010000000101000001000101100000000011010001000011001111011100001
01000000000010000000101000001000101100000000011010001000011000111011100001
