//
segsites: 67
positions: 0.022500000000000 0.023000000000000 0.031660000000000 0.051360000000000 0.059560000000000 0.072160000000000 0.094300000000000 0.102360000000000 0.110360000000000 0.141220000000000 0.145740000000000 0.151820000000000 0.154280000000000 0.157000000000000 0.179940000000000 0.200920000000000 0.208640000000000 0.213620000000000 0.233360000000000 0.281380000000000 0.286500000000000 0.292920000000000 0.319380000000000 0.337220000000000 0.367640000000000 0.399200000000000 0.402940000000000 0.407920000000000 0.410080000000000 0.412300000000000 0.432100000000000 0.454680000000000 0.459440000000000 0.464480000000000 0.490940000000000 0.512420000000000 0.516900000000000 0.517900000000000 0.549580000000000 0.553640000000000 0.555920000000000 0.561780000000000 0.564460000000000 0.592560000000000 0.632760000000000 0.643740000000000 0.647660000000000 0.656420000000000 0.660060000000000 0.692180000000000 0.700880000000000 0.713580000000000 0.718940000000000 0.733340000000000 0.739080000000000 0.776760000000000 0.778940000000000 0.787400000000000 0.789880000000000 0.824160000000000 0.858380000000000 0.878300000000000 0.906440000000000 0.921580000000000 0.966180000000000 0.966340000000000 0.999500000000000
0101110100000010000000000001000010010000000001000010001100000010000
0101100100000011011000000010100001000000000000010001000000000000110
0010000000000100000000100000011100001010000010001000010001000000000
0100001000010000000100000100000000000111101110000010001100000010000
0101100100000001011000000010000000000000000000000001000000000001110
0101110100000010100011011000000000000000010000100010001010000000000
0010000000000100000000100000011100001010000010001000010000101010000
0010000000000100000000100000011100100000010000000010101010000100001
0010000000100100000100000000000000100000010000000110001000010000000
1000000011001001011000000010100000000000000000000001000000000000110
