//
segsites: 57
positions: 0.012360000000000 0.015620000000000 0.023460000000000 0.040180000000000 0.040180000000000 0.041240000000000 0.054360000000000 0.072700000000000 0.078620000000000 0.157780000000000 0.204800000000000 0.209960000000000 0.242780000000000 0.244900000000000 0.265620000000000 0.270320000000000 0.311780000000000 0.353580000000000 0.357060000000000 0.374400000000000 0.381500000000000 0.384120000000000 0.397500000000000 0.399260000000000 0.408640000000000 0.414780000000000 0.424440000000000 0.434040000000000 0.441360000000000 0.462580000000000 0.477080000000000 0.480120000000000 0.481640000000000 0.494500000000000 0.503060000000000 0.504740000000000 0.509900000000000 0.512040000000000 0.523020000000000 0.563520000000000 0.579760000000000 0.591420000000000 0.601040000000000 0.603480000000000 0.612880000000000 0.652240000000000 0.671680000000000 0.682020000000000 0.689680000000000 0.725740000000000 0.786580000000000 0.791040000000000 0.890620000000000 0.892760000000000 0.900400000000000 0.935320000000000 0.962080000000000
000100010001000100000000000100000000001010100010001000000
000100000010010000000000101000000000010000100010001000000
100011101100000000101000001001001110000000100001110100101
000100000100000001000000000100010000100101010100000000000
000100000100000000000110101010100000000000001010000000010
100011101000100000000001000000100000000000001000001000000
100011101000100000000001000000100000000000001000000011000
000100000010010000010000111000000001010000100010001000000
001100000010011010000000101000000001010000100010001000000
010100001100000000101000001001001110000000100001110100001
