//
segsites: 45
positions: 0.001040000000000 0.008420000000000 0.065700000000000 0.083240000000000 0.120360000000000 0.191400000000000 0.205960000000000 0.230680000000000 0.285420000000000 0.317380000000000 0.328200000000000 0.348360000000000 0.351940000000000 0.352920000000000 0.353140000000000 0.362620000000000 0.441160000000000 0.463280000000000 0.466060000000000 0.466440000000000 0.489420000000000 0.513900000000000 0.516600000000000 0.522720000000000 0.540400000000000 0.574520000000000 0.599940000000000 0.605680000000000 0.632560000000000 0.668220000000000 0.697380000000000 0.707320000000000 0.719700000000000 0.729320000000000 0.735340000000000 0.747640000000000 0.767760000000000 0.847300000000000 0.865160000000000 0.894160000000000 0.928440000000000 0.935940000000000 0.942000000000000 0.978560000000000 0.979840000000000
100110000101000000100010000000000001011100000
100110000001000000100010000001010000100100001
100110100001100000100010000001010000100110001
100110011000000011000100001000000000000101100
100110001000000011000100001000001000000100000
100110000001100000100010000001010000100100001
011001000010011100011000110100100010000100010
100110000001100000100010000001010000100100001
100110000001000000100010000001010000100100001
100110000001000000100011000010100100000000000
