//
segsites: 57
positions: 0.011560000000000 0.026840000000000 0.031440000000000 0.071220000000000 0.107440000000000 0.117700000000000 0.137480000000000 0.155100000000000 0.183720000000000 0.186580000000000 0.204480000000000 0.208400000000000 0.209960000000000 0.252160000000000 0.253880000000000 0.265260000000000 0.305320000000000 0.321480000000000 0.353180000000000 0.361480000000000 0.364200000000000 0.369080000000000 0.369220000000000 0.386320000000000 0.400840000000000 0.418840000000000 0.420060000000000 0.427660000000000 0.470500000000000 0.491360000000000 0.494020000000000 0.499960000000000 0.500480000000000 0.523880000000000 0.527240000000000 0.547500000000000 0.571660000000000 0.572860000000000 0.590000000000000 0.650880000000000 0.657040000000000 0.692820000000000 0.710520000000000 0.728100000000000 0.752320000000000 0.754180000000000 0.758380000000000 0.760480000000000 0.813480000000000 0.856140000000000 0.856180000000000 0.870560000000000 0.873720000000000 0.907680000000000 0.964460000000000 0.972000000000000 0.992520000000000
001100011100010100000100010000010000100111000001000110100
010011100100101000000011100110001011000000110000000100000
100000000010000001000000100001000100001000010000110001010
100000000000000001000000100001000100001000010000010001000
000100000000000001000000100001000100001000010000001100000
000100011100010100001100000000000000000100000000010001010
100000000000000001100000000000010000110110000101000100000
000011001001000010110000001000100000000000001010010001010
000011001001000010110000001000100000000000001010010001010
001100011100010100000100000000000000000100000000010001011
