//
segsites: 39
positions: 0.051000000000000 0.070180000000000 0.089640000000000 0.090700000000000 0.124960000000000 0.134680000000000 0.183860000000000 0.198560000000000 0.207740000000000 0.243460000000000 0.345800000000000 0.394540000000000 0.399940000000000 0.408240000000000 0.411140000000000 0.420460000000000 0.429400000000000 0.436780000000000 0.445540000000000 0.520800000000000 0.544980000000000 0.579420000000000 0.592640000000000 0.606060000000000 0.618480000000000 0.623020000000000 0.627580000000000 0.652700000000000 0.703160000000000 0.721200000000000 0.765320000000000 0.777000000000000 0.837800000000000 0.844900000000000 0.890160000000000 0.907680000000000 0.923460000000000 0.928160000000000 0.977880000000000
000000101000011101010000000101000110110
110110000011000111101000001010101010111
110110000010011101010100010101000100010
111111000100111101010010000101010101010
000000110011000101101000001010001000000
000000101000011101001001001010101010111
110110000010011101010100010101000100010
000000110011000101101000001010001000000
110110000100011101010000100101000100010
110110000010011101010100010101000100010
