//
segsites: 64
positions: 0.012220000000000 0.024200000000000 0.025480000000000 0.056860000000000 0.086160000000000 0.093640000000000 0.093780000000000 0.111700000000000 0.157100000000000 0.176580000000000 0.204280000000000 0.205140000000000 0.213680000000000 0.218760000000000 0.239100000000000 0.250020000000000 0.288020000000000 0.298940000000000 0.313540000000000 0.318820000000000 0.338260000000000 0.356200000000000 0.377200000000000 0.397900000000000 0.431740000000000 0.441020000000000 0.441780000000000 0.462860000000000 0.464520000000000 0.483580000000000 0.512300000000000 0.546460000000000 0.558300000000000 0.582000000000000 0.610620000000000 0.622680000000000 0.631900000000000 0.643820000000000 0.645520000000000 0.654020000000000 0.687240000000000 0.689600000000000 0.702780000000000 0.762360000000000 0.779520000000000 0.789900000000000 0.818040000000000 0.820000000000000 0.836180000000000 0.877120000000000 0.878800000000000 0.889960000000000 0.907000000000000 0.914560000000000 0.916960000000000 0.928220000000000 0.947400000000000 0.949040000000000 0.961560000000000 0.972260000000000 0.982820000000000 0.984760000000000 0.986480000000000 0.988280000000000
0000100101100101010000001010000100001010000000001000000010000000
0000100000001010000000100000101000001010000000001000001010010000
0000000000000010000001000000000101000000001000011100110010100000
0000000001110101010000001010000101000000000000001001000010000000
0001001000100100000011010110000100010000000000100000000000000110
0000000000000010001001000000010010101111000110000000000010000000
0000000011100101110000001010000101000010000000001000001010000000
1010010101100101010000001011000000000000110001000000000100001001
1110010101100101010000001010000101000000001000011000010010100000
0001001000100100000100010110000010001010000010000010000001000000
