//
segsites: 54
positions: 0.039020000000000 0.045120000000000 0.055260000000000 0.063420000000000 0.065440000000000 0.080880000000000 0.095120000000000 0.123980000000000 0.124900000000000 0.151440000000000 0.155440000000000 0.161620000000000 0.168420000000000 0.175460000000000 0.182080000000000 0.192720000000000 0.194580000000000 0.223220000000000 0.225360000000000 0.227900000000000 0.231920000000000 0.253620000000000 0.263840000000000 0.282020000000000 0.302000000000000 0.313700000000000 0.328120000000000 0.340760000000000 0.399320000000000 0.411280000000000 0.414880000000000 0.419560000000000 0.423740000000000 0.434120000000000 0.480600000000000 0.499060000000000 0.611260000000000 0.612900000000000 0.630500000000000 0.647980000000000 0.664240000000000 0.664880000000000 0.710020000000000 0.737960000000000 0.747920000000000 0.758640000000000 0.802240000000000 0.870220000000000 0.881500000000000 0.881840000000000 0.901340000000000 0.902340000000000 0.944200000000000 0.963340000000000
000000000110000000100100000001000010000011000000100100
000010000001010001010000000000001000000011000000000100
000000000100010010000001000010000000000101110001000100
000010000001010001001000000000001000000011000000000100
101101001000111000000010011100100000000001001000000101
110000110100000100000000000000001000000011000000100100
000000000100000100000000000000001001101001000100001000
000000000100000100000000000000010100010001001011010110
110000100100000100000000000000001000000011000000100100
101100001000011000000010111100001000000101110001000100
