//
segsites: 53
positions: 0.010980000000000 0.065840000000000 0.120640000000000 0.155220000000000 0.167080000000000 0.196420000000000 0.212860000000000 0.213120000000000 0.226140000000000 0.250820000000000 0.251460000000000 0.258500000000000 0.270960000000000 0.278980000000000 0.286200000000000 0.290220000000000 0.295740000000000 0.349280000000000 0.369600000000000 0.429260000000000 0.431720000000000 0.432580000000000 0.440740000000000 0.475280000000000 0.497800000000000 0.523920000000000 0.549360000000000 0.549440000000000 0.555120000000000 0.579220000000000 0.586300000000000 0.596960000000000 0.609960000000000 0.627180000000000 0.654560000000000 0.674780000000000 0.697440000000000 0.722540000000000 0.733820000000000 0.739380000000000 0.741200000000000 0.749540000000000 0.780080000000000 0.804580000000000 0.853860000000000 0.883300000000000 0.883580000000000 0.898320000000000 0.904260000000000 0.904880000000000 0.932400000000000 0.933340000000000 0.999020000000000
00000001000100000000110001000001110000010010000010000
10000000100000111000010110000001110000110010110000110
10000000100000111000010110000000100010001100000000000
00010010001001100000110001010001110100010010000000000
00101101000000000010010000100110100001000000000000101
01010000110000000000000001000000100010000000011001100
00010010001011100000110001000001111000010010000010000
00000001000100000001001000001000100000001101000100000
00010010001001100100110001000001110000010010000000000
01010000110000000000000001000000100010000000011001100
