//
segsites: 60
positions: 0.076960000000000 0.089340000000000 0.089460000000000 0.118320000000000 0.118520000000000 0.139560000000000 0.164920000000000 0.177280000000000 0.201820000000000 0.228720000000000 0.231060000000000 0.301160000000000 0.323720000000000 0.357740000000000 0.360520000000000 0.375280000000000 0.376020000000000 0.423580000000000 0.445580000000000 0.450620000000000 0.492540000000000 0.503120000000000 0.537320000000000 0.541580000000000 0.548400000000000 0.548740000000000 0.552840000000000 0.559660000000000 0.563720000000000 0.581600000000000 0.582680000000000 0.590300000000000 0.599340000000000 0.617560000000000 0.645080000000000 0.648620000000000 0.651940000000000 0.655980000000000 0.668360000000000 0.670340000000000 0.679060000000000 0.702960000000000 0.708300000000000 0.756700000000000 0.766520000000000 0.780040000000000 0.793940000000000 0.803420000000000 0.808620000000000 0.811200000000000 0.827640000000000 0.838480000000000 0.857420000000000 0.892900000000000 0.897000000000000 0.900260000000000 0.935240000000000 0.952380000000000 0.960220000000000 0.977840000000000
010000010011101001101001110100011000000010000001100110100000
001000010001001001100100001001000100000001000000000001000100
000011101000000100010010000010010000010000000001100100000000
010000010011101000010000001001000000000001000000000001000000
000110101000000100010010000010010000000000111000000000010010
000000010000000110010010000010010010000000111000000000000000
000011101000000100010010000010010000010000000001100100000000
000000010100010110010010000000010001101100000000011000000000
100010101000000100010010000010110000000000111000100100001001
010000010011101001100001110000011000000010000110000000000000
