//
segsites: 31
positions: 0.034740000000000 0.048540000000000 0.064100000000000 0.077220000000000 0.098860000000000 0.101480000000000 0.242760000000000 0.294180000000000 0.310900000000000 0.330460000000000 0.340660000000000 0.357200000000000 0.441860000000000 0.477420000000000 0.514760000000000 0.544260000000000 0.544980000000000 0.568520000000000 0.598760000000000 0.645960000000000 0.659120000000000 0.687140000000000 0.726060000000000 0.742340000000000 0.749220000000000 0.751520000000000 0.795620000000000 0.874660000000000 0.885220000000000 0.911080000000000 0.953240000000000
1000011011000010000000101100011
1001000110011101010001000001110
1000011000100000101111000011110
0000110000100000101101000011110
0101000110011100001101000011110
1000011011000010000000101100011
0111000110011100000000111100011
1000011011000000101101000011110
1000011011000010000000101100011
0101000110011100001101000011110
