//
segsites: 44
positions: 0.002700000000000 0.043300000000000 0.050540000000000 0.068400000000000 0.070600000000000 0.071420000000000 0.141000000000000 0.156760000000000 0.162560000000000 0.177400000000000 0.230460000000000 0.240200000000000 0.242780000000000 0.249020000000000 0.274200000000000 0.301980000000000 0.306580000000000 0.307220000000000 0.314040000000000 0.325160000000000 0.347760000000000 0.348620000000000 0.352920000000000 0.367560000000000 0.407860000000000 0.420980000000000 0.453280000000000 0.476100000000000 0.542460000000000 0.665780000000000 0.670060000000000 0.728720000000000 0.756340000000000 0.757300000000000 0.780340000000000 0.813260000000000 0.880560000000000 0.899140000000000 0.899780000000000 0.926140000000000 0.926260000000000 0.960480000000000 0.982540000000000 0.993240000000000
01110100101100000010101001100100110001001000
01111100100110010000001010000000000110100000
11000101010100010000001010000101010001001001
11000100010100010000001010001100010001001001
01110100101100000010001101000100010001001001
01110100101100000010101001100100110001001100
11000100010100010100001010000100010001001001
01000110000001101001010000010000001000010010
11000100010100010000001010000110010001001001
01110100101100000010001001000100000000010000
