//
segsites: 56
positions: 0.004220000000000 0.022780000000000 0.032460000000000 0.032580000000000 0.046900000000000 0.046980000000000 0.063620000000000 0.066880000000000 0.070600000000000 0.081540000000000 0.098580000000000 0.134260000000000 0.137420000000000 0.140780000000000 0.162720000000000 0.169580000000000 0.188600000000000 0.234340000000000 0.243320000000000 0.253480000000000 0.280780000000000 0.284000000000000 0.313460000000000 0.323860000000000 0.389300000000000 0.394360000000000 0.414300000000000 0.416000000000000 0.417140000000000 0.418380000000000 0.423900000000000 0.429920000000000 0.431140000000000 0.444980000000000 0.504580000000000 0.516300000000000 0.568820000000000 0.599140000000000 0.603580000000000 0.604840000000000 0.609580000000000 0.617680000000000 0.629460000000000 0.664580000000000 0.669700000000000 0.673040000000000 0.685860000000000 0.687100000000000 0.701780000000000 0.727640000000000 0.730240000000000 0.739520000000000 0.786960000000000 0.976300000000000 0.991020000000000 0.996800000000000
10100100000100010101011000000101000001000001010000100010
10000100000100010001011000000100110010000100100100000001
01000001100000000001000000001010000000100000000001000001
01000000010001101010001010000000001100001010000000010000
10000100000010001010100000110000000010000100101110001101
01000000101000000001000000001010001100001010000000010000
10000100000010001010100001110000000010010100100100001000
11011000000100010001011100000101000001000001010000100000
10000100000100010001011000000100110010000100100100000001
10000110000000001010100000000101000001000001010000100000
