//
segsites: 45
positions: 0.016340000000000 0.016700000000000 0.021720000000000 0.026200000000000 0.026760000000000 0.044580000000000 0.051980000000000 0.089020000000000 0.103620000000000 0.135840000000000 0.151440000000000 0.172800000000000 0.179220000000000 0.199680000000000 0.223720000000000 0.229680000000000 0.248200000000000 0.273980000000000 0.280520000000000 0.291600000000000 0.340460000000000 0.367000000000000 0.384040000000000 0.411820000000000 0.465440000000000 0.509320000000000 0.528540000000000 0.532680000000000 0.535240000000000 0.564260000000000 0.567600000000000 0.593280000000000 0.697220000000000 0.739560000000000 0.742480000000000 0.746360000000000 0.747800000000000 0.796620000000000 0.810220000000000 0.817420000000000 0.848760000000000 0.863960000000000 0.895020000000000 0.901200000000000 0.901460000000000
010100001001000010010000111100000010001001101
000000010100000000100110000000011110010001111
000011000100001000100110000000011111010100000
101000100000110101010000111100000010000010101
001000100010110101011000001100000010000010101
000011000000000000100110000000010010000010101
000000000100000000100110111100000010000001101
000011000100001000100110000000011111010100000
000011000000110101010000111100000010100010101
000000000100000000100001000011100010000010101
