//
segsites: 63
positions: 0.007600000000000 0.019800000000000 0.031800000000000 0.036680000000000 0.064160000000000 0.091040000000000 0.096340000000000 0.103200000000000 0.134320000000000 0.153740000000000 0.158660000000000 0.179920000000000 0.195600000000000 0.199700000000000 0.226840000000000 0.231860000000000 0.232300000000000 0.254240000000000 0.261900000000000 0.289720000000000 0.290340000000000 0.292320000000000 0.300480000000000 0.300560000000000 0.308460000000000 0.383220000000000 0.427580000000000 0.467440000000000 0.471400000000000 0.477160000000000 0.491400000000000 0.511020000000000 0.551760000000000 0.565200000000000 0.573420000000000 0.575260000000000 0.626860000000000 0.634020000000000 0.664540000000000 0.669040000000000 0.705280000000000 0.729240000000000 0.753040000000000 0.771080000000000 0.794120000000000 0.798520000000000 0.802220000000000 0.841220000000000 0.844300000000000 0.860560000000000 0.869460000000000 0.888140000000000 0.900720000000000 0.909160000000000 0.909860000000000 0.934520000000000 0.939980000000000 0.944480000000000 0.972180000000000 0.972860000000000 0.974040000000000 0.983220000000000 0.992920000000000
001110111011000010100001101001010000100101000011100000000101000
100010111000000010101001101001010000100000100000001010001000000
001110111011000010100001101001010000100101000001100000000001000
100010000000101101010000000110001100001100001100000010100000111
001110111000000010100001101001010000100101000001000000000000000
001110111001000010100001101001010000100111000001100000000000000
100011011000000010101011101001010000010000000100010101010010000
001110111001010010100001111001010000010000000100000010001000000
100010000000101101010100000110000010001100001100000010000000111
110010000100100101010000000000100001010000010100000010001000000
