//
segsites: 49
positions: 0.046800000000000 0.051480000000000 0.079060000000000 0.099260000000000 0.112140000000000 0.165440000000000 0.198160000000000 0.208560000000000 0.229720000000000 0.287220000000000 0.305340000000000 0.343000000000000 0.357260000000000 0.421280000000000 0.429800000000000 0.436040000000000 0.440660000000000 0.488520000000000 0.495980000000000 0.504660000000000 0.547220000000000 0.548000000000000 0.554300000000000 0.560040000000000 0.576380000000000 0.585580000000000 0.628340000000000 0.632520000000000 0.654960000000000 0.659580000000000 0.683540000000000 0.683580000000000 0.691120000000000 0.724880000000000 0.735980000000000 0.764820000000000 0.795480000000000 0.818600000000000 0.843380000000000 0.868680000000000 0.872220000000000 0.894080000000000 0.905500000000000 0.918560000000000 0.940440000000000 0.953040000000000 0.953940000000000 0.985720000000000 0.994720000000000
0110100111111001000001000000010100010100000000010
0000001000000110001000010111000011000000000000000
0000001000000110000100001000000000001100000000000
0001000100001000000000000000000101000001001000000
0110100111101000000000000000010100000000000000001
1001000100001000010010000000000101000000100000000
0110100111001000110010100000000101000000110010000
0110100111001000010010100000000101000000110010000
0000000000000110000100001000101000100010000101000
0000011000000110001000010111000011000000000000100
