//
segsites: 48
positions: 0.013640000000000 0.039520000000000 0.049200000000000 0.096080000000000 0.103600000000000 0.124320000000000 0.138180000000000 0.140020000000000 0.166480000000000 0.186900000000000 0.200060000000000 0.209720000000000 0.221800000000000 0.348480000000000 0.357540000000000 0.360860000000000 0.392720000000000 0.417900000000000 0.437420000000000 0.465520000000000 0.472220000000000 0.513080000000000 0.514200000000000 0.553320000000000 0.565440000000000 0.573720000000000 0.575840000000000 0.583660000000000 0.612300000000000 0.636660000000000 0.665480000000000 0.669540000000000 0.712260000000000 0.732260000000000 0.787660000000000 0.798960000000000 0.830520000000000 0.848180000000000 0.888120000000000 0.922740000000000 0.928600000000000 0.930960000000000 0.939640000000000 0.971780000000000 0.984760000000000 0.988280000000000 0.990020000000000 0.995840000000000
111110000010001001000000010010000000101010100001
001001101100000001010000010110000001100001100001
111110000001110110000001000010000101100001100001
111110000001110110000001000010000101100001100001
111110000001000110000001000010100000101010100001
111110000001010110000001000010001101100001100001
001001111100000110001101001010010000010100001000
111110000001010110000001000010000101100001100001
111110000001000110100010100001000011100000010110
111110000001010110000001000010000101100001100001
