//
segsites: 65
positions: 0.010380000000000 0.015940000000000 0.034240000000000 0.043340000000000 0.055920000000000 0.079700000000000 0.083760000000000 0.128220000000000 0.148100000000000 0.159040000000000 0.175740000000000 0.190580000000000 0.195820000000000 0.197000000000000 0.197980000000000 0.211520000000000 0.211820000000000 0.212140000000000 0.220920000000000 0.232380000000000 0.238980000000000 0.258480000000000 0.297480000000000 0.335420000000000 0.340760000000000 0.345640000000000 0.373780000000000 0.380260000000000 0.400180000000000 0.408360000000000 0.422120000000000 0.434580000000000 0.496540000000000 0.497920000000000 0.499920000000000 0.501420000000000 0.508420000000000 0.511120000000000 0.516020000000000 0.524660000000000 0.528740000000000 0.544860000000000 0.547960000000000 0.550100000000000 0.558380000000000 0.571500000000000 0.575420000000000 0.584560000000000 0.595300000000000 0.608100000000000 0.613040000000000 0.632560000000000 0.658280000000000 0.702680000000000 0.712540000000000 0.770180000000000 0.800620000000000 0.818160000000000 0.831740000000000 0.833760000000000 0.848360000000000 0.862480000000000 0.872680000000000 0.919020000000000 0.919740000000000
01010010000000001000001001000000000001010100100011001000000010100
00000100010000000000110000001100000000100010000000001000110010100
00101000101000000010010000101100000001010010000000001100101010101
00000101000000010101000010001100000001010100100011001000000010110
00101000101000000000010000001110100010000010011000000000000010100
10000000000110110101000100100001001101000000000010110001000001100
00101000101000000000010000001100100010000010011000000000000010100
00000101000000010101000010011100010001001011000100000010000110000
00101000101000000000010000001100100010000010011000000000000010100
00000000000011110101000100100001000101000000000010110001000001100
