//
segsites: 48
positions: 0.000140000000000 0.021060000000000 0.021720000000000 0.054960000000000 0.079740000000000 0.091440000000000 0.110400000000000 0.122440000000000 0.150800000000000 0.177580000000000 0.179900000000000 0.181820000000000 0.217260000000000 0.225980000000000 0.234820000000000 0.270940000000000 0.335000000000000 0.358100000000000 0.365620000000000 0.373820000000000 0.382360000000000 0.387000000000000 0.392040000000000 0.394360000000000 0.404500000000000 0.414600000000000 0.421060000000000 0.426880000000000 0.463080000000000 0.463720000000000 0.528700000000000 0.530720000000000 0.530920000000000 0.537840000000000 0.575320000000000 0.604760000000000 0.609540000000000 0.637260000000000 0.665460000000000 0.678700000000000 0.681140000000000 0.689220000000000 0.705480000000000 0.729240000000000 0.754100000000000 0.806940000000000 0.825380000000000 0.989800000000000
000001000000010101000000010001000001101000010001
000000000000000100100100100100100100000001101111
000000000001001101000000010001010000000001101110
100110000000100010001100100100100100000001100111
001000001001001101000000010011010011110001101111
000000010001001101000000010001010001110001101111
010000100000000100110111001000000001101000010000
000000000110000100100100100100101100010001101111
000000000001001101000000010000000001101100010000
000000000000000101000000010001000001100010000000
