//
segsites: 49
positions: 0.037640000000000 0.088380000000000 0.113620000000000 0.121840000000000 0.133620000000000 0.181120000000000 0.219900000000000 0.220440000000000 0.223120000000000 0.231500000000000 0.263060000000000 0.277600000000000 0.285760000000000 0.303440000000000 0.317300000000000 0.335780000000000 0.369340000000000 0.439480000000000 0.441380000000000 0.477380000000000 0.480400000000000 0.521800000000000 0.579460000000000 0.610920000000000 0.649360000000000 0.712700000000000 0.728640000000000 0.754980000000000 0.757380000000000 0.764000000000000 0.768000000000000 0.783160000000000 0.790260000000000 0.800980000000000 0.805700000000000 0.815460000000000 0.817500000000000 0.837860000000000 0.846560000000000 0.851660000000000 0.865620000000000 0.872180000000000 0.885740000000000 0.895340000000000 0.916620000000000 0.926400000000000 0.946520000000000 0.964260000000000 0.993200000000000
0000100000000000001101000011001000000001000000001
0100000001000011001101000011001000000001000000001
0100000001000011001101100011001000000001000000001
0011011010101100000010000000100000111000001110110
0000000000010000001101000011001000000001000001001
0000000000010000001101001011001010000001000000001
0001000000000000110010010100010100000010010000000
1100000001000011001101000011001001000101100000000
0000000000010000001101000011001000000001000001001
0100000101000011001101000011001000000001000001001
