//
segsites: 37
positions: 0.086040000000000 0.133300000000000 0.135820000000000 0.164820000000000 0.222060000000000 0.234640000000000 0.235680000000000 0.255980000000000 0.330760000000000 0.363580000000000 0.364420000000000 0.393500000000000 0.398820000000000 0.468960000000000 0.499380000000000 0.503280000000000 0.659280000000000 0.669980000000000 0.723840000000000 0.732900000000000 0.769540000000000 0.782340000000000 0.786000000000000 0.812000000000000 0.816360000000000 0.846780000000000 0.846800000000000 0.850800000000000 0.855340000000000 0.861240000000000 0.870160000000000 0.911760000000000 0.922860000000000 0.964500000000000 0.969600000000000 0.983220000000000 0.985280000000000
0100110001011101100000011000011010011
0100001001011100000000011000011010010
0100001001011100000000011000011001100
0001110001011101100000011000011010010
0110001000000010001001100001100101100
0100001001011100000000011000011001100
0001110001011101110000011000011010010
1000001110010010000111100011100101100
1000001110111100000000011001100101100
0001110001011101100000011100011010010
