//
segsites: 64
positions: 0.002780000000000 0.009720000000000 0.036080000000000 0.042540000000000 0.050600000000000 0.055120000000000 0.055360000000000 0.066200000000000 0.117640000000000 0.140800000000000 0.194680000000000 0.212540000000000 0.269420000000000 0.282740000000000 0.288340000000000 0.328260000000000 0.344000000000000 0.353280000000000 0.389100000000000 0.393840000000000 0.422320000000000 0.432160000000000 0.448160000000000 0.448400000000000 0.457140000000000 0.489980000000000 0.512540000000000 0.547820000000000 0.566980000000000 0.580560000000000 0.592200000000000 0.621880000000000 0.645280000000000 0.653640000000000 0.661940000000000 0.663720000000000 0.670340000000000 0.677300000000000 0.684700000000000 0.704380000000000 0.709680000000000 0.710760000000000 0.717360000000000 0.731160000000000 0.741940000000000 0.783780000000000 0.794540000000000 0.817060000000000 0.829440000000000 0.833380000000000 0.837060000000000 0.871000000000000 0.882700000000000 0.887500000000000 0.898920000000000 0.927920000000000 0.936140000000000 0.937500000000000 0.949200000000000 0.978780000000000 0.988480000000000 0.989220000000000 0.990540000000000 0.998380000000000
0000001010000000010110000011010010110011001000000000010000000010
1001100000000001001001011000000100000100000000000000001000010000
1000010000101010000000100100101000110011001100000000010000000010
1000010000100010000000100100100001000000111000000111001001010000
0000001010100010000000100100100001000000111000000111001000010000
0010001110000000110000100100100001001000000000000000001000010000
0000001010000000010110000011010000110011001011011000000100101010
0100000001010100000000011000100001000000111000000111001000010000
0000001010000000010100000010010000110011001000100000100010001101
1001100000000001000001011000000100000100000000000000001000010000
