//
segsites: 56
positions: 0.055520000000000 0.112440000000000 0.121000000000000 0.121100000000000 0.150200000000000 0.153200000000000 0.158360000000000 0.234160000000000 0.255360000000000 0.270940000000000 0.273760000000000 0.276360000000000 0.288440000000000 0.293760000000000 0.295700000000000 0.318080000000000 0.325640000000000 0.350860000000000 0.361740000000000 0.368860000000000 0.374680000000000 0.392560000000000 0.402480000000000 0.414920000000000 0.421460000000000 0.422500000000000 0.432280000000000 0.432920000000000 0.435040000000000 0.435720000000000 0.440700000000000 0.447060000000000 0.465720000000000 0.493100000000000 0.502580000000000 0.504760000000000 0.529840000000000 0.546440000000000 0.577640000000000 0.609440000000000 0.626140000000000 0.629720000000000 0.634260000000000 0.691580000000000 0.698920000000000 0.707540000000000 0.729460000000000 0.741080000000000 0.757680000000000 0.782900000000000 0.805200000000000 0.821060000000000 0.836940000000000 0.892300000000000 0.909540000000000 0.966280000000000
00000000100000000000100000000010000000000001001000101000
00001101010001000011000001000100000000100001001000010000
00110000100010000000100000000011000000000001001100101010
11000010000000000000000110111000010010001000010001101010
00000000100000000100101000000010101110001000001010101010
00000001010001000011000001000000000000100001001000101000
00000000100101001000000000000000000001010010001001010001
00000001010001000011000001000100000000100001001000101000
00000000100000000100110000000000000001001100101000000100
11000010101000110000100000000010000000000001001100101010
