//
segsites: 46
positions: 0.002500000000000 0.013700000000000 0.029680000000000 0.037520000000000 0.054500000000000 0.059720000000000 0.074780000000000 0.098820000000000 0.100580000000000 0.101760000000000 0.122120000000000 0.154460000000000 0.170360000000000 0.184440000000000 0.186480000000000 0.191900000000000 0.214400000000000 0.216560000000000 0.235860000000000 0.253680000000000 0.279320000000000 0.282520000000000 0.303400000000000 0.324160000000000 0.376580000000000 0.521400000000000 0.533280000000000 0.541600000000000 0.572240000000000 0.572800000000000 0.576260000000000 0.609240000000000 0.620320000000000 0.623800000000000 0.631280000000000 0.631840000000000 0.696220000000000 0.712080000000000 0.737380000000000 0.783900000000000 0.830660000000000 0.866160000000000 0.868960000000000 0.936820000000000 0.939820000000000 0.986360000000000
0000000000100001110101011101000100010011000100
0000110000000000001010000010100011101011000100
0000001000000010000101011101000100010011000100
0000000110011000110000000010110000101011101000
0010110000000000001000000010100011101011000101
0000000000000010000101010101001100010011110000
1101000001000100000000000010110000101011010000
1101000001000100000000000010110000101111010000
0000110000000000001000000010100011101011000111
0000110000000000001000100010100011101011010000
