//
segsites: 56
positions: 0.001660000000000 0.022060000000000 0.121080000000000 0.124400000000000 0.146840000000000 0.150200000000000 0.155100000000000 0.158860000000000 0.162100000000000 0.178420000000000 0.258480000000000 0.266660000000000 0.271580000000000 0.281140000000000 0.322140000000000 0.335500000000000 0.358560000000000 0.361300000000000 0.361620000000000 0.363460000000000 0.374880000000000 0.377260000000000 0.387180000000000 0.401260000000000 0.416220000000000 0.446920000000000 0.448660000000000 0.480880000000000 0.513140000000000 0.513360000000000 0.526820000000000 0.536760000000000 0.540640000000000 0.587140000000000 0.592780000000000 0.650140000000000 0.663780000000000 0.698540000000000 0.707860000000000 0.710040000000000 0.738800000000000 0.780260000000000 0.780760000000000 0.811420000000000 0.844380000000000 0.846280000000000 0.861140000000000 0.890020000000000 0.890380000000000 0.898900000000000 0.909960000000000 0.914760000000000 0.942680000000000 0.947800000000000 0.954540000000000 0.961780000000000
01111010001000000101000010010000000010010100000011011001
10000110010000100000000000000000100001000000000100100000
10000110010000100000000000000000100001000000100100100000
01111010001000000101000010000000000010010100000011001001
00000001000000000000000000100000100100000001000100100000
00000100110101010000001001001011011000101110010000000010
00000001000000000000000000000000100100000000000000000000
00000100010000010000001000000000100100000001001100100100
00000001000010001010110101001011011000101110010000000010
01111010010000100000000000000100100001000000000100100000
