//
segsites: 47
positions: 0.088420000000000 0.096820000000000 0.133780000000000 0.154340000000000 0.156000000000000 0.177580000000000 0.196880000000000 0.201500000000000 0.215560000000000 0.229500000000000 0.236040000000000 0.243860000000000 0.278980000000000 0.326200000000000 0.349820000000000 0.371160000000000 0.378560000000000 0.390880000000000 0.411840000000000 0.431060000000000 0.439140000000000 0.459500000000000 0.471220000000000 0.481640000000000 0.490500000000000 0.491080000000000 0.501300000000000 0.522440000000000 0.583380000000000 0.634720000000000 0.654060000000000 0.680600000000000 0.688760000000000 0.726700000000000 0.750320000000000 0.779460000000000 0.780740000000000 0.789240000000000 0.806900000000000 0.840080000000000 0.849080000000000 0.893980000000000 0.896860000000000 0.908080000000000 0.954060000000000 0.965800000000000 0.998880000000000
00010100000100000011010001000010011001000000101
00000100000011100000100000100101000000000101010
00001100001100010000010001000010000000100010001
00000100010100010000010100000010000100011000100
00110100000100000011010001000010011001000000100
11000111000100000101000011001010100010100010001
11000110000100000101000001000010011001000000100
00000100000100000101000001000010000000100000001
00010100000100001011010001000010011001000000100
00000100100100000101001000010010000000100010001
