//
segsites: 43
positions: 0.001320000000000 0.021500000000000 0.024540000000000 0.035160000000000 0.046200000000000 0.066000000000000 0.091060000000000 0.091460000000000 0.108040000000000 0.141720000000000 0.142340000000000 0.184960000000000 0.197640000000000 0.207560000000000 0.221980000000000 0.236280000000000 0.261880000000000 0.270660000000000 0.298020000000000 0.316280000000000 0.367220000000000 0.405340000000000 0.431140000000000 0.448960000000000 0.458000000000000 0.477120000000000 0.485680000000000 0.639640000000000 0.668700000000000 0.669140000000000 0.740580000000000 0.740800000000000 0.760500000000000 0.848720000000000 0.854640000000000 0.862260000000000 0.865360000000000 0.873180000000000 0.875660000000000 0.885220000000000 0.921860000000000 0.930040000000000 0.979720000000000
0000010000110001010101000000011010100010010
0010000000000000100000011101000101101001000
1001000101000110001010000000010010100010110
0000001010001010001010000010100000101100001
0100001010001010001010000010100000111100000
0100101010001010001010011101000101101001000
0000001010001010001011100000010010100010010
0000001010001010001010000010011010100010110
0000001010001010001010000010100000101100000
0100001010001010001010000010100000111100000
