//
segsites: 52
positions: 0.000560000000000 0.008740000000000 0.032720000000000 0.037760000000000 0.042360000000000 0.044120000000000 0.058440000000000 0.059060000000000 0.104500000000000 0.105640000000000 0.107280000000000 0.126860000000000 0.141240000000000 0.156280000000000 0.161800000000000 0.175460000000000 0.184720000000000 0.189580000000000 0.198680000000000 0.246140000000000 0.281140000000000 0.299240000000000 0.326120000000000 0.339920000000000 0.340240000000000 0.343180000000000 0.344720000000000 0.345300000000000 0.371920000000000 0.395880000000000 0.406040000000000 0.419540000000000 0.432180000000000 0.546980000000000 0.549620000000000 0.558360000000000 0.566900000000000 0.613960000000000 0.633860000000000 0.639160000000000 0.652840000000000 0.715620000000000 0.718380000000000 0.827740000000000 0.851520000000000 0.875640000000000 0.899100000000000 0.937320000000000 0.947880000000000 0.968860000000000 0.986840000000000 0.995080000000000
0000100000101100000001100010111010010001100010111111
0000000100101100100001101001000000000010000100011001
1110010001010010001100000000111011010001100000011001
1110010001010010001001101001000000000010010000011001
0000001000101100000000010100000100101010010000011011
1110010001010010001000000000111011010001100000011001
0000100000101100010011100000111010010001100000011001
1110010001010010001000000000111011010101110001011001
1110010001010010001000000000111011010001100000011001
0001000010000011001000000000111011010001101000011001
