//
segsites: 51
positions: 0.050840000000000 0.065500000000000 0.080280000000000 0.083600000000000 0.105500000000000 0.153920000000000 0.173020000000000 0.192720000000000 0.197940000000000 0.233940000000000 0.236260000000000 0.241320000000000 0.257160000000000 0.260460000000000 0.278860000000000 0.298500000000000 0.318740000000000 0.322480000000000 0.358980000000000 0.362180000000000 0.403660000000000 0.410780000000000 0.418520000000000 0.432740000000000 0.466280000000000 0.485000000000000 0.487020000000000 0.495640000000000 0.511420000000000 0.533420000000000 0.538100000000000 0.561500000000000 0.658700000000000 0.661080000000000 0.688640000000000 0.693880000000000 0.718800000000000 0.792340000000000 0.827900000000000 0.839460000000000 0.841240000000000 0.855860000000000 0.868940000000000 0.878720000000000 0.880260000000000 0.898860000000000 0.931840000000000 0.956620000000000 0.965520000000000 0.977220000000000 0.993420000000000
000001010110000100100100000000100000000000100000100
000101010000001011011001000101010101010000000010001
100101010000000000100010010000100100000101000100000
000101010100100100100000001000101101100000101000100
000101010100000100100000001010100101011010010010001
011000100100010100100100000000100010000000000011001
000001010111000100100100000000100000000000100000100
000010001000000000100010110000100100000000100000100
000001010111000100100100000000100101111000010010011
000101000100000100100000001010100101011010010010001
