//
segsites: 39
positions: 0.082160000000000 0.118860000000000 0.168120000000000 0.210900000000000 0.219420000000000 0.242880000000000 0.257720000000000 0.391060000000000 0.430400000000000 0.474660000000000 0.485720000000000 0.512080000000000 0.545700000000000 0.558860000000000 0.562460000000000 0.565560000000000 0.570160000000000 0.583880000000000 0.655520000000000 0.690720000000000 0.692040000000000 0.707540000000000 0.718420000000000 0.730180000000000 0.758600000000000 0.771420000000000 0.796600000000000 0.797800000000000 0.817400000000000 0.823920000000000 0.828940000000000 0.832280000000000 0.833300000000000 0.848360000000000 0.859120000000000 0.907760000000000 0.950940000000000 0.989460000000000 0.998980000000000
001001010100110001111101100010100100010
010000100000000001110101100000001001000
010001010000000001110101100000001100010
000010000011000100100000000001000010000
001001010100111001111101100000000100010
000110001010000100100010001100010000100
101001010100110001111101100000000100010
010000100000000001110101100000001001000
000110001010000100100000001100010000011
001001010100100011111101110000001001000
