//
segsites: 52
positions: 0.002340000000000 0.031220000000000 0.032560000000000 0.095640000000000 0.099520000000000 0.124780000000000 0.151420000000000 0.189500000000000 0.238420000000000 0.258640000000000 0.270860000000000 0.311720000000000 0.332780000000000 0.390620000000000 0.396620000000000 0.403320000000000 0.410560000000000 0.423180000000000 0.463620000000000 0.473340000000000 0.492080000000000 0.517900000000000 0.530160000000000 0.537200000000000 0.548780000000000 0.556120000000000 0.564280000000000 0.570920000000000 0.572040000000000 0.578420000000000 0.594160000000000 0.599860000000000 0.615680000000000 0.672920000000000 0.682520000000000 0.692040000000000 0.715140000000000 0.725200000000000 0.744300000000000 0.790380000000000 0.805660000000000 0.820600000000000 0.881520000000000 0.893740000000000 0.902780000000000 0.930240000000000 0.942200000000000 0.945320000000000 0.954580000000000 0.990160000000000 0.993120000000000 0.995380000000000
0000000011101001000000000000000000000000010000010000
1000001000101000000010001000011100100000000000011010
1000001000100000100000000000011100000000000100011010
0111010000101000000100100001000000100000000101000000
0000000100000000000000100001000000101000001000110100
0000000001101000001000000001100011000101100000011010
0111010000101110010001010110000000010010000010010001
0111010000101110010001010110000000010010000010010000
1000001000101000000010001000011100100000000000011010
0000100001111000000000000000011101000101100000011010
