//
segsites: 59
positions: 0.001080000000000 0.014820000000000 0.015840000000000 0.028500000000000 0.031740000000000 0.059260000000000 0.070420000000000 0.071540000000000 0.086320000000000 0.097820000000000 0.113180000000000 0.119800000000000 0.158920000000000 0.168580000000000 0.172680000000000 0.172840000000000 0.227840000000000 0.233460000000000 0.291000000000000 0.295180000000000 0.335140000000000 0.402640000000000 0.405880000000000 0.419140000000000 0.467440000000000 0.501720000000000 0.511980000000000 0.523120000000000 0.562540000000000 0.565240000000000 0.571060000000000 0.574520000000000 0.601920000000000 0.628900000000000 0.636280000000000 0.658900000000000 0.695900000000000 0.696740000000000 0.697660000000000 0.751780000000000 0.756080000000000 0.758800000000000 0.768480000000000 0.770020000000000 0.792640000000000 0.806220000000000 0.822200000000000 0.823960000000000 0.837800000000000 0.854300000000000 0.857600000000000 0.879400000000000 0.888540000000000 0.912020000000000 0.914340000000000 0.920980000000000 0.930520000000000 0.932140000000000 0.981380000000000
00000000001001000000011001100100010101000000000000100010000
00100000010100010000111001100100010101010000000000100010010
00100000010101000000000000001000001000000000000100010000000
00000001100000001010000100000000110110000100000001000010100
01001000010010000001000110010011001000101011111010000000000
00010110000001000000000000001000001000000000000100010000000
11001000010010000001000110010011001000101010111010000000000
00000001100000001110000100000000110100000100000000001001000
01001000010010000001000110010011001000101010111010000000000
00000001100000101010000100000000110101000000000000100110001
