//
segsites: 63
positions: 0.000400000000000 0.005480000000000 0.120220000000000 0.120260000000000 0.131440000000000 0.148560000000000 0.179560000000000 0.180980000000000 0.193320000000000 0.223560000000000 0.225060000000000 0.226380000000000 0.230220000000000 0.245360000000000 0.249960000000000 0.276920000000000 0.299680000000000 0.323240000000000 0.331140000000000 0.364600000000000 0.374760000000000 0.376720000000000 0.384240000000000 0.387740000000000 0.391980000000000 0.425720000000000 0.430260000000000 0.474420000000000 0.491200000000000 0.497700000000000 0.502380000000000 0.516520000000000 0.519440000000000 0.543780000000000 0.571280000000000 0.619600000000000 0.626780000000000 0.627140000000000 0.633720000000000 0.716560000000000 0.721340000000000 0.721580000000000 0.723120000000000 0.748820000000000 0.780660000000000 0.784920000000000 0.788160000000000 0.791100000000000 0.808340000000000 0.844920000000000 0.851660000000000 0.853040000000000 0.854500000000000 0.860100000000000 0.870500000000000 0.888000000000000 0.894480000000000 0.925400000000000 0.937100000000000 0.948680000000000 0.957640000000000 0.979740000000000 0.991640000000000
010000110000000000000110000100011000100010000010000001110010111
100110110001100011000000000000000000010100000010000001001010000
100001001100000000000110000100011000100010000010000001110010111
100001001100000000000110000100011100100010000010000001110010111
100001001100000000000110000101000000100010000010000001110010111
001110110001100011000000000000000000010000000010000010000000000
100000110010001100110000010000100001000001011111001100000001000
100001001100000000000110000100011000100010000010000001110010111
000001001100010000101001101110000010101010100000110001000010000
000110110001100011000000000000000000010000000010000010000100000
