//
segsites: 37
positions: 0.008340000000000 0.009380000000000 0.027780000000000 0.053940000000000 0.055760000000000 0.063900000000000 0.140420000000000 0.142940000000000 0.156220000000000 0.213600000000000 0.255740000000000 0.275820000000000 0.306400000000000 0.335920000000000 0.353700000000000 0.453120000000000 0.469940000000000 0.493380000000000 0.500000000000000 0.515660000000000 0.526700000000000 0.527620000000000 0.575860000000000 0.583460000000000 0.584540000000000 0.596000000000000 0.687120000000000 0.699440000000000 0.722480000000000 0.743580000000000 0.798980000000000 0.847580000000000 0.849960000000000 0.870920000000000 0.900520000000000 0.942580000000000 0.947360000000000
0111110110011011001000110010001110000
0111110110011011001000110010001110000
1100001001111010000011000100110011101
0100001001111010100011000100110011101
0111110110011011001000110010001110000
0111110110011110010100101000001010010
0111110110011011001000110010001110000
0110001001111010000011000101110011101
0111110110011011001000110010001110000
0111110110011011001000110010001110000
