//
segsites: 33
positions: 0.024160000000000 0.041680000000000 0.043120000000000 0.049800000000000 0.085640000000000 0.093820000000000 0.105080000000000 0.115880000000000 0.118540000000000 0.125780000000000 0.129140000000000 0.154420000000000 0.202000000000000 0.214600000000000 0.285080000000000 0.358580000000000 0.364780000000000 0.367340000000000 0.399720000000000 0.444980000000000 0.455360000000000 0.481940000000000 0.500000000000000 0.509260000000000 0.560840000000000 0.657740000000000 0.689940000000000 0.788880000000000 0.948940000000000 0.957160000000000 0.966620000000000 0.983020000000000 0.998620000000000
010000010110110010011101011011010
110101010101111100011111001101010
010000010110110000011101001001010
010000010110110000011101001001010
001010101000001000111101001100101
010000010110110001011101101100001
110101010100111000011101001100001
110101010101111100011111001101010
110101010101111100011111001101010
110101010101111100011111001101010
