//
segsites: 61
positions: 0.006380000000000 0.031980000000000 0.043060000000000 0.043320000000000 0.111080000000000 0.119180000000000 0.131060000000000 0.142540000000000 0.234360000000000 0.260380000000000 0.265440000000000 0.276360000000000 0.276720000000000 0.287480000000000 0.298800000000000 0.299740000000000 0.312720000000000 0.328740000000000 0.355020000000000 0.390780000000000 0.398820000000000 0.417740000000000 0.433160000000000 0.453200000000000 0.474680000000000 0.477740000000000 0.489080000000000 0.490760000000000 0.494380000000000 0.500000000000000 0.519920000000000 0.565160000000000 0.565180000000000 0.567660000000000 0.569660000000000 0.572340000000000 0.577100000000000 0.611240000000000 0.613940000000000 0.614880000000000 0.649480000000000 0.652060000000000 0.677180000000000 0.692340000000000 0.692680000000000 0.696600000000000 0.770400000000000 0.785660000000000 0.788580000000000 0.797720000000000 0.840040000000000 0.844500000000000 0.872060000000000 0.884020000000000 0.891780000000000 0.892160000000000 0.929160000000000 0.938180000000000 0.939140000000000 0.940480000000000 0.949480000000000
0001011000000001000000010001000010000110001010010011110000001
1010000100101010110001000011001001010001100001001100000100000
0100100010010100001010101100100000001000000100110000111001110
0001011000000001000000010000010100000001100001001100000100000
0001010011010100001110101100100000101000100001001100000100000
0001010011010100001110101100100000101000100001001100000100000
0001011000000001000000010000010100000001100001001100000100000
0001011000000001000000010000010100000001100001001100000100000
0001011000000001000000010000010100000001100001001100000100000
0001011000000001000000010000010100000000010000110000110010110
