//
segsites: 55
positions: 0.010200000000000 0.021540000000000 0.032640000000000 0.063440000000000 0.063700000000000 0.067960000000000 0.071840000000000 0.075020000000000 0.076380000000000 0.078200000000000 0.094880000000000 0.100700000000000 0.123640000000000 0.136420000000000 0.137720000000000 0.138660000000000 0.144980000000000 0.155520000000000 0.187580000000000 0.189440000000000 0.190280000000000 0.213460000000000 0.243540000000000 0.248840000000000 0.275380000000000 0.302220000000000 0.302300000000000 0.330100000000000 0.335720000000000 0.356180000000000 0.420880000000000 0.441680000000000 0.500000000000000 0.516120000000000 0.534720000000000 0.551580000000000 0.582320000000000 0.612980000000000 0.653900000000000 0.664340000000000 0.706500000000000 0.715860000000000 0.726880000000000 0.727180000000000 0.733600000000000 0.746700000000000 0.772180000000000 0.775300000000000 0.802200000000000 0.836940000000000 0.840800000000000 0.850780000000000 0.858260000000000 0.918640000000000 0.996220000000000
0000011010000011011100011010000001011000111000010111010
0010111010000000000100011010000001011000111000010111010
0000011010000011011100011010000011011000111000010111010
0100011010000110100001100101101100100111000100101000100
1000011010000011011100011010010011011000111000010111010
0000011010100011011100011010000001011000111000010111010
0010111010000000000110000000000001011000100000101000100
0010111010000000000100011010000001011000111011010111001
0000011010000011011100011010000011011000111000010111010
0001011111011000100000011010001100100011000100101000100
