//
segsites: 48
positions: 0.003340000000000 0.096980000000000 0.099160000000000 0.119480000000000 0.128920000000000 0.133940000000000 0.143140000000000 0.152160000000000 0.165180000000000 0.165320000000000 0.177820000000000 0.253240000000000 0.279680000000000 0.378560000000000 0.398620000000000 0.419880000000000 0.461720000000000 0.484740000000000 0.487960000000000 0.500000000000000 0.502580000000000 0.527400000000000 0.539580000000000 0.545280000000000 0.557080000000000 0.572540000000000 0.621500000000000 0.623020000000000 0.636920000000000 0.716760000000000 0.735880000000000 0.746080000000000 0.746100000000000 0.746700000000000 0.749020000000000 0.753520000000000 0.754780000000000 0.777100000000000 0.787140000000000 0.791020000000000 0.811420000000000 0.818660000000000 0.861380000000000 0.872400000000000 0.926160000000000 0.930240000000000 0.963880000000000 0.980400000000000
100000111110000101010000000001000100000000001100
100000111110000101010000000001000100000000001100
100000111110000101010000000001000100000000001100
101001011010001000100000011100110011001011100000
010110000011100110001010000010001000010100010010
100000111110000101010000000001000100000000001100
100000111010000010001000000010001000010100010000
100000111110000101010000100001000100000000001100
100000111010010000000101001000000000100001000001
000000111010000110000000000011000100000000001100
