//
segsites: 52
positions: 0.027760000000000 0.046300000000000 0.055660000000000 0.061760000000000 0.079400000000000 0.080560000000000 0.082920000000000 0.120000000000000 0.141080000000000 0.143880000000000 0.164040000000000 0.169500000000000 0.173060000000000 0.191840000000000 0.193160000000000 0.201840000000000 0.211780000000000 0.220580000000000 0.240940000000000 0.244600000000000 0.296280000000000 0.303480000000000 0.305860000000000 0.313380000000000 0.360980000000000 0.371380000000000 0.385300000000000 0.415460000000000 0.426560000000000 0.445300000000000 0.454060000000000 0.479460000000000 0.481420000000000 0.500000000000000 0.500260000000000 0.508720000000000 0.561380000000000 0.590420000000000 0.620880000000000 0.640280000000000 0.654880000000000 0.703540000000000 0.709900000000000 0.727460000000000 0.795960000000000 0.804040000000000 0.814300000000000 0.848820000000000 0.851000000000000 0.886780000000000 0.888340000000000 0.970080000000000
0110001101000001001000000000100100010110100001100110
0110010010101010010011000000000000100000010010000100
1110010000000100100000010000010001001000001000001111
1110010000000100100000010000010001001000001000001111
0001110000000010000000101000001100010110100000000000
0110010010110010000100010111000010001000010010000100
0110010010110010000110000001000010001000010010010100
1110010000000100100000010000010001001000001000001111
0110010010110010000100010111000010001001001100000000
1110010000000100100000010000010001001000001000001111
