//
segsites: 45
positions: 0.015300000000000 0.131940000000000 0.132840000000000 0.194060000000000 0.199520000000000 0.209580000000000 0.233460000000000 0.287140000000000 0.387680000000000 0.462980000000000 0.500000000000000 0.500060000000000 0.524560000000000 0.549640000000000 0.552580000000000 0.594640000000000 0.639080000000000 0.656100000000000 0.666220000000000 0.683520000000000 0.695740000000000 0.707680000000000 0.712080000000000 0.734440000000000 0.748240000000000 0.785220000000000 0.822960000000000 0.851400000000000 0.856560000000000 0.860020000000000 0.872820000000000 0.881300000000000 0.883360000000000 0.888840000000000 0.890360000000000 0.918740000000000 0.920080000000000 0.925860000000000 0.948480000000000 0.955260000000000 0.960020000000000 0.973280000000000 0.987200000000000 0.992080000000000 0.995680000000000
000000000011000101001110100100000001000010000
000000000011000101001110100100000001000010000
000000011100111000110000010001100000011001110
000010011100111000110000010001101000011001110
000000000011000101001110100100000001000010000
000000000001000101001110100100000101000010000
000000000011000101001110100100000001000010000
000000000011000101001110100100000001000010000
111101100000000000000011001010010010100100001
000000000011000111001110100100000001000010000
