//
segsites: 45
positions: 0.044640000000000 0.090460000000000 0.108560000000000 0.192360000000000 0.214900000000000 0.240080000000000 0.295420000000000 0.307240000000000 0.314280000000000 0.343340000000000 0.374140000000000 0.396880000000000 0.407180000000000 0.438820000000000 0.456980000000000 0.461860000000000 0.479400000000000 0.500000000000000 0.513400000000000 0.517100000000000 0.520280000000000 0.537640000000000 0.569760000000000 0.635000000000000 0.651280000000000 0.678540000000000 0.684860000000000 0.707660000000000 0.723880000000000 0.762620000000000 0.764780000000000 0.766820000000000 0.778860000000000 0.810640000000000 0.845340000000000 0.855840000000000 0.859080000000000 0.921940000000000 0.924080000000000 0.925280000000000 0.964620000000000 0.966120000000000 0.975340000000000 0.977380000000000 0.997380000000000
001000100100001111101010000111011000100110000
001000100100001111101010000111011000100110000
001000110010000000010000001000100010100100000
001000111010000000010000001011011101001000101
001000110010000000010000001000100010100101000
001000100100001111101010000111011000100110000
110111000011110000101010000011011101001000101
001000100100001111101110000111011000100110000
110111110011110000101011110010100000110110010
001000100100001111101010000111011000100110000
