//
segsites: 57
positions: 0.028080000000000 0.039340000000000 0.092360000000000 0.106280000000000 0.123440000000000 0.131400000000000 0.166780000000000 0.170600000000000 0.198420000000000 0.206760000000000 0.243900000000000 0.247440000000000 0.274560000000000 0.280940000000000 0.312800000000000 0.320120000000000 0.321280000000000 0.324200000000000 0.330000000000000 0.337440000000000 0.345720000000000 0.360260000000000 0.364320000000000 0.392780000000000 0.409000000000000 0.437620000000000 0.459180000000000 0.500000000000000 0.513080000000000 0.537720000000000 0.543780000000000 0.552200000000000 0.581880000000000 0.603020000000000 0.625380000000000 0.646580000000000 0.665880000000000 0.665940000000000 0.670960000000000 0.683820000000000 0.685740000000000 0.702240000000000 0.726000000000000 0.733480000000000 0.776860000000000 0.822200000000000 0.834720000000000 0.838940000000000 0.871900000000000 0.874300000000000 0.884500000000000 0.899520000000000 0.907100000000000 0.947040000000000 0.956420000000000 0.962600000000000 0.984280000000000
000001010010111000001100000001000001000010100100000011001
010001000000000001010000011000000000100001010010000111000
010111001000000000010000011110011100001000001010000111000
101001100000000000110010000000000000001000001100000011000
010001000000000110000011000000100010000000000100000011010
010111001000000000010000011110011100001000001010000111000
010111001100000000010000011010011100011000001000100011001
010001000001000000010000111010011100001100000001000001000
010111001000000000010000011110011100001000001010000111000
010001001000000000010000011010011100001000001000111011101
