//
segsites: 42
positions: 0.006680000000000 0.009980000000000 0.058680000000000 0.087580000000000 0.103160000000000 0.159460000000000 0.172600000000000 0.207300000000000 0.213800000000000 0.232680000000000 0.240180000000000 0.269820000000000 0.271240000000000 0.300180000000000 0.316640000000000 0.365940000000000 0.379400000000000 0.440040000000000 0.440700000000000 0.448540000000000 0.494740000000000 0.500000000000000 0.514800000000000 0.518240000000000 0.538000000000000 0.566340000000000 0.630220000000000 0.687040000000000 0.691820000000000 0.698620000000000 0.772220000000000 0.773420000000000 0.775320000000000 0.778520000000000 0.779800000000000 0.812080000000000 0.823220000000000 0.825340000000000 0.887640000000000 0.943340000000000 0.953900000000000 0.973120000000000
000000000100000001000100111100101010000000
000000000100000001000100111100101010000000
000000000100000001000100111100101010001000
000000000100000001000100111100101010000000
000000000100000001000100111100101010000000
100010001011000001010001001011000000110010
000000000100000001000100111100101010000000
000000110010001100100000001000010100000100
010000001011110001010010111100000000000001
001101100010000010001000001011000001110010
