//
segsites: 43
positions: 0.016300000000000 0.018760000000000 0.019300000000000 0.038260000000000 0.064380000000000 0.095280000000000 0.130840000000000 0.135200000000000 0.151880000000000 0.155020000000000 0.165780000000000 0.166620000000000 0.170640000000000 0.194520000000000 0.228020000000000 0.244840000000000 0.254980000000000 0.265080000000000 0.272900000000000 0.298340000000000 0.315920000000000 0.367200000000000 0.398960000000000 0.406080000000000 0.500000000000000 0.536500000000000 0.594800000000000 0.617620000000000 0.645520000000000 0.699920000000000 0.702840000000000 0.756480000000000 0.770360000000000 0.777140000000000 0.892280000000000 0.897300000000000 0.906460000000000 0.926340000000000 0.965680000000000 0.974140000000000 0.974260000000000 0.975500000000000 0.992820000000000
0000000000001001000000101010100111010100000
0000000000001001000000101010100111010100000
0000000000001001000000101010100111010100000
1000100000010100111000110010100111000000000
1010100000010100111000110010100111000000000
0000000000001010110010100111111000100000100
0001010000010100110000100010100111001011011
0100001100100010110010100010100111010000000
0000000011000000000101100010100000000000000
0000000000001000111000110010100111000000000
