//
segsites: 64
positions: 0.014500000000000 0.045240000000000 0.057240000000000 0.063280000000000 0.090960000000000 0.094940000000000 0.108980000000000 0.111320000000000 0.120560000000000 0.127400000000000 0.136340000000000 0.143120000000000 0.207260000000000 0.219000000000000 0.244240000000000 0.293880000000000 0.304360000000000 0.325840000000000 0.355140000000000 0.356820000000000 0.376160000000000 0.379000000000000 0.382860000000000 0.391360000000000 0.410100000000000 0.421420000000000 0.425800000000000 0.426240000000000 0.426340000000000 0.427260000000000 0.447260000000000 0.472940000000000 0.500000000000000 0.518840000000000 0.538960000000000 0.547000000000000 0.551220000000000 0.551340000000000 0.553300000000000 0.557360000000000 0.566680000000000 0.591580000000000 0.599240000000000 0.636960000000000 0.666320000000000 0.676640000000000 0.688460000000000 0.704680000000000 0.753260000000000 0.763860000000000 0.780220000000000 0.816100000000000 0.816160000000000 0.832940000000000 0.835680000000000 0.845100000000000 0.863600000000000 0.879120000000000 0.885320000000000 0.945580000000000 0.950860000000000 0.958480000000000 0.966700000000000 0.971820000000000
1000110000010010000000000100000010100000010101101100011100001000
1000110000010010000000000100000010100000010101101100011100001000
1001111001110110000000000000000100000000010001001000011100011000
1000111001110011000000000000000000000100100010000000000000100011
1001111001110110000001110001011001011001000000000001011000000100
1110000010010000000001110001011001011000000000000000011000000100
1000110100011000100010001000000100000000010001000010100000000100
1010000000010000011100000010100000000010001001010010100001000100
1000110000010010000000000100000010100000010101101100011100001000
1001111001110110000000000000000100000010000001010010100010000100
