//
segsites: 59
positions: 0.063620000000000 0.068300000000000 0.074680000000000 0.143840000000000 0.143960000000000 0.147160000000000 0.153960000000000 0.189800000000000 0.201140000000000 0.234000000000000 0.241920000000000 0.258060000000000 0.272220000000000 0.284300000000000 0.285580000000000 0.289080000000000 0.319520000000000 0.332040000000000 0.332300000000000 0.352780000000000 0.355060000000000 0.361700000000000 0.379840000000000 0.420440000000000 0.427280000000000 0.431520000000000 0.445300000000000 0.474560000000000 0.500000000000000 0.544520000000000 0.568520000000000 0.577260000000000 0.578800000000000 0.592260000000000 0.612620000000000 0.616640000000000 0.620200000000000 0.632360000000000 0.640900000000000 0.656880000000000 0.659560000000000 0.680500000000000 0.683840000000000 0.686500000000000 0.728540000000000 0.734840000000000 0.748260000000000 0.761700000000000 0.808440000000000 0.832100000000000 0.838940000000000 0.869640000000000 0.888960000000000 0.894500000000000 0.925340000000000 0.937960000000000 0.966240000000000 0.978040000000000 0.985960000000000
01001000010101100100000111011010000001010000100111010010010
01010111100000011010001000100100101000000010010000101101000
10100000100000001001011010000100110000100001001000101100001
01001000010001100100000110010010000101010000100111010010010
01001000010101100100000111011010000001010000100111010010010
01001000010000001001101010000101110000100001001000101100001
01001000010101100100000111011010000001010000100111010010010
01001000010011100100000110010010000011011000100111010010010
01001000011001100100000111010010000001010100100111010010110
00100000100000001001001010000100110000100001001000101100001
