//
segsites: 61
positions: 0.008200000000000 0.027040000000000 0.035280000000000 0.076460000000000 0.081840000000000 0.096300000000000 0.099220000000000 0.101560000000000 0.108060000000000 0.112340000000000 0.112760000000000 0.165080000000000 0.171780000000000 0.194280000000000 0.204060000000000 0.216580000000000 0.228680000000000 0.306660000000000 0.353660000000000 0.364720000000000 0.387220000000000 0.390140000000000 0.403700000000000 0.424980000000000 0.428680000000000 0.439420000000000 0.445140000000000 0.480440000000000 0.481320000000000 0.482580000000000 0.500000000000000 0.512820000000000 0.514260000000000 0.514980000000000 0.525200000000000 0.536020000000000 0.588240000000000 0.591300000000000 0.598700000000000 0.608700000000000 0.614440000000000 0.629040000000000 0.629280000000000 0.638120000000000 0.641780000000000 0.667300000000000 0.678120000000000 0.699560000000000 0.730940000000000 0.739080000000000 0.785060000000000 0.806460000000000 0.824160000000000 0.826280000000000 0.830540000000000 0.847700000000000 0.879520000000000 0.884720000000000 0.927780000000000 0.948060000000000 0.989860000000000
1000100000000011011100001000001010010000000100100001101000000
0110011100000000000010000000000010000000100000001000000110000
0001000010011000100000110110110100000011001110010000000001101
1000100000000011011100001000001010010000000100100001101000000
1000100000000011011100001000001010010000000100100001101000000
0000000001000001000001000000000001100100000000000010000000000
1000100000100011011100001000001010010000000100100001101000000
1000100000000011011100001000001010010000000100100001101000000
0000000001000001000001000000000001100100000000000110010000010
0000100000000101011000000001000010011000010101000000010000001
