//
segsites: 82
positions: 0.014740000000000 0.032360000000000 0.058580000000000 0.074740000000000 0.078740000000000 0.079200000000000 0.084400000000000 0.091640000000000 0.107160000000000 0.112080000000000 0.120420000000000 0.137660000000000 0.139300000000000 0.140940000000000 0.179360000000000 0.208980000000000 0.212120000000000 0.239360000000000 0.241760000000000 0.271580000000000 0.302460000000000 0.314400000000000 0.325420000000000 0.332620000000000 0.339960000000000 0.342460000000000 0.344580000000000 0.357280000000000 0.366840000000000 0.427660000000000 0.437760000000000 0.440280000000000 0.450380000000000 0.455140000000000 0.462420000000000 0.469180000000000 0.484460000000000 0.500000000000000 0.506640000000000 0.530120000000000 0.532560000000000 0.533060000000000 0.547400000000000 0.558480000000000 0.558540000000000 0.586220000000000 0.601300000000000 0.604000000000000 0.619760000000000 0.620400000000000 0.623860000000000 0.642360000000000 0.643440000000000 0.644020000000000 0.645900000000000 0.664060000000000 0.670600000000000 0.693420000000000 0.699680000000000 0.714680000000000 0.727460000000000 0.739600000000000 0.752300000000000 0.767620000000000 0.784880000000000 0.787140000000000 0.794960000000000 0.802680000000000 0.812320000000000 0.822420000000000 0.838900000000000 0.854780000000000 0.855360000000000 0.863440000000000 0.866420000000000 0.871120000000000 0.871140000000000 0.880340000000000 0.906480000000000 0.916640000000000 0.996580000000000 0.997560000000000
0001000100001011101000000000000001000000000000000000000100001001001110001010000000
0000100000000000001010000000011100110000101001000000000000100100100000000101000000
0100000010000000010001110111010000111001010111100000100001000010010000000101010110
0000000000000000000001110011010000111000010101001000010000110100000000010101000000
0100000010000000010001110011010000111001010101100100000000000010010000000101000101
1000010001110000000100001000100001000100000000000000000000001001001110001010000000
1000010001110000000100001000100001000100001001000001000000100100100001000101100000
0100000000000100000000000000010010110000101000010010001010000100100000000101001000
0110000010000000010001110010011100110010101001000000000000001001001110001010000000
0001001100001010000001110011010000110000101001000000000000100100100000100001000000
