//
segsites: 35
positions: 0.011240000000000 0.050860000000000 0.121840000000000 0.163580000000000 0.170500000000000 0.212640000000000 0.213980000000000 0.284140000000000 0.305160000000000 0.322400000000000 0.333680000000000 0.334140000000000 0.338660000000000 0.346140000000000 0.363620000000000 0.376860000000000 0.380900000000000 0.462740000000000 0.500000000000000 0.633540000000000 0.668960000000000 0.687640000000000 0.773960000000000 0.780000000000000 0.781280000000000 0.788540000000000 0.848540000000000 0.872440000000000 0.874600000000000 0.877380000000000 0.899340000000000 0.912320000000000 0.930880000000000 0.952320000000000 0.973020000000000
01011011010010011100000100001010000
00000100100101100010010100001010010
10000100100101100010000100001111000
01011000000010011101101011100000101
00000100100101100010000100001110000
00000100100101100010000100001110000
00000100100101100010000100001110000
00000100100101100010000100001110000
00000100100101100010000100001110000
01111011001010011100000100011010000
