//
segsites: 40
positions: 0.002180000000000 0.039060000000000 0.054380000000000 0.064260000000000 0.067420000000000 0.071940000000000 0.093140000000000 0.106220000000000 0.108560000000000 0.123520000000000 0.128800000000000 0.160820000000000 0.214500000000000 0.231600000000000 0.282860000000000 0.331520000000000 0.356000000000000 0.392520000000000 0.430000000000000 0.453300000000000 0.472540000000000 0.489560000000000 0.500000000000000 0.507540000000000 0.535760000000000 0.547660000000000 0.701840000000000 0.729780000000000 0.791100000000000 0.824860000000000 0.826400000000000 0.831340000000000 0.834240000000000 0.886640000000000 0.889600000000000 0.932080000000000 0.940700000000000 0.958180000000000 0.986960000000000 0.989020000000000
1101110010111000110010111001110000001001
1101111001101000110010011001010000001001
1101111001100111000010000110000100010010
1101110010101000110010011001010000001001
1101110010111000110010111001110000001001
1101110010111000110010111001110000001001
1111110010101000110010011001001100010010
1101110010101000110010011001010000001101
0000000000100000001101000100000100010010
0101110101100000000010011001000011101001
