//
segsites: 54
positions: 0.014500000000000 0.039980000000000 0.067040000000000 0.103640000000000 0.109680000000000 0.124020000000000 0.127500000000000 0.171740000000000 0.191800000000000 0.223380000000000 0.287980000000000 0.292140000000000 0.307180000000000 0.315540000000000 0.340020000000000 0.370940000000000 0.391320000000000 0.395060000000000 0.416700000000000 0.437540000000000 0.475500000000000 0.495220000000000 0.496940000000000 0.500000000000000 0.511460000000000 0.520020000000000 0.562680000000000 0.568820000000000 0.571760000000000 0.582720000000000 0.587720000000000 0.596620000000000 0.599100000000000 0.607000000000000 0.620960000000000 0.650640000000000 0.664380000000000 0.673480000000000 0.696820000000000 0.739680000000000 0.747480000000000 0.748000000000000 0.764900000000000 0.776280000000000 0.777160000000000 0.806560000000000 0.810300000000000 0.846420000000000 0.920720000000000 0.922660000000000 0.941040000000000 0.969180000000000 0.977360000000000 0.984120000000000
100111110110111111000000011011100100010100100011000000
001110110110111101001000010011100100010100100011000100
000111110110111101000000010011100100010001011100111011
010000011001110001110110110100001011001001011100111000
000110110110111101000001010011100100010100100011000000
001110110110111101000000010011100100010100100011000000
000110110110111101000001010011100100010100100011000000
000110110110111101000000010011110100110110100011000000
000110110110111101000001010011100100010100100011000000
000110110110111101000001010011100100010100100011000000
