//
segsites: 55
positions: 0.033060000000000 0.035700000000000 0.043480000000000 0.051220000000000 0.057960000000000 0.121960000000000 0.280860000000000 0.319960000000000 0.343300000000000 0.377940000000000 0.404800000000000 0.439640000000000 0.441820000000000 0.453240000000000 0.473220000000000 0.500000000000000 0.566000000000000 0.594940000000000 0.595680000000000 0.621720000000000 0.633120000000000 0.645720000000000 0.649240000000000 0.658840000000000 0.662680000000000 0.663400000000000 0.674420000000000 0.675500000000000 0.675520000000000 0.679680000000000 0.690320000000000 0.698660000000000 0.712240000000000 0.753540000000000 0.767840000000000 0.775360000000000 0.778040000000000 0.781940000000000 0.785140000000000 0.801180000000000 0.811540000000000 0.822640000000000 0.845880000000000 0.870120000000000 0.872740000000000 0.898620000000000 0.906220000000000 0.918400000000000 0.919520000000000 0.932900000000000 0.937220000000000 0.960940000000000 0.961140000000000 0.961580000000000 0.979480000000000
0000010010001100001000011010000001001000000001000000110
0000010000000011100010000100010100100000100010000100000
1001100101110000010000000000001010000011010100100000110
0000010000000011100010000100010100100000100010000100000
0011100101110000010000000000001010000011010100100000000
0000010000000011100010000100010100100000100010000100000
0000010000000011100010000100010100100000100010000100000
0000100100010000000101100001100000010100001000011010000
0000011000000011100010000100010100100000100010000100000
1101100100110000010000000000001010000011010100100001001
