//
segsites: 26
positions: 0.001520000000000 0.024200000000000 0.037940000000000 0.058020000000000 0.142440000000000 0.281680000000000 0.318320000000000 0.414680000000000 0.451740000000000 0.465900000000000 0.470400000000000 0.473220000000000 0.500000000000000 0.554140000000000 0.554780000000000 0.590700000000000 0.624080000000000 0.650180000000000 0.660040000000000 0.693460000000000 0.753480000000000 0.782440000000000 0.838960000000000 0.911160000000000 0.920360000000000 0.953540000000000
01111101011111100001111000
01111101011111100001111000
01111101011111100001111000
01111101011111100001111000
01111101011111100001111000
10111101011100111110110111
00111101011100111110000001
01111101011111100001111000
01111111111111100001111000
01111101011111100001111000
