//
segsites: 41
positions: 0.051400000000000 0.053300000000000 0.095980000000000 0.112280000000000 0.129240000000000 0.154000000000000 0.158120000000000 0.173940000000000 0.225380000000000 0.237500000000000 0.253240000000000 0.281100000000000 0.283580000000000 0.300140000000000 0.308460000000000 0.371860000000000 0.383720000000000 0.416280000000000 0.420340000000000 0.500000000000000 0.512000000000000 0.565420000000000 0.566280000000000 0.566840000000000 0.570240000000000 0.584940000000000 0.630340000000000 0.640360000000000 0.674120000000000 0.680260000000000 0.737840000000000 0.762000000000000 0.771880000000000 0.827080000000000 0.874660000000000 0.907140000000000 0.915540000000000 0.941700000000000 0.966160000000000 0.968560000000000 0.991320000000000
00001000000110101100111001011011000100100
01000101011001010011000000100000110101011
00001000000010100000100000000111000101010
10010111111001010010000000101011000100100
01000101011001010011000000100000110101011
01000101011001010011000000100000110101011
10010111111001010010000000101011000100100
00101000000110100100110000011011000101011
00001000000010110010000110100011001111010
01000101011001010011000000100000110101011
