//
segsites: 24
positions: 0.177160000000000 0.194840000000000 0.252560000000000 0.264040000000000 0.287020000000000 0.335760000000000 0.371380000000000 0.438760000000000 0.488180000000000 0.500000000000000 0.519840000000000 0.522720000000000 0.564120000000000 0.643160000000000 0.652680000000000 0.674560000000000 0.834480000000000 0.853280000000000 0.863760000000000 0.868340000000000 0.874160000000000 0.917500000000000 0.929060000000000 0.967040000000000
111101010011111101000100
111101110011111101011110
111111000111011101111100
111111000111011101111100
111111001111011101111100
111111000111011101111100
111101000011011110000101
111111000111011101111100
111111000111011101111100
111111010011111101011100
