//
segsites: 42
positions: 0.023100000000000 0.054580000000000 0.074600000000000 0.132900000000000 0.175800000000000 0.188280000000000 0.238260000000000 0.261760000000000 0.272980000000000 0.337600000000000 0.399860000000000 0.401160000000000 0.478560000000000 0.500000000000000 0.513060000000000 0.514440000000000 0.595780000000000 0.599160000000000 0.600840000000000 0.603900000000000 0.604000000000000 0.613420000000000 0.702120000000000 0.708960000000000 0.753960000000000 0.756600000000000 0.775800000000000 0.785400000000000 0.793900000000000 0.828400000000000 0.837040000000000 0.839600000000000 0.851060000000000 0.860220000000000 0.861840000000000 0.868840000000000 0.873520000000000 0.889660000000000 0.909400000000000 0.936220000000000 0.989520000000000 0.998520000000000
110001111001011000001001111100011111000100
110001111001011000001001111100011111000100
110001111001011000001001111100011111000100
110010010110100111010010000011100000111011
110001111001011000101001111100011111000100
110001111001011000001101111100011111000100
110001111001011000001001111100011111000100
110001111001011000001001111100011111000100
111001111001001000001001101100001111000100
000100000001001000001001101100000000000000
