//
segsites: 33
positions: 0.019480000000000 0.045420000000000 0.067940000000000 0.084500000000000 0.101240000000000 0.117120000000000 0.121500000000000 0.123280000000000 0.176560000000000 0.192380000000000 0.195480000000000 0.252900000000000 0.263840000000000 0.299240000000000 0.311220000000000 0.372340000000000 0.376820000000000 0.377640000000000 0.448480000000000 0.466800000000000 0.500000000000000 0.519140000000000 0.534340000000000 0.536980000000000 0.543700000000000 0.546160000000000 0.556720000000000 0.696120000000000 0.712240000000000 0.721000000000000 0.786820000000000 0.893140000000000 0.951420000000000
000001000000000001000111010110001
000001000000000000000111000111001
000001000001010110111100101000010
000010010101011110110100101000010
000001000001010110111100101000010
010100101010100000000111000110001
000001000001010110111100101000110
000001000000000000000111000110001
101000000000000000000111000111001
000001000001010110111100101000010
