//
segsites: 60
positions: 0.043100000000000 0.074500000000000 0.074880000000000 0.079320000000000 0.082300000000000 0.089180000000000 0.100140000000000 0.108440000000000 0.109960000000000 0.113180000000000 0.157600000000000 0.161080000000000 0.187620000000000 0.189340000000000 0.192660000000000 0.200200000000000 0.223480000000000 0.240480000000000 0.243440000000000 0.255400000000000 0.269240000000000 0.302880000000000 0.313740000000000 0.340480000000000 0.347000000000000 0.349480000000000 0.356000000000000 0.407640000000000 0.428660000000000 0.430100000000000 0.468780000000000 0.476720000000000 0.500000000000000 0.511380000000000 0.527540000000000 0.582680000000000 0.585180000000000 0.610380000000000 0.612660000000000 0.613260000000000 0.640660000000000 0.661840000000000 0.673360000000000 0.765040000000000 0.772660000000000 0.807340000000000 0.814460000000000 0.820440000000000 0.834700000000000 0.839100000000000 0.846680000000000 0.881260000000000 0.882740000000000 0.892120000000000 0.911460000000000 0.926940000000000 0.935840000000000 0.949580000000000 0.964520000000000 0.977120000000000
110011000010001010010010010000001001110001111101011000011010
110011000010001010010010010000001001110001111101011000011010
000100011001000000001100101110100011000100010001011100100000
101000000000110001100100000000000000100010110001011000000000
110011100010000010010011010000000001001000000000100000000101
110011000110000110010010010001100100110000110001011011000010
110011000010001010010010010000001001110001111101011000011010
110011000010001010010010010000001001110001111101011000011010
110011000110000010010010010000010000110001110111011000001010
101000000000000010010010010000000001110001111101011000011010
