//
segsites: 57
positions: 0.019960000000000 0.021400000000000 0.022160000000000 0.032320000000000 0.035000000000000 0.050400000000000 0.055840000000000 0.057300000000000 0.097960000000000 0.120260000000000 0.151040000000000 0.212760000000000 0.284160000000000 0.314340000000000 0.338120000000000 0.386100000000000 0.414540000000000 0.452920000000000 0.456300000000000 0.458800000000000 0.480920000000000 0.498120000000000 0.500000000000000 0.509880000000000 0.534020000000000 0.555780000000000 0.584520000000000 0.586280000000000 0.593140000000000 0.594880000000000 0.601500000000000 0.616280000000000 0.616540000000000 0.618000000000000 0.628160000000000 0.659080000000000 0.661780000000000 0.670340000000000 0.687780000000000 0.698160000000000 0.706700000000000 0.723260000000000 0.758700000000000 0.763700000000000 0.767480000000000 0.770720000000000 0.813040000000000 0.815720000000000 0.867980000000000 0.899860000000000 0.908320000000000 0.942220000000000 0.944000000000000 0.947880000000000 0.950940000000000 0.951280000000000 0.972480000000000
001000000011000111001011001000010000110000000010001000100
010100100000100100000100110100000100110000000010001000100
001010000010000111011001001000010000110000000010001000100
001000000010000111001001001001010000110001000010000001000
010101100000000111001001001000000100000100101110000001000
100000011100011000100000110100100100000000111110100010011
001000000011000111001011001000010000110000000010001000100
100000011100011011001001001000010000110000000010001000100
001000000011000111001011001000010000110000000010001000100
010100100000100100000100000010001011001010000011010101000
