//
segsites: 23
positions: 0.016500000000000 0.055360000000000 0.149880000000000 0.161700000000000 0.192980000000000 0.213960000000000 0.237780000000000 0.362260000000000 0.372480000000000 0.384320000000000 0.386460000000000 0.431520000000000 0.494220000000000 0.500000000000000 0.508240000000000 0.534940000000000 0.719960000000000 0.745540000000000 0.763860000000000 0.794400000000000 0.814600000000000 0.856100000000000 0.921720000000000
01111000010111111011011
01111000010111111011011
01111000010111111011011
01111000010111111011011
01111000010111111011011
01111000011111111011011
01111000010111111111011
00111000000010110011111
10010010000010110011011
00111101100010110011011
