//
segsites: 51
positions: 0.012980000000000 0.043380000000000 0.093780000000000 0.098280000000000 0.126480000000000 0.127860000000000 0.143160000000000 0.157240000000000 0.183960000000000 0.247520000000000 0.251100000000000 0.292020000000000 0.325120000000000 0.366280000000000 0.378100000000000 0.384920000000000 0.454280000000000 0.454600000000000 0.456920000000000 0.499740000000000 0.500000000000000 0.508200000000000 0.520340000000000 0.525400000000000 0.558260000000000 0.560300000000000 0.567540000000000 0.567720000000000 0.573520000000000 0.600280000000000 0.609720000000000 0.655460000000000 0.680260000000000 0.734800000000000 0.751260000000000 0.753680000000000 0.757280000000000 0.777180000000000 0.795680000000000 0.828180000000000 0.842600000000000 0.878500000000000 0.892660000000000 0.896400000000000 0.897060000000000 0.901680000000000 0.908400000000000 0.941280000000000 0.962020000000000 0.979680000000000 0.999720000000000
010000000100010111100010010000011010110100001001000
110001111010000000011100101010100000010000000110011
010000000100010111100010010000011101001010100000100
110001111010000000011100101010100000010000010000100
110001111010000000011100101010100000010000000110011
110001111010000000011100101010100000010000000110011
010001111010000000011100101010100000010000000110100
001111100001101000000000000101000101001011010000100
110001111010000000011101101010100000010000000110011
110001111010000000011100101010100000010000000110011
