//
segsites: 56
positions: 0.017680000000000 0.115840000000000 0.129860000000000 0.192560000000000 0.193700000000000 0.208600000000000 0.225240000000000 0.228160000000000 0.247780000000000 0.259500000000000 0.303380000000000 0.314720000000000 0.325020000000000 0.374700000000000 0.390160000000000 0.422420000000000 0.426760000000000 0.431040000000000 0.467640000000000 0.471920000000000 0.479400000000000 0.482320000000000 0.490500000000000 0.500000000000000 0.515420000000000 0.530640000000000 0.535140000000000 0.544500000000000 0.550680000000000 0.555000000000000 0.583380000000000 0.593720000000000 0.600840000000000 0.612860000000000 0.625660000000000 0.635720000000000 0.644820000000000 0.666000000000000 0.678840000000000 0.720120000000000 0.735560000000000 0.756440000000000 0.772860000000000 0.781960000000000 0.786180000000000 0.843260000000000 0.924120000000000 0.924280000000000 0.927700000000000 0.930940000000000 0.932980000000000 0.933860000000000 0.950140000000000 0.954200000000000 0.972140000000000 0.983120000000000
10000001100001001100001001101000110010011001011101010111
00000000001000000000000000010101001000000110001111110000
11100000000110110001101000010101001000000010101101010110
11000000000000000000000110001000110011011001011101010110
11111110010000000000010010010101001000100010001101010000
00000000000000000010000110001000110011011001011101010110
11000000000000000000000110001000110011011001011101010110
11000000000000000000000110001000110011011001011101010110
11000000000000000000000110001000110011011001011101010110
11111110010000000000010010010111001100000010001101011000
