//
segsites: 43
positions: 0.021600000000000 0.050500000000000 0.123380000000000 0.141460000000000 0.145940000000000 0.178120000000000 0.186780000000000 0.208700000000000 0.228420000000000 0.244480000000000 0.278080000000000 0.290300000000000 0.299580000000000 0.340720000000000 0.361960000000000 0.370420000000000 0.391140000000000 0.438240000000000 0.456460000000000 0.456860000000000 0.472660000000000 0.485280000000000 0.486840000000000 0.500000000000000 0.502560000000000 0.534120000000000 0.550180000000000 0.627300000000000 0.702820000000000 0.738060000000000 0.755140000000000 0.760960000000000 0.765260000000000 0.768320000000000 0.771760000000000 0.774620000000000 0.808060000000000 0.813200000000000 0.861700000000000 0.896320000000000 0.905760000000000 0.912260000000000 0.920860000000000
1101000110101010010010111000000000000000111
1010111001000010010010101000000000000000111
1010100110010010010010101000100111101110000
1101000110101010010010111000000000000000111
1010111000100101101000000100110111101101000
1010100110000010010011101001001000000000111
1101000110101010010010111000000000000000111
1101000110101010010010111000000000000000111
1101001000100101001100000110100111101101000
1101011000100101001000000100100111111101000
