//
segsites: 47
positions: 0.002280000000000 0.004220000000000 0.007720000000000 0.025120000000000 0.042120000000000 0.084220000000000 0.111220000000000 0.114600000000000 0.172300000000000 0.235020000000000 0.244900000000000 0.270800000000000 0.273840000000000 0.277900000000000 0.361000000000000 0.364560000000000 0.369900000000000 0.375360000000000 0.477540000000000 0.489000000000000 0.500000000000000 0.515940000000000 0.529100000000000 0.599100000000000 0.614740000000000 0.621760000000000 0.678140000000000 0.686340000000000 0.696140000000000 0.706280000000000 0.710900000000000 0.726720000000000 0.760680000000000 0.788620000000000 0.790320000000000 0.807600000000000 0.847940000000000 0.851000000000000 0.852340000000000 0.859740000000000 0.914940000000000 0.918920000000000 0.942160000000000 0.957220000000000 0.961120000000000 0.984740000000000 0.986900000000000
10010000010101110111101001100100011111001010011
00001101010101110111101001100100011111011010011
01100010101111001010000110011001111000100110011
00001101010101110111101001100100011111001010011
00001101010101110111101001100100011111001010011
00001101010101110111101001100110011111001010011
00001101010101110111101001100100011111001010011
00001101010101110111101001100100011111001010011
01000010101111001010010110011001111000000001000
00001101010101110111101001100100011111001010111
