//
segsites: 64
positions: 0.001340000000000 0.014040000000000 0.026660000000000 0.034440000000000 0.050440000000000 0.066240000000000 0.091840000000000 0.098320000000000 0.118180000000000 0.119800000000000 0.141280000000000 0.158060000000000 0.159920000000000 0.173480000000000 0.202240000000000 0.214960000000000 0.239200000000000 0.253540000000000 0.256400000000000 0.257700000000000 0.260940000000000 0.306160000000000 0.322280000000000 0.340720000000000 0.344200000000000 0.349880000000000 0.354360000000000 0.387900000000000 0.388680000000000 0.405840000000000 0.440180000000000 0.454040000000000 0.476320000000000 0.500000000000000 0.521040000000000 0.539060000000000 0.549380000000000 0.572720000000000 0.588460000000000 0.637180000000000 0.637440000000000 0.641580000000000 0.655280000000000 0.676280000000000 0.678540000000000 0.683020000000000 0.684680000000000 0.687000000000000 0.690280000000000 0.691540000000000 0.691920000000000 0.743440000000000 0.774400000000000 0.797300000000000 0.802740000000000 0.811140000000000 0.837400000000000 0.855100000000000 0.879140000000000 0.885360000000000 0.951760000000000 0.960640000000000 0.969260000000000 0.991160000000000
1001000010001101000010110001000000010001000111001000000011010110
1001000010001101000010110001000001000000010000000001100001100100
0100010000010010000000000000010100010010001010000110000001010100
0000100100101000010101000110100000101001000011001000000001010111
0000100100101000010100000010001010000100100000100000011001011000
1001000010001101000010110001000001000000010000010001100001100100
0010001001000000000010010001000000101000000000100000001101000000
1001000010001101000010110001000001000000010000000001100001100100
1001000010001101101000001000000001000000010000000001100001100100
0010001001000000000010010001000000101000000000100000001101000000
