//
segsites: 59
positions: 0.030320000000000 0.031720000000000 0.058480000000000 0.063480000000000 0.082940000000000 0.094980000000000 0.102160000000000 0.103240000000000 0.107580000000000 0.108700000000000 0.114560000000000 0.122900000000000 0.142480000000000 0.176860000000000 0.185540000000000 0.213020000000000 0.213160000000000 0.214400000000000 0.256420000000000 0.267260000000000 0.320280000000000 0.334220000000000 0.335900000000000 0.377960000000000 0.398400000000000 0.399940000000000 0.407800000000000 0.439860000000000 0.460420000000000 0.500000000000000 0.514840000000000 0.575880000000000 0.581300000000000 0.588620000000000 0.590500000000000 0.624120000000000 0.626220000000000 0.632660000000000 0.634520000000000 0.642760000000000 0.666140000000000 0.675900000000000 0.680620000000000 0.694480000000000 0.695680000000000 0.719960000000000 0.730920000000000 0.752200000000000 0.788040000000000 0.790460000000000 0.812920000000000 0.824860000000000 0.862640000000000 0.872340000000000 0.893500000000000 0.902620000000000 0.955140000000000 0.982100000000000 0.985020000000000
11010100010000000100000010100110001110000001100000000000100
10001010001101010000000010100110001110000001100000000000100
10100100100000100010010111001010000001000100000011000001001
11010100010000000100000010100110001110000001100000000000100
10000100000010000001101000010011000001010100010100111000010
10100100100000100010010011000010110000101000001000000110001
11010100010000000100000010100010000110000011100000000000100
11010100010000000100000010100110001110000001100000000000100
10001000000000100010000011000010000001000100000011000001001
10001011001101011000000000000000110000101000001000000110001
