//
segsites: 37
positions: 0.036720000000000 0.041780000000000 0.044940000000000 0.091080000000000 0.129700000000000 0.136540000000000 0.262780000000000 0.265960000000000 0.272200000000000 0.304820000000000 0.355060000000000 0.422520000000000 0.441400000000000 0.452360000000000 0.474340000000000 0.478480000000000 0.483540000000000 0.500000000000000 0.500060000000000 0.530620000000000 0.575300000000000 0.580720000000000 0.636140000000000 0.678120000000000 0.693560000000000 0.738900000000000 0.749900000000000 0.750760000000000 0.824900000000000 0.849780000000000 0.898780000000000 0.903920000000000 0.906640000000000 0.923500000000000 0.958380000000000 0.958560000000000 0.970260000000000
0011000011000000001000001100000011011
0011000000100001110001110001100101100
0011000010011111100111110010111000000
0011000010011111100001110010111000000
0011000000100001110001110001100001100
1100110000100001100001110001100001100
1100010000100001100001110001100001100
0011000100100001110001110001100001100
0011000000100001100001110001100001100
0011001000100001110001110001100001100
