//
segsites: 39
positions: 0.102300000000000 0.124000000000000 0.156320000000000 0.159540000000000 0.188340000000000 0.209580000000000 0.240960000000000 0.241100000000000 0.287840000000000 0.288860000000000 0.296580000000000 0.315560000000000 0.316640000000000 0.321860000000000 0.330440000000000 0.432360000000000 0.463020000000000 0.482200000000000 0.487140000000000 0.500000000000000 0.506200000000000 0.590920000000000 0.591500000000000 0.593200000000000 0.613660000000000 0.619840000000000 0.620560000000000 0.659620000000000 0.697720000000000 0.701640000000000 0.723780000000000 0.769100000000000 0.848860000000000 0.879740000000000 0.919180000000000 0.939360000000000 0.957680000000000 0.965700000000000 0.969000000000000
010111110011000100010000010000001001000
010111110011000100010000010000001001000
010111110001000100000000010110000100011
010010000001000101100111001001110000000
010111110011000100010000010000001001000
010011110001000100000000010110000100011
111011101100110110001000110000001011100
010010000001000101100111001001110000000
010111110011000100010000010000001001000
010111110011001100010000010000001001000
