//
segsites: 59
positions: 0.004480000000000 0.015760000000000 0.026740000000000 0.060400000000000 0.075300000000000 0.083160000000000 0.136700000000000 0.174720000000000 0.189120000000000 0.234480000000000 0.239540000000000 0.247040000000000 0.272520000000000 0.293040000000000 0.300980000000000 0.317060000000000 0.318900000000000 0.330320000000000 0.341960000000000 0.369440000000000 0.383680000000000 0.387260000000000 0.404000000000000 0.433560000000000 0.453800000000000 0.470680000000000 0.476140000000000 0.500000000000000 0.510960000000000 0.517460000000000 0.549100000000000 0.578680000000000 0.611900000000000 0.628740000000000 0.636920000000000 0.641400000000000 0.672020000000000 0.697960000000000 0.723480000000000 0.747520000000000 0.750380000000000 0.752260000000000 0.793820000000000 0.800460000000000 0.813640000000000 0.815780000000000 0.834540000000000 0.857320000000000 0.861620000000000 0.868720000000000 0.869600000000000 0.875780000000000 0.875820000000000 0.881760000000000 0.940860000000000 0.942920000000000 0.964980000000000 0.974680000000000 0.977320000000000
11000000001000000101101000110100100100000100001100100110101
00001000010010111000010010000010010000000000101011001001010
11000000001000000101100000110100100100000100001100100110101
00000110001000000101100000001100100100001100001100100110100
11000000001000000101100000110100100100000110001100100110101
11000000001000000111100000110100100100000100001100100110101
00000010010011111000010011000001001001100100010000010000000
11000000001100000101100000001100100100000100001100100110100
00001000010010111000010010000010010000000000101011001001010
10110001101000000101100100001100000010010001010000010000000
