//
segsites: 29
positions: 0.012880000000000 0.089060000000000 0.089460000000000 0.102820000000000 0.103100000000000 0.110820000000000 0.125300000000000 0.134620000000000 0.136620000000000 0.148240000000000 0.156300000000000 0.162920000000000 0.164240000000000 0.305460000000000 0.390140000000000 0.452280000000000 0.462120000000000 0.500000000000000 0.505440000000000 0.514560000000000 0.534440000000000 0.715600000000000 0.758000000000000 0.847340000000000 0.879120000000000 0.939800000000000 0.966160000000000 0.976720000000000 0.990700000000000
00000000000000011111001010111
00100101000000010011010001010
00000000000010011011000110111
00000000000000011111001010111
00100001001000010011010001010
00000000000000011111001010111
00000000000001111011000010111
00000000000001111011000010111
11011010110100011011100010111
11011010110100011011100010111
