//
segsites: 47
positions: 0.027140000000000 0.051640000000000 0.055000000000000 0.059540000000000 0.083480000000000 0.092500000000000 0.097260000000000 0.164540000000000 0.297340000000000 0.306340000000000 0.341860000000000 0.357440000000000 0.376020000000000 0.408920000000000 0.416060000000000 0.442540000000000 0.489220000000000 0.492780000000000 0.500000000000000 0.570200000000000 0.594640000000000 0.616700000000000 0.620700000000000 0.623240000000000 0.642180000000000 0.673780000000000 0.682960000000000 0.683420000000000 0.710540000000000 0.763580000000000 0.784260000000000 0.808760000000000 0.811960000000000 0.859280000000000 0.867500000000000 0.871980000000000 0.874560000000000 0.916580000000000 0.925380000000000 0.932920000000000 0.936760000000000 0.938980000000000 0.953120000000000 0.967440000000000 0.974260000000000 0.978500000000000 0.982680000000000
11110001011000000010100010000000010000000010010
11110001011000000010100010000000010000000010010
11110001100011111100010000000000000010001001101
11110001011000000010100010000000010000000010010
11110001011000000000000000011000010000000010010
11111001011000000000001000001001000000100000000
11111001011000000000001000001010101001010000010
00000110001100000001100010000000010100000000010
11110001011000000000100111100100000000000100010
11110001011000000010100010000000010000000010010
