//
segsites: 36
positions: 0.054660000000000 0.139960000000000 0.152580000000000 0.172120000000000 0.191300000000000 0.317360000000000 0.329840000000000 0.335600000000000 0.359320000000000 0.380660000000000 0.403980000000000 0.416420000000000 0.425780000000000 0.444060000000000 0.453440000000000 0.461240000000000 0.500000000000000 0.542920000000000 0.598880000000000 0.619040000000000 0.630760000000000 0.660780000000000 0.685520000000000 0.687260000000000 0.693760000000000 0.702240000000000 0.725080000000000 0.752060000000000 0.763840000000000 0.782500000000000 0.821240000000000 0.841540000000000 0.930420000000000 0.935200000000000 0.949320000000000 0.976460000000000
100000000110010000001100001000000100
100001000000000000010011000101111011
100011000000100000010011000101000000
100100011001001110010011110111000000
100100011001001110010011110111000000
100100000110010000101100001000000100
100100011001001110010011110111000000
111100011001001110010011110111000000
100100011001001111010011110111000000
100100111001001110010011110111000000
