//
segsites: 37
positions: 0.002700000000000 0.014720000000000 0.020900000000000 0.062040000000000 0.099980000000000 0.129840000000000 0.207200000000000 0.240960000000000 0.281660000000000 0.284220000000000 0.326740000000000 0.339160000000000 0.343000000000000 0.414840000000000 0.500000000000000 0.521900000000000 0.538040000000000 0.545440000000000 0.556160000000000 0.558940000000000 0.585980000000000 0.601260000000000 0.604980000000000 0.674160000000000 0.685780000000000 0.702660000000000 0.721440000000000 0.745620000000000 0.763100000000000 0.816000000000000 0.822320000000000 0.823040000000000 0.835460000000000 0.847260000000000 0.849080000000000 0.866140000000000 0.954080000000000
1001000000001000010111001010000000110
1000010001001001010101001000000000101
1000001000011000010111001010000000110
1001000000011001110101001000110110000
1000000000011001010101001101001110001
1001000000001000010111001010000000110
1000000001001001010101001000000000101
1000000000011011010101001000110111000
1000000000011101010101001001001110001
0110100110100000001000110001001110001
