//
segsites: 37
positions: 0.123580000000000 0.143400000000000 0.155100000000000 0.221220000000000 0.235460000000000 0.266460000000000 0.351080000000000 0.352600000000000 0.357260000000000 0.375300000000000 0.418540000000000 0.434780000000000 0.454280000000000 0.460380000000000 0.464580000000000 0.476400000000000 0.485300000000000 0.500000000000000 0.511980000000000 0.520840000000000 0.533180000000000 0.538560000000000 0.570620000000000 0.581200000000000 0.630720000000000 0.646280000000000 0.730760000000000 0.736180000000000 0.746340000000000 0.793120000000000 0.806760000000000 0.838240000000000 0.849680000000000 0.852900000000000 0.932620000000000 0.961620000000000 0.983460000000000
1011010000011100000001000001000001110
0101111101000001100000011101000000001
1011010000010100011001000001000011010
1011000010010001000000010010111000000
1011000000110010010001000001000001010
1011000000110010000110100001000001010
1011010000010100010001000001000001010
1011010000010100010001000001000101010
1011010000010100010001000001000001010
1011010000010100010001000001000001010
