//
segsites: 59
positions: 0.005880000000000 0.007600000000000 0.018100000000000 0.019980000000000 0.037120000000000 0.069740000000000 0.078940000000000 0.109840000000000 0.121520000000000 0.127460000000000 0.128620000000000 0.145560000000000 0.166080000000000 0.168620000000000 0.198680000000000 0.202340000000000 0.239100000000000 0.243440000000000 0.245920000000000 0.248620000000000 0.259200000000000 0.270800000000000 0.388720000000000 0.397960000000000 0.466980000000000 0.494320000000000 0.499720000000000 0.500000000000000 0.518140000000000 0.554140000000000 0.566500000000000 0.576500000000000 0.596320000000000 0.599000000000000 0.612480000000000 0.658400000000000 0.664480000000000 0.669300000000000 0.692840000000000 0.714020000000000 0.727380000000000 0.746900000000000 0.756020000000000 0.765660000000000 0.765700000000000 0.770680000000000 0.773700000000000 0.799740000000000 0.816660000000000 0.834480000000000 0.863840000000000 0.877840000000000 0.877900000000000 0.899140000000000 0.911540000000000 0.928760000000000 0.934280000000000 0.948100000000000 0.987580000000000
01000000010111100010000000001010000000010100110000110010101
00100000011111000001001100000000010011101010000011001100010
00100001011111000001001100001100100100010001001100100011100
10010110100001001100010010110000101100000100110000110010101
01000000010111100010000000001010000000010100110000110010101
10010110100001001100010010110000101100000100110000110010101
00101000011111000001100000001101000100000100110000110010101
10010110100001001100010010110000101100000100110000110010101
10010110100001001100010011110000101100000100110000110010101
00100000010111011100010010100000101100000100110000110010101
