//
segsites: 47
positions: 0.041360000000000 0.053620000000000 0.075580000000000 0.099880000000000 0.101980000000000 0.132320000000000 0.152480000000000 0.179360000000000 0.221980000000000 0.237520000000000 0.252620000000000 0.268620000000000 0.269120000000000 0.304460000000000 0.324180000000000 0.325660000000000 0.359280000000000 0.383360000000000 0.408160000000000 0.444740000000000 0.500000000000000 0.523500000000000 0.523940000000000 0.562760000000000 0.575060000000000 0.586900000000000 0.620000000000000 0.643060000000000 0.653400000000000 0.657720000000000 0.669960000000000 0.681540000000000 0.686240000000000 0.693860000000000 0.705480000000000 0.709380000000000 0.720780000000000 0.731080000000000 0.760640000000000 0.798080000000000 0.822400000000000 0.830640000000000 0.839420000000000 0.921840000000000 0.942620000000000 0.948540000000000 0.999060000000000
10100000111101000001010101000100000100110000100
10100000110101000100110000101011100001100000000
10100000110101000100110000101011100001100000000
10000101000010010000000000010000010000001010010
10100000110101000100110000101011100001100000000
01001001000000101011001010001001101001100001001
10000101000010010000010010001001101001100101000
00011011000000000000010010000001100010100001000
10100000110101000100110000101011100001100000000
10100000110101000100110000101011100001100000000
