//
segsites: 38
positions: 0.026200000000000 0.041420000000000 0.062100000000000 0.078240000000000 0.081200000000000 0.082660000000000 0.117660000000000 0.121840000000000 0.131800000000000 0.178280000000000 0.196060000000000 0.220240000000000 0.271200000000000 0.279560000000000 0.279780000000000 0.284440000000000 0.324240000000000 0.346980000000000 0.359840000000000 0.386240000000000 0.409700000000000 0.425600000000000 0.483040000000000 0.500000000000000 0.510120000000000 0.515880000000000 0.579840000000000 0.584780000000000 0.597720000000000 0.637340000000000 0.683540000000000 0.689920000000000 0.750640000000000 0.858980000000000 0.864200000000000 0.890040000000000 0.892520000000000 0.959440000000000
00111011000000000100000101011101101000
00111011000000000100000101011101101000
00000100010001110001100000000101000101
00111011000000000100000101111101101000
11000100001110001010111010000011010010
00111011000000000100000101011101101000
00111011000000000100000101011101101000
00111011000000000100000101011101101000
00111011000000000100000101011101101000
00111011100000000100000001011101101000
