//
segsites: 44
positions: 0.007700000000000 0.009840000000000 0.009840000000000 0.020000000000000 0.037160000000000 0.043800000000000 0.057240000000000 0.071960000000000 0.106780000000000 0.122080000000000 0.125220000000000 0.148760000000000 0.183520000000000 0.204600000000000 0.210880000000000 0.235020000000000 0.261420000000000 0.293460000000000 0.303480000000000 0.308080000000000 0.352600000000000 0.377900000000000 0.385260000000000 0.396460000000000 0.440840000000000 0.445800000000000 0.458080000000000 0.464620000000000 0.500000000000000 0.524640000000000 0.593440000000000 0.596660000000000 0.617620000000000 0.674620000000000 0.684620000000000 0.698080000000000 0.749540000000000 0.770380000000000 0.798900000000000 0.806440000000000 0.858340000000000 0.873360000000000 0.897460000000000 0.906360000000000
00000100110110100010100101100110000000100111
00000100000010010010010010011110001010000000
00000100000010010010010010011110001000100111
00000100000010010010010010011110001010000000
11110011000000001101000000000001000000001001
00000100110010010010101010010110011010000000
11110011001000001101000000000000000111000000
00000100000010010010101001000110000000110111
00000100110011100010100001000110100000000000
11111011000000001101000000000000000000001001
