//
segsites: 29
positions: 0.079200000000000 0.165200000000000 0.233240000000000 0.270040000000000 0.287540000000000 0.324400000000000 0.345080000000000 0.352660000000000 0.360200000000000 0.366300000000000 0.430440000000000 0.500000000000000 0.529520000000000 0.550500000000000 0.566320000000000 0.597320000000000 0.610000000000000 0.649800000000000 0.665520000000000 0.736860000000000 0.748540000000000 0.753420000000000 0.785300000000000 0.789860000000000 0.808340000000000 0.854240000000000 0.877040000000000 0.914500000000000 0.961720000000000
00111001110010000110011000100
11111000000101010100001101010
00110110001000100010001000001
11111000000101010100001101010
11111000000101010100001101010
11111000000101010100001101010
11111000000000001001101000001
11111000000101010100001101010
11111000000101010100001111010
11111000000101010100001101010
