//
segsites: 35
positions: 0.000800000000000 0.062880000000000 0.177580000000000 0.183080000000000 0.238180000000000 0.246020000000000 0.257960000000000 0.274880000000000 0.275660000000000 0.298240000000000 0.450640000000000 0.500000000000000 0.518340000000000 0.520820000000000 0.557560000000000 0.586160000000000 0.670560000000000 0.687040000000000 0.718980000000000 0.749600000000000 0.768760000000000 0.797260000000000 0.806940000000000 0.846660000000000 0.873380000000000 0.877580000000000 0.891780000000000 0.897940000000000 0.898920000000000 0.912980000000000 0.917180000000000 0.931140000000000 0.963080000000000 0.978500000000000 0.981860000000000
00000001001100010111101110101001011
00000001001100010111101110101001011
00000000101000010111101110100001011
00000001000001000111101110101001011
11111110000010100000010000010110101
00000001001100010111101110101001011
00000001001100010111101110101001011
00000001011100010111101110101001011
00000000101000011111101110100001011
00000000101000010000000001000000000
