//
segsites: 51
positions: 0.011540000000000 0.039740000000000 0.079200000000000 0.092200000000000 0.103000000000000 0.153940000000000 0.158400000000000 0.164740000000000 0.167160000000000 0.171140000000000 0.177540000000000 0.184300000000000 0.197060000000000 0.218360000000000 0.224380000000000 0.282600000000000 0.294300000000000 0.295700000000000 0.311960000000000 0.331680000000000 0.338500000000000 0.342980000000000 0.343660000000000 0.364080000000000 0.401420000000000 0.428040000000000 0.473080000000000 0.478900000000000 0.497840000000000 0.500000000000000 0.522680000000000 0.527680000000000 0.552700000000000 0.604140000000000 0.656120000000000 0.688760000000000 0.688960000000000 0.697760000000000 0.737200000000000 0.759400000000000 0.762360000000000 0.808600000000000 0.851960000000000 0.863580000000000 0.890640000000000 0.909360000000000 0.927280000000000 0.930600000000000 0.966540000000000 0.981700000000000 0.989680000000000
001001010110100100001100000001010001111000000000111
100010010010111001100001010110100100000011010111000
010000001010100110000010101110100000000100110000100
001001010110100100001100000001010001111000000000111
001001010110100100001100000001010001111000000000111
001001010110100100001100000001010001111000000000111
001001010110100100001100000001001010000100011000000
000100100001000000000100000000010001111000000000111
001001010110100100001100000001010001111000000000111
000100100000000000010000000000001000000100010111000
