//
segsites: 31
positions: 0.139740000000000 0.142680000000000 0.144740000000000 0.199740000000000 0.216320000000000 0.233700000000000 0.249280000000000 0.307400000000000 0.406120000000000 0.410500000000000 0.420980000000000 0.427740000000000 0.446040000000000 0.455160000000000 0.473640000000000 0.488680000000000 0.500000000000000 0.541040000000000 0.565420000000000 0.686760000000000 0.692920000000000 0.698200000000000 0.722140000000000 0.781120000000000 0.804720000000000 0.823640000000000 0.833360000000000 0.835620000000000 0.883380000000000 0.891380000000000 0.976920000000000
1111111000011101110000111000011
1111111000010001010000111000011
1111111000011101110000111000011
1111111000010001010000111001011
1111111000011101110000111000011
1111111000011111110000111000011
1111111000011101110000111000011
1111111000010001010000111000011
0101111111100001001101000110100
1111111000011101110010111000011
