//
segsites: 33
positions: 0.082360000000000 0.120860000000000 0.130520000000000 0.143360000000000 0.240780000000000 0.243660000000000 0.261700000000000 0.269340000000000 0.286740000000000 0.341120000000000 0.352360000000000 0.380860000000000 0.406920000000000 0.429040000000000 0.453320000000000 0.461320000000000 0.500000000000000 0.509840000000000 0.519800000000000 0.537260000000000 0.561820000000000 0.564700000000000 0.573640000000000 0.609700000000000 0.633600000000000 0.656280000000000 0.666000000000000 0.774500000000000 0.784500000000000 0.804740000000000 0.832280000000000 0.840340000000000 0.957920000000000
000100000001000001110001011011111
011011001010011010001010010011111
011011001000011010001010010011111
011011001000100000001010010111111
011011001000100000001010010011111
011011001000011010001010010011111
011011001000011010001010010011111
011011001000011010001010010011111
111011000000000000010100010011011
000100110100000100000001110011111
