//
segsites: 36
positions: 0.022920000000000 0.110900000000000 0.157440000000000 0.183420000000000 0.185940000000000 0.188840000000000 0.201100000000000 0.235560000000000 0.252480000000000 0.259900000000000 0.289140000000000 0.353880000000000 0.395740000000000 0.419840000000000 0.423440000000000 0.431760000000000 0.500000000000000 0.513760000000000 0.530320000000000 0.589020000000000 0.596040000000000 0.598620000000000 0.627520000000000 0.646000000000000 0.680960000000000 0.687880000000000 0.784480000000000 0.790160000000000 0.796300000000000 0.885700000000000 0.899120000000000 0.900760000000000 0.902740000000000 0.918000000000000 0.938880000000000 0.954740000000000
110100001001000010000100000100001011
110000001001000010000100000100001011
110001001111000000000101000101101011
110000001001010000000110000100001011
110001001001000000001100000101010100
110011001001110000000110000100001011
110001001011000000000101000101101011
111000001001000010000100000100001011
110000001001000010000100000100001011
110000111001001101110000111010001010
