//
segsites: 31
positions: 0.001580000000000 0.015200000000000 0.022520000000000 0.025760000000000 0.040240000000000 0.069420000000000 0.111760000000000 0.132340000000000 0.153700000000000 0.175700000000000 0.177020000000000 0.185960000000000 0.214680000000000 0.218420000000000 0.274720000000000 0.295420000000000 0.463800000000000 0.477980000000000 0.486740000000000 0.500000000000000 0.542240000000000 0.570220000000000 0.622340000000000 0.633520000000000 0.663960000000000 0.667500000000000 0.717420000000000 0.731600000000000 0.779660000000000 0.917740000000000 0.980100000000000
0100000011110001110100000111100
0100000011110001110100000110100
0100000011110001110100000110100
1001011110001101110000000110100
1001010011110001110000001110100
0100000011110011110000000110100
0010000011010001110011110000010
0100000011110001110100000110100
0100000011110001110100000110100
0010100011010001111000000110101
