//
segsites: 34
positions: 0.011860000000000 0.017200000000000 0.076520000000000 0.106740000000000 0.107800000000000 0.124520000000000 0.127180000000000 0.150840000000000 0.163060000000000 0.165340000000000 0.171840000000000 0.204400000000000 0.216080000000000 0.218900000000000 0.243620000000000 0.298140000000000 0.332560000000000 0.343160000000000 0.354920000000000 0.367720000000000 0.385700000000000 0.408060000000000 0.448860000000000 0.456020000000000 0.500000000000000 0.516860000000000 0.722440000000000 0.785680000000000 0.820660000000000 0.830980000000000 0.925680000000000 0.949460000000000 0.990720000000000 0.994020000000000
0010001100000100010010100111111011
0001110001111000010010110011110000
1100000100000111101111101011111001
0010001100000111101011101011110100
1100000100000111101011101011111001
1100000110000111101011101011111001
1100000100000111101011101011111001
1100000100000111101011101011111001
1100000100000111101011101011111001
1100000100000111101011101011111001
