//
segsites: 52
positions: 0.029400000000000 0.041000000000000 0.052520000000000 0.131300000000000 0.135040000000000 0.146240000000000 0.194040000000000 0.215580000000000 0.225660000000000 0.244500000000000 0.286160000000000 0.317760000000000 0.331080000000000 0.333420000000000 0.339900000000000 0.351320000000000 0.396280000000000 0.424800000000000 0.451540000000000 0.469320000000000 0.500000000000000 0.516220000000000 0.535560000000000 0.553480000000000 0.558080000000000 0.569760000000000 0.593240000000000 0.599600000000000 0.642620000000000 0.668960000000000 0.669800000000000 0.677300000000000 0.679500000000000 0.706380000000000 0.754860000000000 0.767360000000000 0.768180000000000 0.780380000000000 0.790860000000000 0.834320000000000 0.855200000000000 0.867500000000000 0.908200000000000 0.919700000000000 0.921640000000000 0.931840000000000 0.953540000000000 0.962380000000000 0.965420000000000 0.966580000000000 0.979640000000000 0.994340000000000
0000010000100000000100000001001001010001110101001000
0010010001000100000000000000110000111011110101100000
1000010100000011001001010011001010010001110111011001
0110010001000000000000100000110100000101101001000000
1000101010011000000010001101001000010000000000000110
1000101010011000000010001101001000010000000000000110
1001001000000000100100100000110100000101101001000000
1000101010011000010010001101001000010000000000000110
1000101010011000000010001101001000010000000000000110
1000101010011000000010001101001000010000000000000110
