//
segsites: 32
positions: 0.019520000000000 0.027380000000000 0.040200000000000 0.068880000000000 0.133540000000000 0.139500000000000 0.178640000000000 0.180240000000000 0.219080000000000 0.268240000000000 0.309440000000000 0.315080000000000 0.355680000000000 0.375980000000000 0.408460000000000 0.430700000000000 0.478280000000000 0.479920000000000 0.500000000000000 0.558500000000000 0.588440000000000 0.593940000000000 0.629000000000000 0.651060000000000 0.723140000000000 0.756560000000000 0.765880000000000 0.771140000000000 0.772640000000000 0.841340000000000 0.922980000000000 0.972760000000000
00000110010100000111010110101101
00000110010100000111010110101101
11100100010100101101001001010100
00000110010100000111010110101101
00001110010100000111010110101101
11100100010100101101001001010100
00000110010100000111010110101101
00000110001110011101100000100110
00010001100100000101000110101101
00000110010101000111010110101101
