//
segsites: 32
positions: 0.010140000000000 0.050160000000000 0.159180000000000 0.180880000000000 0.202020000000000 0.234160000000000 0.261840000000000 0.293120000000000 0.315720000000000 0.364760000000000 0.400420000000000 0.410860000000000 0.411400000000000 0.416420000000000 0.457060000000000 0.500000000000000 0.516860000000000 0.545440000000000 0.565020000000000 0.596760000000000 0.600040000000000 0.617680000000000 0.641340000000000 0.705980000000000 0.723740000000000 0.728960000000000 0.731840000000000 0.750840000000000 0.769900000000000 0.882260000000000 0.948220000000000 0.971420000000000
00101001010010110110100000011001
00101001010010110110100000011001
10000110100001100001000000011001
00101001010010110110100000011001
01010001011100101100011111100110
00101001010010110110100000011001
00101001010010110110100000011001
00101001010010110110100000011001
00101001010010110110100000011001
00101001010010110110100000011001
