//
segsites: 30
positions: 0.009180000000000 0.224040000000000 0.250640000000000 0.252060000000000 0.333240000000000 0.364220000000000 0.457020000000000 0.457260000000000 0.484200000000000 0.496380000000000 0.500000000000000 0.531820000000000 0.553700000000000 0.561120000000000 0.589600000000000 0.610420000000000 0.666600000000000 0.671660000000000 0.682340000000000 0.753320000000000 0.759060000000000 0.763520000000000 0.765120000000000 0.870200000000000 0.871820000000000 0.886100000000000 0.902460000000000 0.906000000000000 0.921780000000000 0.995860000000000
000100001011111110010100001010
010011110000000000000001011110
000100001011111110010100001010
000100001011111110010100001010
101000000101110111111100100010
000100001011111110010100100010
000100001011111110010100001010
000100001011111110010100001010
000010110000000000000011011111
000100001011111110010100001010
