//
segsites: 39
positions: 0.028600000000000 0.049340000000000 0.111020000000000 0.111860000000000 0.159660000000000 0.199020000000000 0.199400000000000 0.217800000000000 0.284140000000000 0.309760000000000 0.309820000000000 0.336860000000000 0.397160000000000 0.400800000000000 0.421500000000000 0.442800000000000 0.483280000000000 0.498200000000000 0.500000000000000 0.509860000000000 0.542080000000000 0.595800000000000 0.612980000000000 0.631100000000000 0.634900000000000 0.661760000000000 0.726500000000000 0.737080000000000 0.755300000000000 0.805520000000000 0.818400000000000 0.834840000000000 0.876220000000000 0.877060000000000 0.898000000000000 0.974480000000000 0.992360000000000 0.996420000000000 0.999500000000000
001010000000010110111011000000111001000
001010000000010110111011000000111001000
001010000000010111011011000000110001000
001010000100010100011011001100100001000
110001111011100000000100110011100110010
001110000000010110111011000000111001000
001010000000011100011011000000000000100
001010000000010110111011000000110000101
001010000000010110111011000000111001000
001010000000010110111011000000111001000
