//
segsites: 49
positions: 0.006340000000000 0.074960000000000 0.122200000000000 0.162500000000000 0.215240000000000 0.244500000000000 0.253160000000000 0.259800000000000 0.297900000000000 0.327060000000000 0.405400000000000 0.434340000000000 0.438320000000000 0.459880000000000 0.463500000000000 0.466860000000000 0.474500000000000 0.491160000000000 0.491160000000000 0.500000000000000 0.559920000000000 0.571780000000000 0.576220000000000 0.576520000000000 0.592760000000000 0.607660000000000 0.617500000000000 0.623380000000000 0.624360000000000 0.654580000000000 0.656480000000000 0.657440000000000 0.669840000000000 0.673000000000000 0.676260000000000 0.742140000000000 0.746540000000000 0.755000000000000 0.760360000000000 0.773040000000000 0.791660000000000 0.795200000000000 0.806360000000000 0.822440000000000 0.838420000000000 0.846040000000000 0.850720000000000 0.908180000000000 0.918400000000000
0010100001000110000000100000000010100111000100000
0010110001000111000000000101000000000000001010000
1011100110111000011011001010101000011000000001100
1010100001000110000100100000000000100111000100001
0010100001000000100000000001010001000000010000010
0010110001000110000100100000000000100111000100001
0010110001000110000100100000000000100111000100001
0010101001000110000000010000000100000111100100000
0110100001000110000000100000000000100111000100000
0010110001000110000100100000000000100111000100001
