//
segsites: 44
positions: 0.011860000000000 0.050540000000000 0.057660000000000 0.067240000000000 0.147740000000000 0.150920000000000 0.156840000000000 0.162540000000000 0.223020000000000 0.228020000000000 0.228200000000000 0.259100000000000 0.260180000000000 0.310340000000000 0.318160000000000 0.328840000000000 0.361080000000000 0.368140000000000 0.391980000000000 0.396900000000000 0.403140000000000 0.404860000000000 0.405240000000000 0.424820000000000 0.441760000000000 0.459100000000000 0.472080000000000 0.500000000000000 0.516540000000000 0.532300000000000 0.540180000000000 0.578560000000000 0.589900000000000 0.619400000000000 0.620380000000000 0.630540000000000 0.684260000000000 0.734500000000000 0.905800000000000 0.935880000000000 0.940600000000000 0.962700000000000 0.971800000000000 0.984880000000000
01110001001011110000000101100010000100100000
11110000010000000000001010011100110000001111
01111110100100001110000001100011000001001111
01110000010000000001001010011100110000001111
01110000010000000000001010011100110000001111
01111110100100001010000001100011000001001111
01110000010000000000001010011100110000001111
01110000010000000000001010001100110000001111
01110000000000000000110000000001001011010000
01110000010000000000001010011100110000001111
