//
segsites: 33
positions: 0.042660000000000 0.080020000000000 0.098840000000000 0.110860000000000 0.231640000000000 0.240120000000000 0.243180000000000 0.281160000000000 0.283920000000000 0.300740000000000 0.350220000000000 0.367240000000000 0.435620000000000 0.494980000000000 0.500000000000000 0.516580000000000 0.533740000000000 0.540020000000000 0.543980000000000 0.573280000000000 0.598460000000000 0.614580000000000 0.635060000000000 0.699500000000000 0.738780000000000 0.748020000000000 0.770020000000000 0.904040000000000 0.922620000000000 0.947820000000000 0.962140000000000 0.965680000000000 0.998660000000000
011001010000011110011101101011100
000010100100010101100001111100011
011001010000011110011101101011100
100010100110010101100001111100011
000010110000011110011101101011100
000010100110010101100001101011100
011101011000110110011111101011100
011001010000011110011101101011100
011001010001011110011101101011100
100010100110010101100001111100011
