//
segsites: 44
positions: 0.036560000000000 0.125640000000000 0.162340000000000 0.167360000000000 0.184120000000000 0.216080000000000 0.229360000000000 0.238880000000000 0.278020000000000 0.329700000000000 0.334480000000000 0.341940000000000 0.359660000000000 0.362700000000000 0.379460000000000 0.387100000000000 0.402520000000000 0.412560000000000 0.417480000000000 0.423860000000000 0.468640000000000 0.483700000000000 0.500000000000000 0.513860000000000 0.568880000000000 0.572060000000000 0.585040000000000 0.593120000000000 0.678800000000000 0.679940000000000 0.709200000000000 0.730420000000000 0.773380000000000 0.785320000000000 0.785560000000000 0.906640000000000 0.920440000000000 0.926600000000000 0.952160000000000 0.953160000000000 0.958620000000000 0.965060000000000 0.967180000000000 0.974600000000000
00100001000000001000101000101011110000010001
11011011000010000000100000100100001111001100
11011101010100110111010110010001010000110001
00100001000000001000101000101011110000010001
00100001000000001000101000101011110000010001
00000000111000000001010001101011110000010001
00000001000010000000100000100001110000010001
00100001000000001000101000101011110000010110
11011001010100010111010110010001010000110001
00100001000001001000101000101000110000010001
