//
segsites: 46
positions: 0.004500000000000 0.006780000000000 0.049540000000000 0.052200000000000 0.071500000000000 0.085340000000000 0.142320000000000 0.145520000000000 0.209860000000000 0.215900000000000 0.233740000000000 0.235260000000000 0.240040000000000 0.243040000000000 0.258980000000000 0.261200000000000 0.283620000000000 0.300440000000000 0.362980000000000 0.377260000000000 0.411620000000000 0.424480000000000 0.434360000000000 0.500000000000000 0.532660000000000 0.566840000000000 0.593880000000000 0.595600000000000 0.639000000000000 0.680980000000000 0.688940000000000 0.713660000000000 0.735620000000000 0.748400000000000 0.755560000000000 0.799500000000000 0.801760000000000 0.814960000000000 0.821220000000000 0.828980000000000 0.841260000000000 0.866580000000000 0.884480000000000 0.902880000000000 0.949580000000000 0.995960000000000
1010000100100101100100100010110001001000111101
1000000111001000001000000101001100110000101001
0001100100000000000001001010110001000000111000
1010111000010000000100110010110001000000111000
1010111000010000000100110010110001000000111000
1010000100001000000100100010000000000000111000
0101111000010010000011000010110001000000111000
1010000100100101100100100010110001001000111101
1010000110001000010000001010000010000111000010
1010000100010000000100110010110001000000111000
