//
segsites: 53
positions: 0.059740000000000 0.066560000000000 0.072640000000000 0.090820000000000 0.102500000000000 0.125040000000000 0.125980000000000 0.156120000000000 0.191880000000000 0.192920000000000 0.206460000000000 0.209600000000000 0.228180000000000 0.240920000000000 0.242620000000000 0.272560000000000 0.306140000000000 0.307560000000000 0.322640000000000 0.351940000000000 0.370280000000000 0.445280000000000 0.500000000000000 0.502600000000000 0.505320000000000 0.514720000000000 0.534180000000000 0.535560000000000 0.540540000000000 0.543940000000000 0.551240000000000 0.557180000000000 0.565220000000000 0.623840000000000 0.640140000000000 0.720600000000000 0.742280000000000 0.755720000000000 0.772820000000000 0.792740000000000 0.801460000000000 0.811280000000000 0.823360000000000 0.834540000000000 0.844400000000000 0.849400000000000 0.856320000000000 0.862060000000000 0.882980000000000 0.893840000000000 0.970760000000000 0.973020000000000 0.986160000000000
01000100101100111011011010001110001000000100100001000
01000100101100110011011010001110001000000100100001000
10110010010011000000000000000100110000100000000010100
01000100101100110011011010001110001000000000000010100
01000100101100110011011010001110001000000100100001000
01000100101100110011011010001110001000000100100001000
00000010010010000100100001110001000111010001001000011
01000100101100110011011010001110001000000100100001000
00001011010010000000000000000000000000001000010001000
10110010010010000000100101100000000000000010000100000
