//
segsites: 35
positions: 0.119400000000000 0.171100000000000 0.176000000000000 0.212380000000000 0.215340000000000 0.241200000000000 0.287220000000000 0.287720000000000 0.311480000000000 0.346940000000000 0.433940000000000 0.500000000000000 0.519580000000000 0.532120000000000 0.552900000000000 0.577240000000000 0.610860000000000 0.614100000000000 0.617180000000000 0.642380000000000 0.715920000000000 0.737920000000000 0.742040000000000 0.748020000000000 0.759080000000000 0.774300000000000 0.785160000000000 0.797200000000000 0.854380000000000 0.863860000000000 0.867780000000000 0.914820000000000 0.928060000000000 0.962420000000000 0.998300000000000
00101010101100100110110000010010001
00101010101100100110110000010010001
00101010101100100110110000010010001
00101010101100100110110000010010001
00101010101100100110110000010010001
11000101110011011001001101100100100
00101010101100100110110000010010001
00110001100010001001001101100100100
00101010101100100110110000010010001
00101010101100100001001110101001010
