//
segsites: 51
positions: 0.047080000000000 0.138580000000000 0.223460000000000 0.269480000000000 0.287780000000000 0.288040000000000 0.300800000000000 0.314560000000000 0.325720000000000 0.335160000000000 0.337400000000000 0.341500000000000 0.358820000000000 0.360260000000000 0.436620000000000 0.457680000000000 0.474080000000000 0.479620000000000 0.487380000000000 0.488720000000000 0.533660000000000 0.550680000000000 0.550900000000000 0.557600000000000 0.571220000000000 0.595160000000000 0.615340000000000 0.638060000000000 0.638220000000000 0.638460000000000 0.674360000000000 0.678940000000000 0.679040000000000 0.685100000000000 0.714860000000000 0.728080000000000 0.749960000000000 0.760420000000000 0.765760000000000 0.824300000000000 0.847680000000000 0.857100000000000 0.868180000000000 0.876400000000000 0.892520000000000 0.895080000000000 0.912700000000000 0.921820000000000 0.931860000000000 0.937860000000000 0.995080000000000
000011000001101010000001100000101000011000000010000
110011000001101010000001100000101000011000010010110
000011000001101010000001100000101000011000000010000
001100110100000000001000000010000011011010001101000
110000111110000001001110100000110001011010001101000
001100110100000000100000001101000000111011001100001
110011000001101010000001100000101000011000100010000
110011000001101110000001100000101000011010001101000
110011000001111010010001110000101000011000000010000
110011000001111010010001100000101100011100000010110
