//
segsites: 52
positions: 0.006700000000000 0.023900000000000 0.030900000000000 0.053660000000000 0.100800000000000 0.102320000000000 0.103180000000000 0.182760000000000 0.186240000000000 0.194200000000000 0.202440000000000 0.205900000000000 0.217660000000000 0.223080000000000 0.252020000000000 0.307360000000000 0.328100000000000 0.333200000000000 0.337840000000000 0.344720000000000 0.346500000000000 0.369140000000000 0.373180000000000 0.426360000000000 0.455720000000000 0.460340000000000 0.485280000000000 0.509540000000000 0.519080000000000 0.526600000000000 0.544100000000000 0.564140000000000 0.598600000000000 0.617640000000000 0.618420000000000 0.620700000000000 0.692360000000000 0.702540000000000 0.702760000000000 0.711360000000000 0.717520000000000 0.752740000000000 0.753020000000000 0.760560000000000 0.764120000000000 0.815020000000000 0.819180000000000 0.822440000000000 0.844940000000000 0.880260000000000 0.972320000000000 0.993440000000000
1100001000101001110010000100000000000100010010100000
1000010100000000011000000000001000010100010010100000
1100001000101001110010000100000000001000000001010110
0000000000010110010000000001000001000100010010100000
1100001000101001110010000100000000001000000001010110
0001000000010110010001000000100100010000100101000000
1100001000101001110010000100000000000100010010100000
0000000000010110010000000010000010100001101000101001
1100001000101001110000101000000010100001101000101001
0010100011010000010100010000010001000110100001000000
