//
segsites: 41
positions: 0.013020000000000 0.026020000000000 0.049460000000000 0.060400000000000 0.108520000000000 0.187520000000000 0.188700000000000 0.191880000000000 0.206540000000000 0.212100000000000 0.213200000000000 0.223740000000000 0.227940000000000 0.269080000000000 0.271580000000000 0.272460000000000 0.324960000000000 0.329160000000000 0.333280000000000 0.420680000000000 0.465220000000000 0.467020000000000 0.526540000000000 0.536040000000000 0.544060000000000 0.571360000000000 0.626940000000000 0.639380000000000 0.650940000000000 0.679880000000000 0.714940000000000 0.772000000000000 0.781980000000000 0.812300000000000 0.939560000000000 0.953020000000000 0.966720000000000 0.966960000000000 0.973800000000000 0.991640000000000 0.999940000000000
10000000000000001001000100011010010100010
00000001000001110000000100011010001000000
10000000000000001001000100011010001000000
00000000000000000001000100000010010010100
00000000000000001001100100011010001000000
00000000000011110011000100000010001000000
00001100000000000001001100000110111000000
01110010111100000101010101100011000101001
00000000000000001001000100011010001000000
00000001000000000001000110011010010100010
