//
segsites: 63
positions: 0.022540000000000 0.025320000000000 0.075620000000000 0.084540000000000 0.096340000000000 0.115620000000000 0.126460000000000 0.183120000000000 0.213300000000000 0.230340000000000 0.232680000000000 0.263720000000000 0.279640000000000 0.280580000000000 0.287540000000000 0.304060000000000 0.306260000000000 0.337360000000000 0.354280000000000 0.379860000000000 0.379980000000000 0.415560000000000 0.421440000000000 0.455060000000000 0.455120000000000 0.476880000000000 0.510040000000000 0.516700000000000 0.522920000000000 0.537820000000000 0.546700000000000 0.592080000000000 0.603660000000000 0.612560000000000 0.617840000000000 0.623620000000000 0.626620000000000 0.632240000000000 0.640680000000000 0.665280000000000 0.666620000000000 0.675740000000000 0.682000000000000 0.693140000000000 0.698200000000000 0.700460000000000 0.704080000000000 0.706940000000000 0.708480000000000 0.709100000000000 0.762860000000000 0.786720000000000 0.794800000000000 0.843560000000000 0.847300000000000 0.856240000000000 0.897920000000000 0.902780000000000 0.912200000000000 0.913600000000000 0.952320000000000 0.963480000000000 0.973380000000000
100000001010000100010011000110000000010000010010000110010001011
100000001010010101010111000110000000010000011010000111010001011
000011000000100000000000000010110100000010010010000110010001011
010000000010000100010011000010000100100000000100101000000000100
100000001010010101010011000110000000010000011010000110010001011
000100100000001000001000100000000011000001110001001000100000011
000000010010000110010011000010001000000100000100101000010001011
001000000101000000100000010001100100100000010000010000001100000
001000000101000000100000000010001000001000000100101000010001011
010000000010000100010011001010000000000000010000010000001111100
