//
segsites: 40
positions: 0.044240000000000 0.057140000000000 0.067940000000000 0.139740000000000 0.150080000000000 0.178980000000000 0.196900000000000 0.216840000000000 0.230760000000000 0.247600000000000 0.270060000000000 0.322900000000000 0.341460000000000 0.423140000000000 0.432480000000000 0.437920000000000 0.448120000000000 0.463920000000000 0.472840000000000 0.475660000000000 0.544160000000000 0.599200000000000 0.603980000000000 0.628220000000000 0.630680000000000 0.644580000000000 0.732640000000000 0.747340000000000 0.773680000000000 0.786360000000000 0.841700000000000 0.849140000000000 0.854380000000000 0.904580000000000 0.908040000000000 0.912540000000000 0.921040000000000 0.972860000000000 0.985020000000000 0.987220000000000
0010000111010010000000101110000010100100
0010000011010000100110010101100010100100
0010000111010110010000101110010010100100
0010000011010000100110010101101110010110
0010100111010010000000010101100010010110
0010001111010000000000101110000010100100
0010000111010000000000101110000010100100
0010000111010010000000101110000010100100
0010000111111000000000101110000010000101
1101010111010001001001101110000011101100
