//
segsites: 45
positions: 0.007800000000000 0.027780000000000 0.068900000000000 0.097820000000000 0.119820000000000 0.137380000000000 0.137940000000000 0.146540000000000 0.160500000000000 0.161980000000000 0.168680000000000 0.172640000000000 0.206480000000000 0.215880000000000 0.247500000000000 0.256460000000000 0.262940000000000 0.298400000000000 0.315560000000000 0.336260000000000 0.376840000000000 0.472280000000000 0.491660000000000 0.503900000000000 0.594900000000000 0.600680000000000 0.624640000000000 0.636960000000000 0.736620000000000 0.792440000000000 0.792480000000000 0.795600000000000 0.801640000000000 0.830640000000000 0.833940000000000 0.834540000000000 0.834940000000000 0.838120000000000 0.878640000000000 0.880980000000000 0.906900000000000 0.953780000000000 0.955140000000000 0.982540000000000 0.996140000000000
001000000110000000001000101000000011010011000
001011011001010001101000101001100000000100110
001011011001010001101000101000010000000100110
001011011001010001101001101000000011010011001
100100100000001100010000010110000000100100000
100100100000001110000110101000100000000100110
001011011001010001101000101000100111010011000
001011011001010001101000101000100111010011000
001011011001010001101000101000001011011011000
011011011001110001101000101000000011010011000
