//
segsites: 39
positions: 0.010880000000000 0.033540000000000 0.065860000000000 0.091020000000000 0.120120000000000 0.161520000000000 0.191420000000000 0.231660000000000 0.270340000000000 0.294800000000000 0.322540000000000 0.365040000000000 0.388160000000000 0.421340000000000 0.432920000000000 0.436260000000000 0.446380000000000 0.462520000000000 0.467380000000000 0.478640000000000 0.507120000000000 0.527360000000000 0.563840000000000 0.616860000000000 0.685980000000000 0.724480000000000 0.745120000000000 0.761420000000000 0.780760000000000 0.793140000000000 0.804620000000000 0.826460000000000 0.828360000000000 0.843780000000000 0.885900000000000 0.901580000000000 0.925680000000000 0.962600000000000 0.993600000000000
011111011001011000001110110101001000000
011111001001011011110001000011001000000
011111111001011000001000111111110100001
011111001001011011110001000011001000000
011111001011011011110000000011001000010
011111001001011000001000110101001000000
011111001101011100001000111111110011000
011111001001011011110000000011001000110
011111001101111100001000111111110000000
111111001001011000001000000011001011000
