//
segsites: 55
positions: 0.003660000000000 0.021720000000000 0.021880000000000 0.045040000000000 0.106580000000000 0.135940000000000 0.156760000000000 0.164400000000000 0.193360000000000 0.193800000000000 0.194520000000000 0.206820000000000 0.224060000000000 0.233340000000000 0.243340000000000 0.270280000000000 0.299060000000000 0.303600000000000 0.315880000000000 0.345940000000000 0.407420000000000 0.412020000000000 0.416260000000000 0.425580000000000 0.469700000000000 0.481560000000000 0.490000000000000 0.502940000000000 0.505220000000000 0.513920000000000 0.540920000000000 0.572860000000000 0.583080000000000 0.589440000000000 0.592420000000000 0.592840000000000 0.612860000000000 0.622620000000000 0.624480000000000 0.640540000000000 0.682380000000000 0.748020000000000 0.748080000000000 0.767540000000000 0.794480000000000 0.814840000000000 0.819960000000000 0.871960000000000 0.874600000000000 0.889960000000000 0.894740000000000 0.916280000000000 0.932280000000000 0.933020000000000 0.996480000000000
0101000000000000000000100011000011100000000010010010000
0000000000100100000000100011000000011000011001100100000
0010100000000100000010110000100100000101000101100000000
0100000000000000000000100011000000011000001001101100100
0000011000011000010000101000000001100010000010010010000
0000000000100100000010110000001100000101000101100001000
0100000000000000000000100111000000011000001001100100000
0000010111000011100100000001000000011000011001100100000
0100000000000000000001100011000000011000001001101100000
1000010100000000001000000000010001000000100100000000011
