//
segsites: 45
positions: 0.014980000000000 0.045800000000000 0.065760000000000 0.066120000000000 0.067720000000000 0.071260000000000 0.073540000000000 0.143940000000000 0.152700000000000 0.174900000000000 0.190400000000000 0.216500000000000 0.251280000000000 0.305780000000000 0.363480000000000 0.403300000000000 0.405220000000000 0.450440000000000 0.451500000000000 0.482980000000000 0.497420000000000 0.519380000000000 0.535460000000000 0.539800000000000 0.570400000000000 0.614720000000000 0.616460000000000 0.637120000000000 0.723200000000000 0.729000000000000 0.768080000000000 0.768920000000000 0.784840000000000 0.786760000000000 0.805700000000000 0.808500000000000 0.848720000000000 0.879340000000000 0.879540000000000 0.881640000000000 0.940220000000000 0.970380000000000 0.974840000000000 0.980920000000000 0.985220000000000
100001100000000100111000110001001001001110101
100001100000000100010100110011000001011101010
100001111011010101010000001011100001011101010
101110011011010100010110110000010100100001010
010100000000000100010001010111000001011101010
101110011011010100010110001011000001011101010
101110000100001010111000110000010000100001010
010100000100000000010000010101001011001101010
010100000100000000010000010101001011001101010
101110011011110100010100110000010000100001010
