//
segsites: 50
positions: 0.046660000000000 0.064940000000000 0.094900000000000 0.101760000000000 0.109740000000000 0.118260000000000 0.118680000000000 0.124220000000000 0.130100000000000 0.149760000000000 0.166940000000000 0.172040000000000 0.192580000000000 0.207320000000000 0.208180000000000 0.229600000000000 0.236940000000000 0.298360000000000 0.362920000000000 0.427120000000000 0.440260000000000 0.513640000000000 0.545760000000000 0.591640000000000 0.593440000000000 0.604620000000000 0.620960000000000 0.673680000000000 0.676900000000000 0.692880000000000 0.696380000000000 0.720080000000000 0.726400000000000 0.750900000000000 0.770400000000000 0.773980000000000 0.811100000000000 0.817500000000000 0.822640000000000 0.837700000000000 0.848700000000000 0.853060000000000 0.877260000000000 0.891840000000000 0.901540000000000 0.939520000000000 0.957180000000000 0.990920000000000 0.991080000000000 0.995360000000000
00010000001000000010110001001100000001100000100101
00010000001000000010110001001100000000100000100101
00010000001000010010110001001100000000101000000000
00010000001000000010111100010001000000010101010010
00010000001000000010110001001100000010000000000000
01000101110001100010110001001100000100100000000101
01000101110001100000000010110010110000100000000101
01000101101000001101001100010000000000010101010010
10001010001110000000000010110010110000000010001000
01100101101000000010110001010000001000010101000000
