//
segsites: 42
positions: 0.036460000000000 0.041280000000000 0.043020000000000 0.046460000000000 0.080300000000000 0.089780000000000 0.101220000000000 0.103600000000000 0.120880000000000 0.127700000000000 0.155360000000000 0.169960000000000 0.216740000000000 0.228780000000000 0.233380000000000 0.252860000000000 0.256920000000000 0.295940000000000 0.344400000000000 0.370960000000000 0.449180000000000 0.458660000000000 0.497720000000000 0.534520000000000 0.556260000000000 0.612200000000000 0.613500000000000 0.638200000000000 0.664380000000000 0.711020000000000 0.789720000000000 0.827200000000000 0.879500000000000 0.881060000000000 0.910420000000000 0.919500000000000 0.923220000000000 0.923400000000000 0.956440000000000 0.979880000000000 0.984080000000000 0.984100000000000
101010000010000001001001011011110010000011
010001011001101100001101011011110010101100
010001011001101000100001011011110010101100
010000000101101100001101011011110010000011
010000000101101000101111011011110010001100
010100100101101100001101111011110011000100
010001011001101000100001011011110010001100
010000000101101100001101011011111010000100
010000000101111100011101011000000100010000
010000000101101110001101011100000100010000
