//
segsites: 70
positions: 0.000760000000000 0.020680000000000 0.068740000000000 0.070200000000000 0.091260000000000 0.101200000000000 0.141220000000000 0.173500000000000 0.196400000000000 0.209140000000000 0.214820000000000 0.221280000000000 0.224240000000000 0.230840000000000 0.246280000000000 0.276600000000000 0.302260000000000 0.303880000000000 0.320040000000000 0.340120000000000 0.394220000000000 0.415600000000000 0.426560000000000 0.428260000000000 0.436340000000000 0.450160000000000 0.470000000000000 0.483660000000000 0.487920000000000 0.508460000000000 0.520800000000000 0.522180000000000 0.527520000000000 0.529640000000000 0.552600000000000 0.579520000000000 0.589260000000000 0.589520000000000 0.591780000000000 0.596540000000000 0.600820000000000 0.610140000000000 0.612480000000000 0.621020000000000 0.649480000000000 0.652540000000000 0.654380000000000 0.661260000000000 0.665540000000000 0.667320000000000 0.668360000000000 0.689020000000000 0.712660000000000 0.730080000000000 0.740720000000000 0.752300000000000 0.774680000000000 0.784980000000000 0.813040000000000 0.823060000000000 0.834120000000000 0.868960000000000 0.874820000000000 0.875980000000000 0.879560000000000 0.941680000000000 0.958340000000000 0.960680000000000 0.962520000000000 0.975640000000000
0010000000001101100000001100000000011110101000001110000101000101000111
1000010000100000001000001010000011000001001010000001110001000010011000
0001101000100000001000001010000010000001001010000001110001000010011000
0000000000010010001001110001000100100000000101100000010001000101000101
0010000010100000001100000000011000011110101000001110000001000000010000
0000010000000000001000000000100000000000010000010000001000000000010000
0001101000100000001000001010000010000001001010000001110001000010011000
0001101000100000000000000000000000000000000000010000001000000000010000
0000010000001101100000001100000000000000000000010000000000111000100001
0100000101000000011010001010000010000001001010000001100010000101000101
