//
segsites: 36
positions: 0.063820000000000 0.090600000000000 0.177520000000000 0.179280000000000 0.184200000000000 0.217980000000000 0.239100000000000 0.253020000000000 0.260000000000000 0.278720000000000 0.317080000000000 0.356280000000000 0.362160000000000 0.366500000000000 0.394440000000000 0.414940000000000 0.424800000000000 0.427720000000000 0.456260000000000 0.482720000000000 0.507300000000000 0.541660000000000 0.547240000000000 0.554000000000000 0.582640000000000 0.696060000000000 0.764960000000000 0.850480000000000 0.855180000000000 0.885060000000000 0.901120000000000 0.912620000000000 0.914700000000000 0.955960000000000 0.964500000000000 0.992220000000000
110101001100011101001010010110001010
000000000011100110110101001101110001
110111001100010101000001010110001010
110101001100010101000010010110001010
110100110011100100110001001101101110
110111001100010101000001010110001010
110111001100010101000001010110001010
001000000011100100110001001101110001
110101001100010101000010100110001010
010101001100010101000010010110001010
