//
segsites: 54
positions: 0.007800000000000 0.047320000000000 0.060660000000000 0.061360000000000 0.102220000000000 0.118740000000000 0.176540000000000 0.233380000000000 0.276380000000000 0.301780000000000 0.353800000000000 0.361660000000000 0.374220000000000 0.420380000000000 0.423580000000000 0.428320000000000 0.433640000000000 0.438360000000000 0.461740000000000 0.514720000000000 0.516720000000000 0.525120000000000 0.587200000000000 0.607040000000000 0.613640000000000 0.627600000000000 0.656820000000000 0.661400000000000 0.671460000000000 0.678900000000000 0.685700000000000 0.695280000000000 0.697220000000000 0.700600000000000 0.726040000000000 0.730840000000000 0.741120000000000 0.751640000000000 0.753220000000000 0.755820000000000 0.778160000000000 0.785840000000000 0.792640000000000 0.826020000000000 0.864220000000000 0.897540000000000 0.908920000000000 0.909760000000000 0.914620000000000 0.916760000000000 0.927960000000000 0.952200000000000 0.963480000000000 0.986520000000000
001101000000000110100111010010101000010101000001000010
111100011110001000110111010010101000010101000001000010
001101000000000110100011011100000101000000110011000000
000000000000100110100000001100000001000000110100000000
001100000010000111100011010010100000010111000001010000
000010100000010000001000101001010010101000101100100001
001101000000000110100011010010100000010101000001011000
000010100000010000001000101001010010101000101100100001
001100000010000110100011010010100000010101000001011000
101100000011000000100011010010100000010101000001010100
