//
segsites: 54
positions: 0.000940000000000 0.004840000000000 0.025880000000000 0.045360000000000 0.073860000000000 0.087000000000000 0.113660000000000 0.128300000000000 0.151060000000000 0.171980000000000 0.181020000000000 0.182120000000000 0.183780000000000 0.188320000000000 0.215500000000000 0.215540000000000 0.216260000000000 0.237960000000000 0.242380000000000 0.251280000000000 0.337680000000000 0.340600000000000 0.361980000000000 0.380360000000000 0.454460000000000 0.459820000000000 0.460480000000000 0.550820000000000 0.594540000000000 0.603480000000000 0.609240000000000 0.612200000000000 0.618560000000000 0.683460000000000 0.693180000000000 0.705400000000000 0.708940000000000 0.713280000000000 0.729780000000000 0.749320000000000 0.750160000000000 0.760140000000000 0.787340000000000 0.787600000000000 0.826280000000000 0.826320000000000 0.832660000000000 0.869160000000000 0.894980000000000 0.899720000000000 0.931640000000000 0.963960000000000 0.971900000000000 0.997160000000000
101010000101001010111010000011001010000001100100000000
101010000101001010111010000000000000100110000000011000
000000101000001000011010000011001010000001100101000000
101000011000010000001001110000000001010000101000100000
010001001000001001011110000100000000100110010000100100
101010000101001010111010000011001010000001100110000001
101010000101001010111010000011001010000001100100000000
000100000010010100000000001011001100001110001000100100
000000011000110000001001110000010000010000101000101010
101010000101001010111010000011101010000001100100000000
