//
segsites: 43
positions: 0.000160000000000 0.023860000000000 0.024520000000000 0.044660000000000 0.069280000000000 0.081240000000000 0.107220000000000 0.117980000000000 0.118620000000000 0.120880000000000 0.167620000000000 0.191100000000000 0.195840000000000 0.216640000000000 0.232020000000000 0.261960000000000 0.303440000000000 0.317080000000000 0.322180000000000 0.347880000000000 0.359540000000000 0.385080000000000 0.400820000000000 0.421300000000000 0.429540000000000 0.438840000000000 0.504120000000000 0.530060000000000 0.547020000000000 0.548140000000000 0.550280000000000 0.572440000000000 0.600820000000000 0.658400000000000 0.671180000000000 0.671220000000000 0.716500000000000 0.782920000000000 0.826880000000000 0.871980000000000 0.878680000000000 0.956640000000000 0.973400000000000
0000000010100011001000000011000100100010100
0111000000001000100100111100001010100000100
0000011001000100000011000000110000111011100
0000000010100011001000000011000100100010100
0000000010110011001000000011000100100011101
0000000010100011001000000000110000110110100
0000000010100011001000000011000100100010100
1000101000000000010000000000110000111011110
0000000100100011001000000011000100100010100
0000000010100011001000100100001011100000100
