//
segsites: 54
positions: 0.026720000000000 0.029740000000000 0.056160000000000 0.065200000000000 0.092380000000000 0.098620000000000 0.154820000000000 0.171160000000000 0.193060000000000 0.204940000000000 0.213860000000000 0.219480000000000 0.229840000000000 0.245360000000000 0.247260000000000 0.261640000000000 0.262820000000000 0.272740000000000 0.274400000000000 0.303460000000000 0.350720000000000 0.382240000000000 0.392200000000000 0.400140000000000 0.437760000000000 0.443360000000000 0.450640000000000 0.494340000000000 0.503580000000000 0.516520000000000 0.522200000000000 0.553460000000000 0.566140000000000 0.568400000000000 0.579660000000000 0.603460000000000 0.607120000000000 0.633180000000000 0.635920000000000 0.658080000000000 0.660400000000000 0.684680000000000 0.685960000000000 0.705820000000000 0.745940000000000 0.774540000000000 0.819680000000000 0.882400000000000 0.933500000000000 0.945700000000000 0.946260000000000 0.957420000000000 0.986020000000000 0.990680000000000
001101011010100010101001010100001011000011000101110000
001000100001000101000000001011000100000000111000000000
001000100001001101000000000011000000001101000100000100
001000100001000101000000001011000100000000000000000000
001101011010100010101001100001110000110000000010000000
001101011010100010100000000011000100000000000000000010
111000000100010100010110001000000000001100000000000000
111010000100010100010110001000000000001100000000000001
001000100001000101000000001011000100000000111000001000
001000100001000101000000001011000100000000111000000000
