//
segsites: 61
positions: 0.004480000000000 0.043480000000000 0.062960000000000 0.074920000000000 0.080180000000000 0.116840000000000 0.124320000000000 0.179580000000000 0.187860000000000 0.225100000000000 0.234160000000000 0.243040000000000 0.256500000000000 0.261700000000000 0.285600000000000 0.310400000000000 0.344040000000000 0.351180000000000 0.372260000000000 0.381060000000000 0.386440000000000 0.418680000000000 0.430980000000000 0.434980000000000 0.442920000000000 0.444680000000000 0.460220000000000 0.478960000000000 0.523880000000000 0.526040000000000 0.529320000000000 0.532020000000000 0.544940000000000 0.545280000000000 0.566580000000000 0.568920000000000 0.573520000000000 0.596020000000000 0.627340000000000 0.697080000000000 0.708900000000000 0.728040000000000 0.731000000000000 0.738140000000000 0.748880000000000 0.765580000000000 0.798840000000000 0.839940000000000 0.851700000000000 0.863260000000000 0.870280000000000 0.902080000000000 0.907000000000000 0.934920000000000 0.945420000000000 0.958060000000000 0.962080000000000 0.967400000000000 0.970160000000000 0.978420000000000 0.999020000000000
0110100010000001000000100000010001000000000000000100000101100
1110000000000010000000000100011001000001010010100001101000011
0000000001011000101110001001010001001010100000100000000010000
1000000001011000000000100000010011000000000000111000010010000
0000000000000010000000000100011001000001010011100001101000011
1110001000000010000001000100011001000001010011100001101000011
0001010100100100011000001000010101100000000010100000000010000
0000000000000000000000010010110001110100001100000010000000010
0001010100100100011000001000010101100000000010100000000000011
0110100010000000000000100000010001000000000000000100000101100
