//
segsites: 44
positions: 0.000600000000000 0.022160000000000 0.027680000000000 0.109360000000000 0.213940000000000 0.288580000000000 0.300040000000000 0.304240000000000 0.337620000000000 0.343420000000000 0.343620000000000 0.391400000000000 0.396280000000000 0.401840000000000 0.408900000000000 0.410300000000000 0.419920000000000 0.436520000000000 0.437780000000000 0.445700000000000 0.490140000000000 0.498300000000000 0.533140000000000 0.539940000000000 0.546540000000000 0.572480000000000 0.572680000000000 0.604960000000000 0.649820000000000 0.664400000000000 0.677120000000000 0.716480000000000 0.755300000000000 0.798300000000000 0.824680000000000 0.824940000000000 0.882420000000000 0.893960000000000 0.916540000000000 0.919720000000000 0.942800000000000 0.980340000000000 0.996300000000000 0.999820000000000
01001011000011100001100010000010011000100111
10010000000111100001100011000010011000100111
01001011000011100001100010000010011000100111
01000100011000001010111000001111011000101011
01101011000011110001100010000010011000100111
01000100011000001010111000001111011000100011
10010000100100000000000100111100101111010010
10010000000100000100000100111100101111010010
01101011000011110001100010000010011000100111
01001011000011100001100010000010011000100111
