//
segsites: 55
positions: 0.004180000000000 0.011480000000000 0.015960000000000 0.038660000000000 0.057080000000000 0.072880000000000 0.104560000000000 0.146180000000000 0.162340000000000 0.170040000000000 0.173280000000000 0.192180000000000 0.239460000000000 0.242640000000000 0.252100000000000 0.257660000000000 0.270040000000000 0.271580000000000 0.309080000000000 0.328780000000000 0.432380000000000 0.443420000000000 0.452440000000000 0.489440000000000 0.509760000000000 0.517020000000000 0.587320000000000 0.595540000000000 0.616060000000000 0.630120000000000 0.646620000000000 0.676620000000000 0.693800000000000 0.698280000000000 0.737040000000000 0.737540000000000 0.745740000000000 0.756540000000000 0.788140000000000 0.798500000000000 0.803480000000000 0.813020000000000 0.831440000000000 0.845220000000000 0.874140000000000 0.874880000000000 0.883140000000000 0.911740000000000 0.915520000000000 0.956800000000000 0.969240000000000 0.975160000000000 0.984680000000000 0.993800000000000 0.994240000000000
0100000000010000000000101100010000000000000000000000000
0010001000010100100000000001000001000100001010000100010
1010000000100100100101000000101100000000110100100011001
0010000010000000000010000010000010001001000000011000100
0010001000010100100000000000000000000100001010000100010
0010001000010100100000000000000000000110001010000100010
0001011001011001010000010000000000000100001000000100010
0010001000010100100000000000000000100100001010000100010
0100000000010000000000101100010000000000000000000000000
0100101100010011011000000000001000010000000001000100010
