//
segsites: 42
positions: 0.047920000000000 0.055280000000000 0.146680000000000 0.148520000000000 0.185080000000000 0.189580000000000 0.235440000000000 0.335980000000000 0.365780000000000 0.374360000000000 0.393400000000000 0.423020000000000 0.466800000000000 0.489020000000000 0.497460000000000 0.500020000000000 0.522880000000000 0.528140000000000 0.534200000000000 0.535620000000000 0.580420000000000 0.590400000000000 0.616020000000000 0.641500000000000 0.665200000000000 0.683600000000000 0.732520000000000 0.741020000000000 0.756180000000000 0.778780000000000 0.786080000000000 0.802860000000000 0.809040000000000 0.809820000000000 0.815820000000000 0.831240000000000 0.878940000000000 0.924720000000000 0.959200000000000 0.959840000000000 0.963920000000000 0.986780000000000
000101010000001011010010010110000000010101
110001111100010000000011101000101010000010
000101010000001011010010010010000000010100
000101010000001011010010010010000000010100
100001111100010000000011101000101010000010
000101010001001011010010010010000000010100
110001111100010000000011101000101010000010
110001111100010000000011101000101010000010
001101010010001011010010010011000000010100
000111010010100100101100000000010101101000
