//
segsites: 35
positions: 0.029860000000000 0.072480000000000 0.082880000000000 0.093080000000000 0.114420000000000 0.127400000000000 0.140460000000000 0.159180000000000 0.165320000000000 0.222260000000000 0.234080000000000 0.336600000000000 0.378580000000000 0.395800000000000 0.433800000000000 0.441480000000000 0.455120000000000 0.559840000000000 0.568560000000000 0.578620000000000 0.611100000000000 0.641660000000000 0.670540000000000 0.780920000000000 0.792980000000000 0.805980000000000 0.822900000000000 0.846840000000000 0.849460000000000 0.877900000000000 0.896280000000000 0.943840000000000 0.944720000000000 0.947040000000000 0.973640000000000
01000100001001110010110001001000010
00010000000100001101110000100111000
10001110100100001001110010100111001
10100001000001110010110001001000010
00010000010100001001110000100111101
10100001000001110010110001001000010
00010000000100001001111000100111101
10100001000001110010110101011000010
00010000000110001001110000100111101
00010000000100001001110000100111000
