//
segsites: 53
positions: 0.001120000000000 0.010300000000000 0.107660000000000 0.112540000000000 0.123080000000000 0.130940000000000 0.184840000000000 0.207120000000000 0.223340000000000 0.237380000000000 0.240760000000000 0.282600000000000 0.303120000000000 0.317600000000000 0.359400000000000 0.407800000000000 0.408820000000000 0.409220000000000 0.462280000000000 0.469220000000000 0.473560000000000 0.476700000000000 0.480460000000000 0.487240000000000 0.501560000000000 0.507360000000000 0.526640000000000 0.533080000000000 0.556700000000000 0.581940000000000 0.586500000000000 0.600360000000000 0.651680000000000 0.701420000000000 0.706460000000000 0.709740000000000 0.715920000000000 0.720300000000000 0.725620000000000 0.750720000000000 0.769300000000000 0.801460000000000 0.867660000000000 0.884400000000000 0.915740000000000 0.925460000000000 0.947660000000000 0.950200000000000 0.953660000000000 0.963340000000000 0.985820000000000 0.988780000000000 0.999860000000000
01011101000001000010000001000000010001001101010000010
01010101000001000010000001000000011001001100010000000
00010101000001000010000001000000010001001100010000000
01010101000001000010000001000000010001001100010000000
11010101000001000010000011000000010001001100010000000
01010100110100101000010000000000100000110000101011000
01010101000001000110000001001000010001001100010000000
01011101001001000010000001000000010011001100010000000
01110100000010010001101000100111000100000000000000101
01010110000001000000000101010000000000000110000100000
