//
segsites: 46
positions: 0.004740000000000 0.043700000000000 0.050460000000000 0.066960000000000 0.091760000000000 0.099580000000000 0.104920000000000 0.152360000000000 0.176660000000000 0.194940000000000 0.203880000000000 0.248040000000000 0.269600000000000 0.276480000000000 0.319840000000000 0.327420000000000 0.342600000000000 0.353540000000000 0.356240000000000 0.419260000000000 0.420020000000000 0.441240000000000 0.443700000000000 0.505660000000000 0.520400000000000 0.537440000000000 0.548720000000000 0.552700000000000 0.621480000000000 0.629680000000000 0.633380000000000 0.640800000000000 0.649940000000000 0.684480000000000 0.687880000000000 0.707280000000000 0.708580000000000 0.820560000000000 0.821240000000000 0.834440000000000 0.869960000000000 0.890360000000000 0.896720000000000 0.918320000000000 0.968140000000000 0.984380000000000
0111010010001100100111100111000100100000101101
0111010010001000010101100011000100110001010010
0011011010001000100101100011000100100001010000
1010100000110000001000000000011010001110100001
0111011010001000100101100011000100100001010000
0000000101000010000001100011000001000000001100
0111010010001000100111100111000100100000101101
0111010010001000100111100111000100100000101101
0011010010001011000100011000100010001100001010
0111010010001000100111100111000100100000101100
