//
segsites: 42
positions: 0.018580000000000 0.054320000000000 0.058000000000000 0.059580000000000 0.063640000000000 0.077060000000000 0.081220000000000 0.092880000000000 0.128320000000000 0.177020000000000 0.214800000000000 0.232080000000000 0.244920000000000 0.272080000000000 0.312280000000000 0.333800000000000 0.337900000000000 0.341240000000000 0.354780000000000 0.364320000000000 0.370820000000000 0.400940000000000 0.413980000000000 0.420120000000000 0.429420000000000 0.475240000000000 0.509980000000000 0.524560000000000 0.592320000000000 0.608680000000000 0.642000000000000 0.675640000000000 0.730640000000000 0.773960000000000 0.779280000000000 0.909600000000000 0.928420000000000 0.933340000000000 0.952660000000000 0.956740000000000 0.972080000000000 0.988720000000000
100100100011010000111110000001111011010100
110100100001001111000101110001111010010110
000000011001010000111100001000000100001000
000000011001010000111100001101111010010100
000000011001010000111100001000000100001000
000000011001010000111110001000000100001000
001000010101010000111100000001111011010100
001001010001110000111100001010111010110100
000000011001010000111100000001111010010101
000010011000001111000101110001111010010100
