//
segsites: 66
positions: 0.019120000000000 0.026940000000000 0.027300000000000 0.031360000000000 0.059020000000000 0.127000000000000 0.157800000000000 0.170980000000000 0.242760000000000 0.246300000000000 0.255440000000000 0.273060000000000 0.284180000000000 0.345920000000000 0.347100000000000 0.352900000000000 0.360260000000000 0.388540000000000 0.393480000000000 0.395140000000000 0.396280000000000 0.405120000000000 0.424980000000000 0.456740000000000 0.461400000000000 0.498580000000000 0.499060000000000 0.504560000000000 0.510840000000000 0.513200000000000 0.526700000000000 0.556700000000000 0.564060000000000 0.578460000000000 0.594860000000000 0.598200000000000 0.636100000000000 0.659760000000000 0.663460000000000 0.666720000000000 0.672960000000000 0.675740000000000 0.680760000000000 0.693780000000000 0.713240000000000 0.719120000000000 0.730340000000000 0.733040000000000 0.739340000000000 0.740440000000000 0.791240000000000 0.803780000000000 0.839820000000000 0.851300000000000 0.872600000000000 0.888100000000000 0.895300000000000 0.921200000000000 0.923400000000000 0.938040000000000 0.954060000000000 0.955140000000000 0.967880000000000 0.980840000000000 0.982080000000000 0.982400000000000
001000000100010100000001010100001001001001001111000000001001000001
000000000000001011000000100010010000010100100000000000001001000000
000100000100000100000010001000001000000000000000000000001101000000
110011000001001011000000100010010000010100100000000100000000000010
000000000000000100000010001000100000000000100000100010001010100010
110010100000000000011000000001000110100010000000010000101000001000
000000000000001011000000100010010000010100100000001100000000000010
000000110010000000000100001000000100000000010000000000001101000000
110011001000100000011000001000000100000000000000000000001001000000
110010100000000000100000010100001001001001001011000001010000110100
