//
segsites: 71
positions: 0.061420000000000 0.072360000000000 0.093700000000000 0.093840000000000 0.096380000000000 0.096600000000000 0.101060000000000 0.106720000000000 0.127860000000000 0.160980000000000 0.161420000000000 0.171760000000000 0.186340000000000 0.187320000000000 0.190520000000000 0.202300000000000 0.216020000000000 0.221860000000000 0.250640000000000 0.256140000000000 0.261300000000000 0.263480000000000 0.277940000000000 0.280880000000000 0.284740000000000 0.285240000000000 0.292100000000000 0.294240000000000 0.294320000000000 0.327260000000000 0.340240000000000 0.349580000000000 0.378280000000000 0.398960000000000 0.422200000000000 0.429300000000000 0.437980000000000 0.445820000000000 0.450720000000000 0.453040000000000 0.488340000000000 0.504640000000000 0.521560000000000 0.557620000000000 0.558800000000000 0.604020000000000 0.607460000000000 0.611100000000000 0.674460000000000 0.727960000000000 0.742820000000000 0.769040000000000 0.770660000000000 0.792040000000000 0.807300000000000 0.846540000000000 0.867840000000000 0.882800000000000 0.903740000000000 0.909400000000000 0.910160000000000 0.937280000000000 0.945040000000000 0.949460000000000 0.962800000000000 0.964600000000000 0.967300000000000 0.970040000000000 0.974420000000000 0.990940000000000 0.999660000000000
01010000000000000100000111000000100001000101000010100000001000111000100
00000000000000010001000000000010000000100011100001001100000010000010000
00000010000000100000001001000001000000111000000100010011110100001000010
11111000000010000110100001000100011110000001000001001100000000000100001
01010000001101000000000001011010000000100011010001001100000010000010000
00000000000000010001000000000001000000100000000100001100000001000100010
00000101100000100000001001000001000000111000001100010011110000001001000
11111000000010000110100001000100010110000001000001001100000000000100001
00000101100000100000001001000001000000111000001100010011110000001001000
00000000010100001000010000101100000000100000000100010011110000001001000
