//
segsites: 47
positions: 0.006760000000000 0.047600000000000 0.051060000000000 0.077580000000000 0.078220000000000 0.185060000000000 0.199560000000000 0.203720000000000 0.259960000000000 0.271900000000000 0.305400000000000 0.307760000000000 0.345100000000000 0.398600000000000 0.401380000000000 0.498560000000000 0.529340000000000 0.545440000000000 0.559800000000000 0.572420000000000 0.576940000000000 0.603720000000000 0.618700000000000 0.626000000000000 0.672100000000000 0.683440000000000 0.686860000000000 0.708760000000000 0.729620000000000 0.746280000000000 0.758020000000000 0.763220000000000 0.786760000000000 0.797040000000000 0.799180000000000 0.800520000000000 0.802860000000000 0.810100000000000 0.845000000000000 0.876460000000000 0.879140000000000 0.886140000000000 0.887220000000000 0.926040000000000 0.941580000000000 0.953040000000000 0.998400000000000
10100010011101101000111000100000000001000000010
10100010001101101000111000100000001010000010100
00011101000000000101000000100100010000111100001
00011101000000010100010001110011101100000001000
00011101000000000100010001100000010000111100001
00011000100010000100000110000010001010000010100
00011101000000000010111000100000000001000000010
01000010000000000101000000101100010000111100001
00011000100010000100000110000010001010000010001
00011101000000000010111000100000000001000000010
