//
segsites: 51
positions: 0.048080000000000 0.049660000000000 0.050060000000000 0.078060000000000 0.079020000000000 0.090900000000000 0.122820000000000 0.160280000000000 0.168620000000000 0.230180000000000 0.254920000000000 0.255220000000000 0.268620000000000 0.295300000000000 0.319300000000000 0.332180000000000 0.347460000000000 0.364160000000000 0.370460000000000 0.396080000000000 0.421360000000000 0.445060000000000 0.469780000000000 0.480040000000000 0.481800000000000 0.528220000000000 0.545920000000000 0.571420000000000 0.585320000000000 0.588620000000000 0.595000000000000 0.600860000000000 0.622300000000000 0.637200000000000 0.648040000000000 0.656980000000000 0.728840000000000 0.739520000000000 0.753480000000000 0.757460000000000 0.758140000000000 0.760860000000000 0.829900000000000 0.869780000000000 0.896520000000000 0.899100000000000 0.927200000000000 0.946180000000000 0.961260000000000 0.977640000000000 0.996580000000000
010100000000010010100100110000100010000100111100110
010100000000000110101100110001100010000100101100100
010100100000001010100101111100000101010001000010000
010100001000000010100100110001100010000100101100100
000011010001100000010000001110000101101001000010000
010100000000001010100100111100000101000001000010000
110100000000000010100100110000101010000001000011001
000000000100000001100110100000110000000010000011001
010100000010010010100100110000100010000100111100110
011100001000000010100100111100000101000001000011001
