//
segsites: 38
positions: 0.003460000000000 0.003640000000000 0.106820000000000 0.163100000000000 0.168940000000000 0.203440000000000 0.260560000000000 0.308060000000000 0.350860000000000 0.370220000000000 0.376340000000000 0.408720000000000 0.426160000000000 0.446800000000000 0.473820000000000 0.496800000000000 0.527840000000000 0.529980000000000 0.536100000000000 0.570660000000000 0.579360000000000 0.648480000000000 0.648920000000000 0.652200000000000 0.680640000000000 0.699400000000000 0.706480000000000 0.733020000000000 0.745160000000000 0.756860000000000 0.771200000000000 0.789200000000000 0.800980000000000 0.837440000000000 0.902940000000000 0.911120000000000 0.982640000000000 0.999700000000000
00100010011100001111000100110010000000
00100110010100001011000100010010000000
00100010011100001011000100110010000000
00100010010100101011100001001101111000
00101010010100001011000110010010000000
00100010011100001011000100010010000000
00100010011100001011000100010010000000
00100010010100001011001100010010000000
00100010100110001011000100010010000100
11010011000101011011110001001101110011
