//
segsites: 45
positions: 0.027500000000000 0.039940000000000 0.045820000000000 0.047380000000000 0.073460000000000 0.081800000000000 0.082000000000000 0.181680000000000 0.204160000000000 0.232120000000000 0.250900000000000 0.259800000000000 0.279040000000000 0.285640000000000 0.358980000000000 0.365640000000000 0.399980000000000 0.425320000000000 0.453140000000000 0.456680000000000 0.474880000000000 0.524600000000000 0.527480000000000 0.581720000000000 0.603400000000000 0.652180000000000 0.652400000000000 0.661980000000000 0.692060000000000 0.706780000000000 0.753000000000000 0.820420000000000 0.836400000000000 0.847320000000000 0.850480000000000 0.854080000000000 0.858020000000000 0.861180000000000 0.883060000000000 0.905860000000000 0.930460000000000 0.961080000000000 0.967700000000000 0.986160000000000 0.994900000000000
000100000101010101000100000001000000001000000
000100000101010101000100000001101001000001000
000011000000001000010000110110000100011011001
011000001010000010101010010100010011100101110
100100100101010101000100000001101001000001000
000100000100110101000101000001000010000101001
000100000101010101000100000001101001000001000
000100000100001001000100000000010011100101000
010000011010000010101010010100010011100101010
000011000000001000010000111110000100011011000
