//
segsites: 41
positions: 0.002860000000000 0.010120000000000 0.023340000000000 0.036800000000000 0.068000000000000 0.073620000000000 0.079800000000000 0.095760000000000 0.108180000000000 0.135660000000000 0.155820000000000 0.166360000000000 0.182020000000000 0.196360000000000 0.266580000000000 0.300840000000000 0.339120000000000 0.366180000000000 0.382980000000000 0.399480000000000 0.436440000000000 0.476780000000000 0.513220000000000 0.573920000000000 0.577440000000000 0.589380000000000 0.590300000000000 0.611980000000000 0.635520000000000 0.659280000000000 0.748620000000000 0.838860000000000 0.871040000000000 0.912500000000000 0.916560000000000 0.919580000000000 0.927340000000000 0.934740000000000 0.957800000000000 0.970540000000000 0.982480000000000
00000111100001011110000000100100000101000
00000111100011010110000000100101010001000
01000111110000000001110011011010100010011
00000101100001110001110011011010101010011
00010111101001010110001000100101010001000
00010111101001010110001000100101010001000
10100101100001110110000000100100000101000
00000111100001010110000000100100000101100
00000111100101110110000000100100000101000
00001111100001011110000100100100000101000
