//
segsites: 55
positions: 0.020400000000000 0.030560000000000 0.037420000000000 0.042260000000000 0.070240000000000 0.076580000000000 0.100440000000000 0.106140000000000 0.114780000000000 0.139440000000000 0.140020000000000 0.173400000000000 0.215060000000000 0.224120000000000 0.238100000000000 0.242740000000000 0.242940000000000 0.254740000000000 0.281100000000000 0.326740000000000 0.369140000000000 0.389280000000000 0.394240000000000 0.399360000000000 0.407140000000000 0.407780000000000 0.419820000000000 0.432800000000000 0.573140000000000 0.573240000000000 0.587060000000000 0.610660000000000 0.633460000000000 0.633540000000000 0.638600000000000 0.661600000000000 0.670600000000000 0.672900000000000 0.680540000000000 0.683440000000000 0.713460000000000 0.731320000000000 0.754200000000000 0.776700000000000 0.783040000000000 0.860960000000000 0.864860000000000 0.867700000000000 0.878860000000000 0.930660000000000 0.942480000000000 0.942680000000000 0.987020000000000 0.991100000000000 0.997900000000000
0010000000001110101000010000000110000000101011001000000
1001000110000001000000000000000110000000100010001100100
0001000000000000000000101000000000110100000000000010001
0001001111100000000000000000000110000001101011001000000
0001000000000000010000101000000000110000000000000010001
0001100000000000001001010000100001001010100010001000000
0001000110000000000100000000000001000000000000000011001
0001100000000000001001010000100001001010100010001000000
0010000000001100101001010000101001001010010100010000010
0101010110010000000010000111010001000000000000100010001
