//
segsites: 57
positions: 0.003100000000000 0.015920000000000 0.044500000000000 0.045900000000000 0.056840000000000 0.075280000000000 0.075320000000000 0.084880000000000 0.098140000000000 0.141360000000000 0.175320000000000 0.186560000000000 0.188260000000000 0.197140000000000 0.209700000000000 0.229700000000000 0.266840000000000 0.272420000000000 0.274540000000000 0.294380000000000 0.302120000000000 0.356740000000000 0.361980000000000 0.374120000000000 0.379720000000000 0.414480000000000 0.447760000000000 0.493200000000000 0.519220000000000 0.519500000000000 0.539680000000000 0.549980000000000 0.555860000000000 0.570400000000000 0.598920000000000 0.602480000000000 0.604300000000000 0.630840000000000 0.645220000000000 0.696220000000000 0.719840000000000 0.724060000000000 0.747220000000000 0.748160000000000 0.751140000000000 0.780420000000000 0.789400000000000 0.815180000000000 0.816240000000000 0.849420000000000 0.858760000000000 0.885780000000000 0.903040000000000 0.946220000000000 0.956360000000000 0.959840000000000 0.985940000000000
000100000000000100000000000000000000101000000001010101000
000001011001010000000000000000000000100000000010000010011
000000011001010010001010000000001010000100000010000000000
101000100110101000000001111010100101010011000010000000000
100000100100101000000001111010100101010011000010000000000
100010011001010010001010001110100101010011000010000000000
010000100000000000110100000000010000100000001010001010011
000000011001010011001001111010100101010011100010000010110
100000100100101000000001111010100101010000010100100000000
100000100100101000000000000001001010000000000000000010011
