//
segsites: 55
positions: 0.002180000000000 0.105900000000000 0.121880000000000 0.148080000000000 0.148140000000000 0.198480000000000 0.231060000000000 0.251640000000000 0.261280000000000 0.307800000000000 0.320480000000000 0.322120000000000 0.327340000000000 0.330160000000000 0.345020000000000 0.360400000000000 0.366280000000000 0.431160000000000 0.434160000000000 0.451160000000000 0.470360000000000 0.499700000000000 0.522620000000000 0.528860000000000 0.550000000000000 0.560760000000000 0.567360000000000 0.568600000000000 0.597740000000000 0.607860000000000 0.619120000000000 0.626300000000000 0.639160000000000 0.642520000000000 0.654580000000000 0.691840000000000 0.701620000000000 0.701920000000000 0.709180000000000 0.727760000000000 0.742920000000000 0.762180000000000 0.792880000000000 0.811220000000000 0.825100000000000 0.835220000000000 0.861020000000000 0.861220000000000 0.878400000000000 0.881420000000000 0.954900000000000 0.973760000000000 0.976240000000000 0.977980000000000 0.991900000000000
0100101000001010000001000100000101100100000000000000000
0100101100000000010100001010000110010000010000101000001
0100010000000100011001010000000101000000100000010000100
1011010000000100011001110000000101000000100000010000100
0100101000001000010000000001001101000100000000001010010
0100010000000100011001010000000101001000100000010000100
0100010000000100011001010000000101000000100000010000100
0100101000001001010010000001001101000100000001001011010
0100001011110000000000001010000110010000010000001010010
0111001000001000100001000000110001000011001110000100000
