//
segsites: 34
positions: 0.013420000000000 0.024440000000000 0.044260000000000 0.071740000000000 0.079580000000000 0.099860000000000 0.105260000000000 0.146060000000000 0.190500000000000 0.206000000000000 0.210660000000000 0.238340000000000 0.240780000000000 0.254480000000000 0.301960000000000 0.326320000000000 0.355280000000000 0.413100000000000 0.455280000000000 0.489280000000000 0.530800000000000 0.536720000000000 0.607620000000000 0.654900000000000 0.661480000000000 0.665660000000000 0.722460000000000 0.760300000000000 0.808000000000000 0.838760000000000 0.850120000000000 0.879020000000000 0.908700000000000 0.915880000000000
0000011001111100010011100010011000
1101101000001110101100000010100110
0101001000001110101110100010011000
0000011001101101010010100110011000
0000011001101101010100000011100110
0000011001101101010010100010011000
0101001001101100010011100010000001
0000011001101100010010111000100100
0010011001101100010010111000100100
0000011111101101010010100010011000
