//
segsites: 63
positions: 0.011340000000000 0.025240000000000 0.030440000000000 0.035940000000000 0.040200000000000 0.040500000000000 0.118320000000000 0.180700000000000 0.186220000000000 0.200920000000000 0.202100000000000 0.235960000000000 0.247480000000000 0.255900000000000 0.256800000000000 0.263460000000000 0.267160000000000 0.274980000000000 0.280480000000000 0.303180000000000 0.326420000000000 0.328200000000000 0.331200000000000 0.337100000000000 0.355120000000000 0.357820000000000 0.358340000000000 0.362280000000000 0.402160000000000 0.424740000000000 0.430180000000000 0.431600000000000 0.466260000000000 0.490740000000000 0.492820000000000 0.496540000000000 0.502220000000000 0.517360000000000 0.584500000000000 0.589620000000000 0.624900000000000 0.640180000000000 0.745700000000000 0.775660000000000 0.788100000000000 0.801100000000000 0.808580000000000 0.811120000000000 0.814820000000000 0.815300000000000 0.818220000000000 0.819280000000000 0.820100000000000 0.824520000000000 0.851120000000000 0.915160000000000 0.919940000000000 0.924620000000000 0.932920000000000 0.951100000000000 0.968120000000000 0.974680000000000 0.990540000000000
000001011000000000000000001010000000010001100000000101010100011
001000000100011000001110000000110000001000010011010000001001000
000000000001000000000000000000001100111010000100000000000000011
010000100000100001100001000000110000001000001000000000000000100
100010010000000010010000110110000010011000000000000101010100011
001000000000011000001100000000110001010001010011010010001001000
010000011010000000000000001010000000010001101000101000100000000
010000011010000000000000001010000000010101101000101000100000000
010000000000011100001100000001110000001000000100000000000000000
000100000000000000000000000000000000010001101000101000100010000
