//
segsites: 74
positions: 0.009780000000000 0.028340000000000 0.045560000000000 0.045960000000000 0.047760000000000 0.055280000000000 0.068540000000000 0.069620000000000 0.087160000000000 0.101980000000000 0.115220000000000 0.131320000000000 0.135240000000000 0.135640000000000 0.140400000000000 0.147320000000000 0.160720000000000 0.166200000000000 0.182400000000000 0.190000000000000 0.203060000000000 0.204600000000000 0.221560000000000 0.228540000000000 0.245660000000000 0.280100000000000 0.292620000000000 0.296600000000000 0.298860000000000 0.300680000000000 0.333300000000000 0.339760000000000 0.392440000000000 0.405700000000000 0.413580000000000 0.423100000000000 0.433160000000000 0.446720000000000 0.448220000000000 0.464520000000000 0.466560000000000 0.479800000000000 0.503740000000000 0.507760000000000 0.522440000000000 0.528820000000000 0.533960000000000 0.538360000000000 0.584640000000000 0.619960000000000 0.630200000000000 0.671900000000000 0.696100000000000 0.702620000000000 0.710920000000000 0.730540000000000 0.733120000000000 0.747900000000000 0.768360000000000 0.778680000000000 0.796500000000000 0.800280000000000 0.802980000000000 0.839820000000000 0.844360000000000 0.887020000000000 0.901820000000000 0.925200000000000 0.940040000000000 0.950520000000000 0.962260000000000 0.967340000000000 0.976060000000000 0.995100000000000
11100000000001000000000000000011000100000000000100100100001000000000000001
11000000000001000000000000000000000000001001011000000001000000000010000000
11000000000001000000000000000100001100100000000001000001010010000000110001
00010000000000010000000111001000100000000010000001000001010001010101000100
11000000000000000000000000010000010000001001001000000001000000000010000000
00001000010010000100010000100000000000011000100010011001000001010001000010
11000000000000000010000000010000010010001001001000000001000000000010000000
11000000001001000000000000000100010001000000100010011001100000000010000000
00000111000100101001101000000000000000000100001000000001000101110000000001
11000000100001000000000000000100010000001001001000000011000000001010001000
