//
segsites: 42
positions: 0.000620000000000 0.007920000000000 0.052860000000000 0.059400000000000 0.099660000000000 0.102620000000000 0.105340000000000 0.108580000000000 0.174300000000000 0.180400000000000 0.181500000000000 0.244440000000000 0.369360000000000 0.376580000000000 0.460640000000000 0.489600000000000 0.492980000000000 0.518360000000000 0.524440000000000 0.532260000000000 0.543320000000000 0.549540000000000 0.553840000000000 0.562480000000000 0.597520000000000 0.599720000000000 0.617080000000000 0.640120000000000 0.672840000000000 0.702800000000000 0.707100000000000 0.715620000000000 0.760160000000000 0.805600000000000 0.820260000000000 0.915640000000000 0.920840000000000 0.941780000000000 0.950860000000000 0.964560000000000 0.986300000000000 0.989460000000000
000000010101001111100001000100001111000100
000000001101101111100001000100001111000100
000100000001001111100001000100001111100100
111101000000000000011110111010110000011011
000000000100011111100001000100001111000100
000000000101001111100001000100001111000100
000010001101101111100001000100001111000100
000000110101001111100001000101001111000100
000000000101001111100001000100001111000100
000000001111001111100001000100001111100100
