//
segsites: 35
positions: 0.006020000000000 0.012300000000000 0.042580000000000 0.045600000000000 0.086940000000000 0.087080000000000 0.122320000000000 0.126720000000000 0.128940000000000 0.130260000000000 0.181740000000000 0.213780000000000 0.233000000000000 0.243240000000000 0.254620000000000 0.265820000000000 0.300940000000000 0.368040000000000 0.377260000000000 0.447420000000000 0.447560000000000 0.456720000000000 0.561360000000000 0.595760000000000 0.669200000000000 0.683480000000000 0.701780000000000 0.798920000000000 0.834260000000000 0.848060000000000 0.857880000000000 0.871580000000000 0.918320000000000 0.929660000000000 0.965520000000000
00000100000000011111111101101000100
00000100000001001101111101101001010
01101010000010001101111101101001000
10010001110100111101111101101001000
10001010000010001101111101101101001
00010000000000011101111101101000100
10010001110100011101111111101101000
10010001111100011101111100111010000
10010001110100011101111111101101000
00000100000000011101111101101000100
