//
segsites: 59
positions: 0.008840000000000 0.011580000000000 0.016920000000000 0.022460000000000 0.036180000000000 0.070920000000000 0.072820000000000 0.136800000000000 0.139900000000000 0.156860000000000 0.175040000000000 0.185820000000000 0.231880000000000 0.249000000000000 0.262280000000000 0.269020000000000 0.274800000000000 0.307540000000000 0.312160000000000 0.345040000000000 0.345580000000000 0.375220000000000 0.378560000000000 0.385220000000000 0.388040000000000 0.394860000000000 0.438440000000000 0.442220000000000 0.506140000000000 0.529820000000000 0.586700000000000 0.594800000000000 0.598000000000000 0.601560000000000 0.612940000000000 0.613000000000000 0.644760000000000 0.690120000000000 0.709560000000000 0.716980000000000 0.717760000000000 0.725940000000000 0.735140000000000 0.751720000000000 0.763980000000000 0.768580000000000 0.778700000000000 0.801460000000000 0.830900000000000 0.849180000000000 0.856520000000000 0.892260000000000 0.897700000000000 0.909460000000000 0.913800000000000 0.915320000000000 0.943320000000000 0.959740000000000 0.978120000000000
10000100100010000100010010000000010010000001000000110010000
10000100100010000100011000011000001100011110111110001100100
01100000000100100010110000000001101001001100000010000001000
10000100100010000100011000011000001100101110111110000100100
00000010001001011000000101000001101001001100000010000001000
00011001010000000001010100100000001000001100000011000010011
01000000000100000000110000000001101001001100000010000001000
00011001010000000001010100100110001000001100000110000100100
01000000000100000000110000000001101001001100000010000001000
01100000000100100000110000000001101001001100000010000001000
