//
segsites: 53
positions: 0.003460000000000 0.013420000000000 0.069360000000000 0.070540000000000 0.087060000000000 0.099180000000000 0.140060000000000 0.142620000000000 0.148260000000000 0.158820000000000 0.184200000000000 0.203440000000000 0.215800000000000 0.234760000000000 0.256120000000000 0.257680000000000 0.262120000000000 0.273020000000000 0.281820000000000 0.321700000000000 0.328020000000000 0.349980000000000 0.380580000000000 0.391420000000000 0.393180000000000 0.410000000000000 0.410540000000000 0.416800000000000 0.421360000000000 0.433560000000000 0.475500000000000 0.522940000000000 0.561060000000000 0.565440000000000 0.576100000000000 0.577660000000000 0.578660000000000 0.586160000000000 0.586640000000000 0.604560000000000 0.607220000000000 0.613460000000000 0.626100000000000 0.646820000000000 0.648440000000000 0.688920000000000 0.692000000000000 0.787320000000000 0.820140000000000 0.847140000000000 0.847820000000000 0.856160000000000 0.946640000000000
01011001110000000010000000010101000101000000000100101
01011001110000000010100000010000100000101100000001000
10000000000011000000000000000001000111010010000100101
00001101010000000010000000010101010101000000000100101
00100001010011000000000000000001000111010010010001010
01011001110000000010000000010101000101000000000100101
00000001010000101100001010000011000111010000000100101
10000000000011000001010000000001001111010011010001010
01011001110000000010000000010101000101000000000100101
00000010001100011000000101101000100000101100101010000
