//
segsites: 37
positions: 0.006820000000000 0.010720000000000 0.025580000000000 0.029320000000000 0.032040000000000 0.097960000000000 0.110680000000000 0.117180000000000 0.129600000000000 0.169600000000000 0.187620000000000 0.245700000000000 0.251100000000000 0.300000000000000 0.329100000000000 0.359000000000000 0.373520000000000 0.483660000000000 0.526680000000000 0.542760000000000 0.551960000000000 0.586380000000000 0.590520000000000 0.604480000000000 0.655760000000000 0.658920000000000 0.659640000000000 0.668760000000000 0.670160000000000 0.742520000000000 0.760340000000000 0.800200000000000 0.838120000000000 0.854940000000000 0.868200000000000 0.957920000000000 0.976680000000000
0000011000100000111110010110100100111
1010100111000100000000000001011001001
1000000001000000000000100000011001000
0101001000110010111110000110100100100
1000000001001000000000000000011001000
0100001000110010111110000110100100100
0100001000110010111110001110100100100
1000011000100000111111010110100110100
1000000001000001000000000000011001000
0100001000110010111110000110100110100
