//
segsites: 64
positions: 0.054220000000000 0.062540000000000 0.063580000000000 0.069000000000000 0.076940000000000 0.116640000000000 0.120400000000000 0.128660000000000 0.147340000000000 0.167400000000000 0.186300000000000 0.196020000000000 0.207760000000000 0.257720000000000 0.259400000000000 0.274420000000000 0.285440000000000 0.304300000000000 0.306080000000000 0.335080000000000 0.350900000000000 0.360800000000000 0.371980000000000 0.397200000000000 0.404520000000000 0.419460000000000 0.419800000000000 0.420080000000000 0.424740000000000 0.452340000000000 0.467400000000000 0.472560000000000 0.482340000000000 0.486060000000000 0.519580000000000 0.531220000000000 0.540400000000000 0.577140000000000 0.592220000000000 0.622420000000000 0.641760000000000 0.642780000000000 0.650480000000000 0.665280000000000 0.690380000000000 0.705340000000000 0.730180000000000 0.741880000000000 0.747140000000000 0.787480000000000 0.844260000000000 0.844440000000000 0.859920000000000 0.862920000000000 0.879780000000000 0.906120000000000 0.924400000000000 0.932280000000000 0.936400000000000 0.951280000000000 0.952200000000000 0.959660000000000 0.969060000000000 0.976180000000000
1001001100000010000010100111000010000000010010001000001000000111
0010001110000010010000010111000010000001001000010000000011110000
0010101101001000000001001000100100011110100000000101110100000111
0010001110000110010000010111000010000000000010001000001000001100
0010001110000110010000010111000010000000000010001000001000001100
0001001100010010001000010010011000000000000010101000001000000111
0001001100010010010100010111000010000000000110001000001000001100
0010101101001010010000010111000001100000000011001000001000001100
0110010000100001100000000000000001100000000011001000001000001100
0010001110000010010000010111000010000000000010001010001000001100
