//
segsites: 44
positions: 0.064980000000000 0.106900000000000 0.130100000000000 0.175840000000000 0.211420000000000 0.216880000000000 0.226800000000000 0.227800000000000 0.287820000000000 0.355500000000000 0.430260000000000 0.431980000000000 0.492340000000000 0.511240000000000 0.515360000000000 0.538140000000000 0.546740000000000 0.547380000000000 0.558480000000000 0.579740000000000 0.596000000000000 0.619080000000000 0.649060000000000 0.694400000000000 0.711040000000000 0.714760000000000 0.734900000000000 0.747080000000000 0.753440000000000 0.754100000000000 0.777980000000000 0.785500000000000 0.789720000000000 0.790440000000000 0.797120000000000 0.809720000000000 0.837820000000000 0.848060000000000 0.855480000000000 0.892280000000000 0.916240000000000 0.920920000000000 0.970380000000000 0.986620000000000
00011010110010100000000010100110100000100001
10011000100001011000100001111000001100000010
00111010100010000001000010100001110000001001
00111010100010000001000010100001110000001001
10011000100001010100100001111000001100011001
01000101100010000010011100100010100000100010
00011010110010100000000000100000100001001100
00011010110010100000000010100110100000100001
00011010110010100000000010100110100000100001
10011000101101010100100010100010100010100000
