//
segsites: 56
positions: 0.003020000000000 0.018260000000000 0.032980000000000 0.067180000000000 0.078680000000000 0.082020000000000 0.093480000000000 0.100580000000000 0.105200000000000 0.122280000000000 0.126040000000000 0.136500000000000 0.154700000000000 0.155820000000000 0.163060000000000 0.175660000000000 0.178220000000000 0.193140000000000 0.202020000000000 0.223940000000000 0.225960000000000 0.230980000000000 0.252220000000000 0.305600000000000 0.308560000000000 0.425460000000000 0.441920000000000 0.471960000000000 0.517980000000000 0.531020000000000 0.582100000000000 0.611480000000000 0.617580000000000 0.617740000000000 0.618800000000000 0.663020000000000 0.670680000000000 0.674620000000000 0.674960000000000 0.677380000000000 0.703780000000000 0.726760000000000 0.741200000000000 0.758240000000000 0.780960000000000 0.791040000000000 0.839480000000000 0.862120000000000 0.862800000000000 0.870580000000000 0.892840000000000 0.927960000000000 0.928700000000000 0.959200000000000 0.986420000000000 0.998940000000000
00101100100100001100000000000010100000000100010110001110
11000011010000010011000111101110110010011001000000010000
00101100000100000011000111101010100100100000001000010000
00010000000010000011100111101101001001000010000000101110
00101100000100000011000111101010100100100000001000010000
00101100100100001100000000000010100000000000010110000000
00001000001100001100011000001001001000000000010110000000
00101100000101100011000111111001001001000010101000010001
00001000001100001100011000001001001001000010000001101110
00101100000100000011000111101010100100100000001000010000
