//
segsites: 64
positions: 0.073880000000000 0.074640000000000 0.089640000000000 0.093240000000000 0.113960000000000 0.139660000000000 0.164840000000000 0.177080000000000 0.184300000000000 0.187360000000000 0.195680000000000 0.199340000000000 0.208040000000000 0.224720000000000 0.252200000000000 0.257860000000000 0.270960000000000 0.305000000000000 0.307200000000000 0.309620000000000 0.320660000000000 0.324780000000000 0.327520000000000 0.330380000000000 0.350460000000000 0.352860000000000 0.362000000000000 0.370960000000000 0.371940000000000 0.464680000000000 0.473080000000000 0.482120000000000 0.511120000000000 0.535760000000000 0.543140000000000 0.544420000000000 0.558140000000000 0.586200000000000 0.588760000000000 0.593460000000000 0.601800000000000 0.634100000000000 0.636940000000000 0.644280000000000 0.644280000000000 0.648000000000000 0.662700000000000 0.669420000000000 0.710720000000000 0.734200000000000 0.755360000000000 0.759540000000000 0.768640000000000 0.781420000000000 0.781580000000000 0.788460000000000 0.808340000000000 0.850120000000000 0.854760000000000 0.896720000000000 0.958100000000000 0.960720000000000 0.976860000000000 0.980040000000000
0010010101000000101000001010000000100000000001000000000000101011
0000001000110111010001000100001101010001011100000100000111010000
0101000010000000000110000000100001010001011110000000000000100011
0101000010000000000100100000100001010001011100000000011000100011
0101000010011111010001000100010000001100100000010001000000101011
0101000010000000000100100000100001010001011100000000000000100011
1101000010000000000100010000101111010001011100000100000110010000
0000101000110111010001000100010000001110100000110000100010000011
0101000010000000000100100001100000100000000001001010100010000111
0010010101000000101000001010000000100000000001000000000000101011
