//
segsites: 40
positions: 0.045720000000000 0.046680000000000 0.054380000000000 0.067080000000000 0.090920000000000 0.120620000000000 0.122480000000000 0.170720000000000 0.191040000000000 0.227620000000000 0.245660000000000 0.257820000000000 0.276660000000000 0.288360000000000 0.289720000000000 0.293420000000000 0.321700000000000 0.333860000000000 0.404060000000000 0.409760000000000 0.416180000000000 0.455900000000000 0.465460000000000 0.522340000000000 0.581640000000000 0.602980000000000 0.630060000000000 0.676740000000000 0.677660000000000 0.718160000000000 0.718220000000000 0.729280000000000 0.730280000000000 0.733120000000000 0.741280000000000 0.745720000000000 0.792220000000000 0.816500000000000 0.867660000000000 0.936200000000000
1100000010010000010101110100011010100100
1100000100100000000101100000000100001010
0110110001000101000001000010000100011000
0000001000011010100101110100010010100100
0000000000011010000001110000000100011000
0110101000011010000101110100010010100101
0001000010010000011010000001000001000000
0110110000011010000001111001100001000000
0000000000011010000001100000010010101000
0110110001000100000001000001000001000000
