//
segsites: 54
positions: 0.014540000000000 0.016200000000000 0.019200000000000 0.042940000000000 0.069280000000000 0.069980000000000 0.074860000000000 0.092980000000000 0.102600000000000 0.141080000000000 0.164480000000000 0.215060000000000 0.223340000000000 0.234820000000000 0.279020000000000 0.313400000000000 0.333460000000000 0.352380000000000 0.360720000000000 0.372320000000000 0.372920000000000 0.396560000000000 0.427340000000000 0.433460000000000 0.439460000000000 0.451980000000000 0.453160000000000 0.485480000000000 0.485720000000000 0.524900000000000 0.525040000000000 0.532860000000000 0.579920000000000 0.602580000000000 0.623000000000000 0.649660000000000 0.651820000000000 0.675480000000000 0.708520000000000 0.724280000000000 0.738000000000000 0.740780000000000 0.740960000000000 0.744380000000000 0.802960000000000 0.830120000000000 0.871380000000000 0.871480000000000 0.912860000000000 0.917580000000000 0.929280000000000 0.943020000000000 0.971860000000000 0.994500000000000
000001000001101000101000100101000000100000001000100110
100000100010000011000011011000010000100000001000100110
100000100010000011010000001000110100011000101011011001
110100000010000010000010001000010100000010000100000000
100000100010000011010011011000010111000101010011011001
111000001110000010000000000011000000100000001011011001
000000000000010011000011011000010111000101010011011001
110110000010000110000110001000010100000010000111011001
100000100010000011010000001000110100011000101011011001
100000110010000010000010001000011100000010000100000000
