//
segsites: 55
positions: 0.010020000000000 0.020160000000000 0.028140000000000 0.030620000000000 0.042540000000000 0.052100000000000 0.052460000000000 0.060740000000000 0.065460000000000 0.090640000000000 0.094520000000000 0.182260000000000 0.190900000000000 0.199800000000000 0.215920000000000 0.258560000000000 0.279680000000000 0.279780000000000 0.290640000000000 0.295160000000000 0.334280000000000 0.345920000000000 0.384460000000000 0.386860000000000 0.421480000000000 0.430260000000000 0.435640000000000 0.435800000000000 0.439760000000000 0.498060000000000 0.526780000000000 0.541460000000000 0.542500000000000 0.555180000000000 0.665500000000000 0.725580000000000 0.728820000000000 0.735580000000000 0.748840000000000 0.766840000000000 0.771600000000000 0.775920000000000 0.781940000000000 0.783340000000000 0.789720000000000 0.864420000000000 0.867700000000000 0.871600000000000 0.894040000000000 0.896180000000000 0.951020000000000 0.952700000000000 0.962080000000000 0.966120000000000 0.986360000000000
1010001100000100000001000000000000011011000010000100011
0100010001010001000000000000000000011011000010000100011
0101000001010000010001000000000000011011100010000110011
1010001100000100000000000010001000100000010000000000000
0101000001010000010001100000000000011011000010000100011
0100010001010001000000000000000000011011000010000101011
0101100001010000001010010000010001000000010001000000000
0101000001010000010001000000000000011011000010000100011
0100000011011010100100001101000110011011000010000100011
1000001100100000001010010000110110000100001100111000100
