//
segsites: 50
positions: 0.034800000000000 0.061300000000000 0.068620000000000 0.096120000000000 0.097500000000000 0.139640000000000 0.169220000000000 0.170180000000000 0.239420000000000 0.324300000000000 0.330080000000000 0.336500000000000 0.363880000000000 0.434200000000000 0.438900000000000 0.439860000000000 0.469920000000000 0.490440000000000 0.496020000000000 0.537880000000000 0.542540000000000 0.566640000000000 0.569840000000000 0.585960000000000 0.589700000000000 0.608120000000000 0.626180000000000 0.642680000000000 0.647400000000000 0.651040000000000 0.678960000000000 0.701580000000000 0.706000000000000 0.714380000000000 0.723020000000000 0.780340000000000 0.793620000000000 0.813020000000000 0.846820000000000 0.864320000000000 0.868240000000000 0.874540000000000 0.911400000000000 0.922460000000000 0.945080000000000 0.948160000000000 0.949080000000000 0.971960000000000 0.973520000000000 0.979480000000000
01000100101001010000000000000010111100010100000000
00000100101000000110000100110000101001010110000000
00001010000110011001011001001000000000101001100001
00101010000001010000000000000010111100010100000000
00010000101000100000000000000010111100010100000000
00101010101000100000000010001000111100010100000000
00101010000001010000000000001000111100010100000000
00000100101000000110000100110000101011010110000000
00000100101000000110000100110000101011010110000000
10001011010000000100100000011101100000000100011110
