//
segsites: 47
positions: 0.014800000000000 0.018100000000000 0.027640000000000 0.058160000000000 0.084320000000000 0.084620000000000 0.093900000000000 0.102020000000000 0.137640000000000 0.173460000000000 0.181060000000000 0.229280000000000 0.281420000000000 0.290880000000000 0.301880000000000 0.409980000000000 0.420620000000000 0.466180000000000 0.520920000000000 0.530980000000000 0.538300000000000 0.546280000000000 0.549480000000000 0.562320000000000 0.564060000000000 0.568100000000000 0.593520000000000 0.609780000000000 0.635920000000000 0.636960000000000 0.646700000000000 0.672820000000000 0.684340000000000 0.713280000000000 0.724660000000000 0.738880000000000 0.760600000000000 0.798960000000000 0.800080000000000 0.817720000000000 0.831940000000000 0.860020000000000 0.939160000000000 0.959120000000000 0.963520000000000 0.996740000000000 0.998320000000000
10011001000011101000010001001000001101100010110
10100010100011101000000001001001001001100010010
10000010001011101000000001001000001001100010010
10000100000100010000001110010100000000010001000
01100010000011101000000001001000001001100010010
10000100000100010000000100010100000000010001000
10000100000100010000001110010100000000010001000
01100010100011101000000001001001001001100010010
10100010010011010110100000110100101001100010010
01100010100011101001000000001010010010001100001
