//
segsites: 35
positions: 0.022600000000000 0.027780000000000 0.052640000000000 0.169140000000000 0.203920000000000 0.205360000000000 0.215640000000000 0.257040000000000 0.318040000000000 0.324060000000000 0.384560000000000 0.384580000000000 0.386540000000000 0.388600000000000 0.485980000000000 0.495920000000000 0.541240000000000 0.554380000000000 0.554880000000000 0.612480000000000 0.634680000000000 0.636720000000000 0.652320000000000 0.707380000000000 0.739220000000000 0.761120000000000 0.786760000000000 0.791080000000000 0.810080000000000 0.811000000000000 0.843820000000000 0.853840000000000 0.945920000000000 0.960700000000000 0.977140000000000
00101000001001000100010100011100000
10101000010001000100010100011100000
00101000000011000100010100011100000
00101000000011000100010110011100000
00101000000001000100010100011100000
10101000010101000100010100011100000
01010010100000000000000001000000101
01010100100000000000000001000000001
00101001100000000111101000100001010
00101000000000111000000000000010000
