//
segsites: 55
positions: 0.002960000000000 0.023520000000000 0.029420000000000 0.039640000000000 0.056720000000000 0.123720000000000 0.139760000000000 0.161640000000000 0.170260000000000 0.174960000000000 0.182380000000000 0.182400000000000 0.194300000000000 0.213120000000000 0.269240000000000 0.291220000000000 0.312860000000000 0.315480000000000 0.348540000000000 0.352260000000000 0.362880000000000 0.372180000000000 0.377220000000000 0.452520000000000 0.457720000000000 0.470240000000000 0.476380000000000 0.488100000000000 0.514700000000000 0.548620000000000 0.610500000000000 0.661020000000000 0.676640000000000 0.681400000000000 0.683640000000000 0.715700000000000 0.762800000000000 0.765460000000000 0.795560000000000 0.805140000000000 0.805720000000000 0.835860000000000 0.841440000000000 0.866180000000000 0.878800000000000 0.881200000000000 0.902920000000000 0.920060000000000 0.927660000000000 0.932120000000000 0.948020000000000 0.952300000000000 0.959360000000000 0.978700000000000 0.995560000000000
0010000000101000000000000001000010000000010100011000000
1101001100000111000101000010001101111110100000100110010
0010000000100000001100110001100000100001000011000110110
0010000000110111000101001001000000100001000011000110110
0010000000110111000101001001000000100001000011000110110
1101001100000111000101000010001100111110100000000110011
0000000000000110000000000100011000101000101000011001000
0010000000101000000000000001000010000000010100011000000
0000000000000111000101000001000010011110100000000110011
1000110011000010111110110001000000100001000011000110110
