//
segsites: 62
positions: 0.035680000000000 0.038960000000000 0.073640000000000 0.080960000000000 0.089600000000000 0.114480000000000 0.121040000000000 0.130800000000000 0.167220000000000 0.172040000000000 0.178580000000000 0.198800000000000 0.204300000000000 0.207020000000000 0.209940000000000 0.232720000000000 0.262760000000000 0.275840000000000 0.302200000000000 0.310780000000000 0.383860000000000 0.454320000000000 0.533800000000000 0.544240000000000 0.565120000000000 0.570760000000000 0.572080000000000 0.575540000000000 0.576880000000000 0.585720000000000 0.599500000000000 0.604540000000000 0.606380000000000 0.607080000000000 0.620540000000000 0.630240000000000 0.634760000000000 0.641400000000000 0.693560000000000 0.695880000000000 0.761840000000000 0.771120000000000 0.784860000000000 0.787140000000000 0.801540000000000 0.810100000000000 0.825860000000000 0.825940000000000 0.857160000000000 0.862560000000000 0.866100000000000 0.893640000000000 0.910060000000000 0.913820000000000 0.967380000000000 0.968540000000000 0.974700000000000 0.982800000000000 0.983380000000000 0.984600000000000 0.992420000000000 0.998900000000000
00000100111010100000111000011000000000010110001100001001010000
00100010000000011000001100100001011000000000000011000010000000
10000100111010100000111000001000000000010110000100001001010000
00010010000000010110001100100100100011100111010000010100000100
01010010000000010000000001000010000100001000100000000000101010
00010010000000010000000011000010000100001000100000000000101010
00010010000101010000000001000010000100001000100000000000101010
00011010000000010000110001000010000100001000100000000000101010
00010011000000010111001000000001001000000000000001000010000001
00010010000000010110001000000001001000000000000001100010000001
