//
segsites: 49
positions: 0.000340000000000 0.002300000000000 0.007600000000000 0.036100000000000 0.040020000000000 0.058780000000000 0.059500000000000 0.063060000000000 0.075660000000000 0.077840000000000 0.091700000000000 0.106720000000000 0.171080000000000 0.203700000000000 0.217980000000000 0.230660000000000 0.316400000000000 0.364760000000000 0.398420000000000 0.401040000000000 0.419600000000000 0.423620000000000 0.468400000000000 0.505600000000000 0.525060000000000 0.534000000000000 0.535000000000000 0.582240000000000 0.633360000000000 0.638820000000000 0.640280000000000 0.644260000000000 0.670060000000000 0.678940000000000 0.707240000000000 0.738320000000000 0.777860000000000 0.779440000000000 0.783920000000000 0.812980000000000 0.826420000000000 0.843920000000000 0.851680000000000 0.908200000000000 0.911160000000000 0.915100000000000 0.917880000000000 0.921880000000000 0.996780000000000
0101011000010000001110011011000110000110001001010
1101011000110000010000001011000010000110001110000
0000100110001000001010010001000010000100000000000
0101011000110000010000000100010000110000001110000
0111011000010000000001100000101000001101110000101
0000000001010001010000011011000010000110001001010
0101011000110000010000000100010000100000001110000
0101011000010110100001100000101000001101010000101
0111011000010000001010010001010001100000001001010
0000000001010001010000011011000010000110001001010
