//
segsites: 35
positions: 0.031900000000000 0.052260000000000 0.132640000000000 0.133740000000000 0.174100000000000 0.181020000000000 0.220260000000000 0.233120000000000 0.241560000000000 0.253500000000000 0.271140000000000 0.370200000000000 0.391080000000000 0.419340000000000 0.440380000000000 0.454740000000000 0.466500000000000 0.475740000000000 0.487820000000000 0.521160000000000 0.524000000000000 0.532680000000000 0.553080000000000 0.629740000000000 0.698880000000000 0.701980000000000 0.804760000000000 0.821700000000000 0.854320000000000 0.904480000000000 0.921260000000000 0.941200000000000 0.961180000000000 0.979460000000000 0.980800000000000
01101100001010110110101110000110010
01100100100010010010100100111001000
11110011010110011010111100011000100
01110011010110011010111100011000100
01110011010110011010111100011000100
00101100001011110010101110000110010
01110011010110011011111100011000101
01100000001010110010111101000001000
01100011010110010010111100011000100
00101100001011110010101110000110010
