//
segsites: 46
positions: 0.013640000000000 0.083560000000000 0.084860000000000 0.091460000000000 0.121540000000000 0.162760000000000 0.175860000000000 0.257040000000000 0.266140000000000 0.287380000000000 0.371460000000000 0.405400000000000 0.442420000000000 0.457460000000000 0.509480000000000 0.525140000000000 0.531460000000000 0.533880000000000 0.547900000000000 0.549260000000000 0.552640000000000 0.556020000000000 0.595720000000000 0.600060000000000 0.604760000000000 0.623140000000000 0.647040000000000 0.702000000000000 0.702680000000000 0.737100000000000 0.742040000000000 0.747880000000000 0.757880000000000 0.759420000000000 0.767280000000000 0.782820000000000 0.817060000000000 0.817640000000000 0.822080000000000 0.827780000000000 0.836820000000000 0.859660000000000 0.868940000000000 0.929960000000000 0.973340000000000 0.996560000000000
1010111000000000010000001000100010001000100000
1101000000100000100000010101000101000000010110
0100000110000000010000001000100010001000100001
0100000110000000010000001000100010001000100001
1000000001000011001110001000100010100001010110
0100000000000100000001100010011000010110001000
1101000000101000100000010101000101000000010110
1010111000010100000001000010011000010110001000
0100000110000000010000001000100010001000100001
1101000000100000100000010101000101000000010110
