//
segsites: 46
positions: 0.007600000000000 0.019800000000000 0.031800000000000 0.036680000000000 0.064160000000000 0.091040000000000 0.096340000000000 0.103200000000000 0.134320000000000 0.195600000000000 0.226840000000000 0.231860000000000 0.232300000000000 0.254240000000000 0.261900000000000 0.285560000000000 0.289720000000000 0.300560000000000 0.308460000000000 0.427580000000000 0.467440000000000 0.471400000000000 0.491400000000000 0.620060000000000 0.626860000000000 0.634020000000000 0.664540000000000 0.669040000000000 0.673260000000000 0.729240000000000 0.736900000000000 0.794120000000000 0.798520000000000 0.798600000000000 0.820420000000000 0.841220000000000 0.860560000000000 0.888140000000000 0.894640000000000 0.900720000000000 0.909160000000000 0.939980000000000 0.972860000000000 0.974040000000000 0.983220000000000 0.992920000000000
1000100001010100100000100100000010000001010000
1000100001110100100000101001010000010000000000
1000110001110100100000100011000110001100100111
1100100001010101100000100100000010000001010000
0011101110001010011100010100100110100011001000
1100100001010100100000100100000010000001010000
1000100001110100100000100100000010000001010000
1000100001010100100000100100000010000001010000
1000100001110100100011000100001010000001010000
0011101110001010011100000000000011000001010000
