//
segsites: 43
positions: 0.040600000000000 0.074860000000000 0.100580000000000 0.110760000000000 0.147400000000000 0.168500000000000 0.224860000000000 0.249740000000000 0.269140000000000 0.269600000000000 0.290180000000000 0.332100000000000 0.360460000000000 0.361980000000000 0.384420000000000 0.394520000000000 0.418440000000000 0.421160000000000 0.439320000000000 0.454720000000000 0.460580000000000 0.473980000000000 0.488960000000000 0.530800000000000 0.534900000000000 0.546920000000000 0.564840000000000 0.565280000000000 0.569180000000000 0.569560000000000 0.575880000000000 0.630260000000000 0.666720000000000 0.679460000000000 0.716800000000000 0.722840000000000 0.733060000000000 0.859440000000000 0.861600000000000 0.896200000000000 0.901220000000000 0.993500000000000 0.994040000000000
0000100000010011001000001101101000010000000
0100010000000000000101010000010000101000000
0000100010100000000101000000010000101000000
1011011101011100110000100000000111010101011
0000100010100000000101000000010000101000000
1010011101011100010000100000000111010101111
0100010000010011001000001101101000010000000
1010010000000000000010000000000000010010011
0000100000000000000101000010010000101000000
1010011101011100010000100000000111010101011
