//
segsites: 48
positions: 0.003420000000000 0.040700000000000 0.045640000000000 0.053220000000000 0.064880000000000 0.079900000000000 0.092880000000000 0.094100000000000 0.113600000000000 0.134520000000000 0.141000000000000 0.144240000000000 0.181780000000000 0.220620000000000 0.240580000000000 0.309420000000000 0.314780000000000 0.340080000000000 0.378080000000000 0.392060000000000 0.392600000000000 0.414700000000000 0.446420000000000 0.452480000000000 0.481460000000000 0.523880000000000 0.530920000000000 0.537660000000000 0.547300000000000 0.551940000000000 0.608320000000000 0.651760000000000 0.656860000000000 0.657280000000000 0.658600000000000 0.722000000000000 0.758920000000000 0.771300000000000 0.821380000000000 0.823800000000000 0.833460000000000 0.845880000000000 0.895440000000000 0.897000000000000 0.903560000000000 0.917180000000000 0.925940000000000 0.973920000000000
001100001000000010000000000000011111000100111110
000000100001111100100000100100000000100011011111
001000001000000100100000100100000001111000011110
000001000010011001000000011001000000001000011110
011000001000000010000000000000011111000000111110
000000100001100100100000100100000001100011011111
011000001000000010000000000000011111000000111110
100010110001100000011111000010000000001000011110
001000001000000010000000000000111111000000111110
000000100101100000000000000000011111000000111110
