//
segsites: 69
positions: 0.009360000000000 0.023240000000000 0.029820000000000 0.041360000000000 0.043120000000000 0.064400000000000 0.065720000000000 0.095200000000000 0.119620000000000 0.119680000000000 0.121000000000000 0.196260000000000 0.218140000000000 0.222240000000000 0.234520000000000 0.284460000000000 0.297380000000000 0.299160000000000 0.314720000000000 0.321420000000000 0.331080000000000 0.336940000000000 0.371740000000000 0.374540000000000 0.403220000000000 0.423180000000000 0.433700000000000 0.436720000000000 0.455500000000000 0.462160000000000 0.472020000000000 0.480700000000000 0.496900000000000 0.497900000000000 0.519060000000000 0.524220000000000 0.532940000000000 0.536160000000000 0.538340000000000 0.545480000000000 0.554180000000000 0.572580000000000 0.573620000000000 0.580620000000000 0.630840000000000 0.639360000000000 0.663380000000000 0.678460000000000 0.682160000000000 0.691140000000000 0.708160000000000 0.716460000000000 0.720080000000000 0.741260000000000 0.741340000000000 0.745380000000000 0.767920000000000 0.779740000000000 0.791700000000000 0.798340000000000 0.799300000000000 0.837380000000000 0.844940000000000 0.869140000000000 0.905360000000000 0.924520000000000 0.925680000000000 0.986140000000000 0.990240000000000
100100110001011001000000000000000100010010000001100000000010001000101
100100110001000000010000010000010101001101001000000000101000000100000
000001000100000100010000101001000100000000010100010001101000000000000
100100110001001001000000001000010101001101001000000000111000000100000
000000110001000000011000010110100110100100000000000000000111000000000
100100110001000000000110010000001100000000100000000000101000000010010
100100110000100010000000010000100100000000000000001110101000110011000
000001000100000100010000001001000100000000010100010000101000000000000
000001000100000100010000101001000100000000010100010001101000000000000
011011001010000100110001000000000100000000000010000000000000000010010
