//
segsites: 68
positions: 0.005920000000000 0.026140000000000 0.036440000000000 0.067200000000000 0.072180000000000 0.086540000000000 0.087440000000000 0.094180000000000 0.112160000000000 0.123780000000000 0.128060000000000 0.165320000000000 0.171100000000000 0.171100000000000 0.179120000000000 0.183440000000000 0.198020000000000 0.228980000000000 0.266400000000000 0.278520000000000 0.326260000000000 0.380200000000000 0.387280000000000 0.402260000000000 0.402400000000000 0.427340000000000 0.427820000000000 0.430600000000000 0.443620000000000 0.494000000000000 0.497100000000000 0.509000000000000 0.528100000000000 0.531680000000000 0.534480000000000 0.546820000000000 0.556440000000000 0.571240000000000 0.599040000000000 0.601800000000000 0.604740000000000 0.619140000000000 0.624940000000000 0.632820000000000 0.635580000000000 0.639100000000000 0.646180000000000 0.662900000000000 0.680420000000000 0.682000000000000 0.690920000000000 0.693160000000000 0.703380000000000 0.723940000000000 0.794080000000000 0.838880000000000 0.861760000000000 0.871220000000000 0.878980000000000 0.889220000000000 0.902320000000000 0.903940000000000 0.907760000000000 0.943800000000000 0.971400000000000 0.984360000000000 0.990900000000000 0.992680000000000
00001100000001000000001000010000100001100110110000000010010010000010
00000001000001000000001000010100100001100000110000000010010010001011
00000000100000000100010101100000000000000000010000000000000101100000
00000001000001000000001000010001000000001001001010000000000000000100
00000001000001000000001010010001010000001001001010000000000000000100
10000000001001000000001000010001000100001000110000000010010010000010
00000001000001000000001000010100100001100000110000000010010010001011
01000000010100010010000000100000001000010000010000100110010010000010
00100000001010100001101000011000100001100000000001011001100000000100
00010010000000011010000000100010000010000000010100000000011010010000
