//
segsites: 31
positions: 0.021660000000000 0.022500000000000 0.031920000000000 0.087480000000000 0.142900000000000 0.144140000000000 0.234580000000000 0.289400000000000 0.299080000000000 0.322560000000000 0.342620000000000 0.350160000000000 0.358540000000000 0.404900000000000 0.414000000000000 0.433660000000000 0.437120000000000 0.473260000000000 0.504340000000000 0.508460000000000 0.511660000000000 0.556140000000000 0.600420000000000 0.612800000000000 0.623280000000000 0.760880000000000 0.784720000000000 0.839900000000000 0.869120000000000 0.935360000000000 0.980200000000000
0111000001010000011111100010011
0110010001010000011111000101000
0111000001010000011111100010011
0110000011000000011111000101100
0110000001101010011111001001000
0111001001001100011111010001000
0111000001010000011111000101100
1110000001000001111111000001000
0110000101010000011111000101000
0110100001010000011111000101100
