//
segsites: 53
positions: 0.017240000000000 0.024480000000000 0.037120000000000 0.040840000000000 0.080900000000000 0.085720000000000 0.091800000000000 0.106660000000000 0.121740000000000 0.144400000000000 0.173600000000000 0.190140000000000 0.236820000000000 0.255940000000000 0.315600000000000 0.322560000000000 0.404400000000000 0.405420000000000 0.405660000000000 0.414800000000000 0.452040000000000 0.462720000000000 0.466020000000000 0.483980000000000 0.515940000000000 0.534260000000000 0.544460000000000 0.550600000000000 0.561480000000000 0.595540000000000 0.596660000000000 0.602000000000000 0.611620000000000 0.618880000000000 0.650400000000000 0.657380000000000 0.676500000000000 0.702560000000000 0.716560000000000 0.716620000000000 0.725920000000000 0.748880000000000 0.773520000000000 0.799440000000000 0.807780000000000 0.826680000000000 0.854600000000000 0.859680000000000 0.865800000000000 0.867400000000000 0.933160000000000 0.963440000000000 0.978140000000000
00000110010000000000000000000101001100010010001010000
01100000000000000000000000000101001110010100100001000
00000110010011001011100000110110011001110000000000011
00000110001000000000010100000101001110010100100001000
00000001101000010000000010001100111000111001000000100
00000001101000010000000010001100111000111000000100100
00001110000100000100001001000000000000000000000000000
00000001101000010000000010001100111000111000000000100
00001110000100000000000000000000000000000000000000000
10110000101000100000000000001100111000111000010000000
