//
segsites: 62
positions: 0.067380000000000 0.071540000000000 0.080440000000000 0.082380000000000 0.082520000000000 0.114080000000000 0.157460000000000 0.158460000000000 0.161820000000000 0.186100000000000 0.187240000000000 0.223760000000000 0.236200000000000 0.248280000000000 0.266380000000000 0.281260000000000 0.302880000000000 0.311620000000000 0.312680000000000 0.368560000000000 0.395780000000000 0.402860000000000 0.417380000000000 0.439880000000000 0.440860000000000 0.445620000000000 0.450100000000000 0.467720000000000 0.501020000000000 0.501920000000000 0.507880000000000 0.508420000000000 0.513020000000000 0.554400000000000 0.554780000000000 0.558340000000000 0.558440000000000 0.583380000000000 0.587240000000000 0.606860000000000 0.618520000000000 0.640800000000000 0.643860000000000 0.644440000000000 0.647880000000000 0.656220000000000 0.696280000000000 0.703000000000000 0.704260000000000 0.721420000000000 0.724260000000000 0.746140000000000 0.767840000000000 0.773380000000000 0.780760000000000 0.792320000000000 0.858420000000000 0.909600000000000 0.951360000000000 0.962960000000000 0.974160000000000 0.999880000000000
00000000000101000000001000000100001010000001010100000000000000
00001000110000001010000000000000000000000010000100000000001010
00000000000101000000001000000100000010000001010100000000000000
01000001000000000100000000110001000000011000010000110101000000
10000100001000001010000000000010000000000001010000000000000000
00000010000000110001100101001000000101100000100000000010000000
01000001000000000100000000100001000000011000010000110101000001
01010000000010001000010010000000110000000100001011101000110000
10100100001000000000000101000000000000011000010000110101000001
01000001000000000100000000100000000010000001010100000000000100
