//
segsites: 45
positions: 0.005720000000000 0.092780000000000 0.130100000000000 0.146280000000000 0.158680000000000 0.165640000000000 0.175080000000000 0.181640000000000 0.201700000000000 0.227720000000000 0.232380000000000 0.245620000000000 0.278700000000000 0.283500000000000 0.300200000000000 0.301720000000000 0.322700000000000 0.374540000000000 0.378540000000000 0.409340000000000 0.412080000000000 0.454780000000000 0.460140000000000 0.460260000000000 0.475280000000000 0.479940000000000 0.509760000000000 0.512860000000000 0.514580000000000 0.548880000000000 0.553620000000000 0.574520000000000 0.580960000000000 0.709160000000000 0.737320000000000 0.790000000000000 0.810460000000000 0.859020000000000 0.874660000000000 0.885340000000000 0.904300000000000 0.910980000000000 0.923780000000000 0.928540000000000 0.940260000000000
011000001100000100010000000100000010010101000
011000001100000100010000000100000010010001000
011000101100000100010000000100000010010101000
000011010000011001001011000010100000100000011
011100001100000100010000000100000010010001000
011000001100000100010000000100000010011001000
011100001100000100010000000100000010010001000
111000001011100011101100111001011101000000100
011100001100000100010000000100000010010001000
011000001011100011101100111001011001000010100
