//
segsites: 58
positions: 0.007520000000000 0.007800000000000 0.011040000000000 0.013840000000000 0.046760000000000 0.053500000000000 0.061020000000000 0.068480000000000 0.074260000000000 0.083100000000000 0.085380000000000 0.102980000000000 0.105540000000000 0.134140000000000 0.167480000000000 0.168220000000000 0.174840000000000 0.179400000000000 0.188200000000000 0.237440000000000 0.304300000000000 0.320980000000000 0.334020000000000 0.336360000000000 0.505120000000000 0.515140000000000 0.560920000000000 0.569120000000000 0.573300000000000 0.575120000000000 0.585580000000000 0.594160000000000 0.633140000000000 0.680960000000000 0.681680000000000 0.695520000000000 0.699380000000000 0.708420000000000 0.709780000000000 0.724060000000000 0.738220000000000 0.739560000000000 0.783640000000000 0.785200000000000 0.797000000000000 0.812040000000000 0.828800000000000 0.843960000000000 0.847140000000000 0.857220000000000 0.861560000000000 0.862340000000000 0.880900000000000 0.922300000000000 0.932160000000000 0.933200000000000 0.935060000000000 0.988300000000000
0111000000000101001001001100010001000000010010100000110110
0000000001000000000000011000000000000001100010000000110010
0000000011000000000100011010010110100010000101000111001001
0011010000000000110010100000000000000100000001000110001001
0000000001000000000000011000000000000001100010000000110010
0000000001000000000000011000000000000001100010000000110010
0111000000001111001001001100010001000000010010100000110110
0000000001000101000000011001100000011000011001011110000001
1011100100100000000010100000001000000001100010000000110110
0000001000010101000010100000000000000100000001000110001001
