//
segsites: 61
positions: 0.050840000000000 0.065500000000000 0.080280000000000 0.083600000000000 0.092240000000000 0.105500000000000 0.128160000000000 0.130260000000000 0.149220000000000 0.153920000000000 0.166200000000000 0.170040000000000 0.192720000000000 0.197940000000000 0.233940000000000 0.236260000000000 0.237380000000000 0.241320000000000 0.264840000000000 0.278860000000000 0.293740000000000 0.298500000000000 0.318740000000000 0.358980000000000 0.362180000000000 0.372200000000000 0.372280000000000 0.403660000000000 0.407760000000000 0.410780000000000 0.415280000000000 0.418520000000000 0.432740000000000 0.466280000000000 0.485000000000000 0.487020000000000 0.493420000000000 0.495640000000000 0.511420000000000 0.533420000000000 0.538100000000000 0.555100000000000 0.561500000000000 0.586140000000000 0.587080000000000 0.661080000000000 0.693880000000000 0.718800000000000 0.747320000000000 0.792340000000000 0.827900000000000 0.839460000000000 0.855860000000000 0.868940000000000 0.878720000000000 0.898860000000000 0.931840000000000 0.965520000000000 0.977220000000000 0.988600000000000 0.993420000000000
0000011000000100000000010000000101100000100001000000010001000
1001000001001000000100101001001010000101001001100101100100000
0001000101000010000011010000000000010010100001111110001010101
0000000001011011001001010010010000000000110001110110001010111
0000000001001011000001010100010000000000100000100110001010001
0000000001000010100001010000000000011000100110000100010001000
0110100001011011001001010000110000000000100001110110001010101
0000000001001011010001010000010000000000100000000001100100000
1001000001101000000100101001000010000101001001100100000010001
0000000011001011010001010000010000000000100000000001100100000
