//
segsites: 47
positions: 0.002340000000000 0.031220000000000 0.032560000000000 0.090920000000000 0.095640000000000 0.124780000000000 0.151420000000000 0.153800000000000 0.189500000000000 0.203620000000000 0.258640000000000 0.270860000000000 0.311720000000000 0.332780000000000 0.390620000000000 0.396620000000000 0.423180000000000 0.473340000000000 0.517900000000000 0.530160000000000 0.537200000000000 0.544760000000000 0.548780000000000 0.570920000000000 0.578420000000000 0.594160000000000 0.597100000000000 0.599860000000000 0.607680000000000 0.657160000000000 0.672920000000000 0.682520000000000 0.715140000000000 0.725200000000000 0.746620000000000 0.756900000000000 0.790380000000000 0.805660000000000 0.842740000000000 0.893740000000000 0.942200000000000 0.945320000000000 0.954580000000000 0.960060000000000 0.990160000000000 0.993120000000000 0.996640000000000
00010000110001111010100000000000000000000100000
00000000001111000000000011010010010011000110010
01101100000101000101000100000001100000001100100
00000001000101000101000100000001000000000110010
00000000001111000000000011010010010011000110010
00000000100000000000010000100100001000101101001
10000010000101000000001011011000000000010000000
10000010000101000000001011010000000100000110010
00000000001111000000000011010010010011000110000
00000000100000000000000011010000000000010110010
