//
segsites: 49
positions: 0.048540000000000 0.080080000000000 0.085420000000000 0.123280000000000 0.125920000000000 0.132920000000000 0.140240000000000 0.150200000000000 0.160120000000000 0.169600000000000 0.170200000000000 0.200240000000000 0.220920000000000 0.222560000000000 0.236040000000000 0.259500000000000 0.263700000000000 0.276440000000000 0.326820000000000 0.335040000000000 0.338300000000000 0.340180000000000 0.352780000000000 0.355400000000000 0.389240000000000 0.405060000000000 0.422140000000000 0.445080000000000 0.461520000000000 0.495560000000000 0.498960000000000 0.510420000000000 0.524560000000000 0.540540000000000 0.546500000000000 0.573420000000000 0.588880000000000 0.591400000000000 0.596780000000000 0.629140000000000 0.671480000000000 0.684200000000000 0.691280000000000 0.772240000000000 0.774000000000000 0.792260000000000 0.808460000000000 0.958320000000000 0.966120000000000
0000001010010000001010000001100100100010100100001
1100010000110111000000000001000110101100110000100
0010001110000000010100000011000100100010100100001
1100000000110101000000000001000110101100110000100
0000001010010000001010000001001110100000001100010
1100000000110101000000000001000110101100110000100
0000001110000000010100000011000100100010100100001
0000101110000000010100000011000100101100110000100
0001000010011000100001101110010001010001000011001
1100000011110101000000010001001110100000001100010
