//
segsites: 47
positions: 0.001800000000000 0.019620000000000 0.043040000000000 0.065320000000000 0.066600000000000 0.066880000000000 0.099440000000000 0.114420000000000 0.120920000000000 0.144420000000000 0.184480000000000 0.242820000000000 0.261660000000000 0.262460000000000 0.305760000000000 0.338340000000000 0.395780000000000 0.426620000000000 0.430360000000000 0.460980000000000 0.478820000000000 0.563880000000000 0.572600000000000 0.578560000000000 0.597280000000000 0.600540000000000 0.610260000000000 0.613240000000000 0.637360000000000 0.685760000000000 0.706780000000000 0.708860000000000 0.711920000000000 0.732880000000000 0.748200000000000 0.779960000000000 0.831000000000000 0.837580000000000 0.859500000000000 0.871440000000000 0.924020000000000 0.945960000000000 0.951120000000000 0.955660000000000 0.969940000000000 0.979040000000000 0.985680000000000
00101001110001000010000100100010000000000001000
00101001111001000010000100100010000000000001000
00101001110001000010000100100010000000000001000
00101001110001000000100010000101101000001000110
00001001000010111101001001011000010011010100011
01010100010001000000110000000010000000100001000
10101011010001000000110000000010000000100001000
00101001110001000000100010000101001000000000110
01010100010001000000110000000010000100100001000
00101000000101000010000100000000010001010010011
