//
segsites: 66
positions: 0.075380000000000 0.080440000000000 0.088200000000000 0.092840000000000 0.097780000000000 0.154480000000000 0.161800000000000 0.165760000000000 0.183020000000000 0.198600000000000 0.201620000000000 0.208300000000000 0.208780000000000 0.273140000000000 0.295480000000000 0.305120000000000 0.315620000000000 0.321780000000000 0.326180000000000 0.349000000000000 0.365560000000000 0.386680000000000 0.390640000000000 0.397640000000000 0.401420000000000 0.405920000000000 0.406140000000000 0.454020000000000 0.455380000000000 0.458620000000000 0.466580000000000 0.471720000000000 0.473420000000000 0.529740000000000 0.535880000000000 0.537940000000000 0.561840000000000 0.569200000000000 0.595740000000000 0.612500000000000 0.624480000000000 0.633080000000000 0.634380000000000 0.681120000000000 0.686620000000000 0.724440000000000 0.729480000000000 0.731880000000000 0.736400000000000 0.740340000000000 0.757900000000000 0.773480000000000 0.795220000000000 0.811340000000000 0.841160000000000 0.842760000000000 0.847420000000000 0.870040000000000 0.885440000000000 0.918840000000000 0.919580000000000 0.929740000000000 0.937280000000000 0.940920000000000 0.954860000000000 0.977340000000000
010000000000010100010000100000010110000000110000000110000000000110
001010010000110100010000100000010100000000110000000110000000000110
001000010000100001101000000110000100000001001100000000100000000110
010000010001000000000111011001000000101000001100010000100000000110
001100011000000010000111001000000000000010000011101000000100010001
000001000110000000000000100000101001010000000000000001001010100000
000001100010000000000000100000101001010001001100000000100000000110
101100011000000010000111001000000000000010000010001000000100010001
010000000000000001101000000100000100000101001100000000010001011001
001010010000101001101000000100000100000001001100000000010001011001
