//
segsites: 57
positions: 0.017080000000000 0.017220000000000 0.022780000000000 0.030200000000000 0.045040000000000 0.098980000000000 0.111440000000000 0.114860000000000 0.118520000000000 0.127760000000000 0.131780000000000 0.153640000000000 0.161100000000000 0.173860000000000 0.180020000000000 0.183020000000000 0.187480000000000 0.207820000000000 0.235220000000000 0.242600000000000 0.281320000000000 0.282840000000000 0.314220000000000 0.344020000000000 0.384340000000000 0.425640000000000 0.440580000000000 0.448100000000000 0.449440000000000 0.465040000000000 0.469920000000000 0.474000000000000 0.542940000000000 0.545020000000000 0.549560000000000 0.568820000000000 0.592460000000000 0.600820000000000 0.601380000000000 0.630780000000000 0.696600000000000 0.697580000000000 0.741020000000000 0.747420000000000 0.772900000000000 0.777240000000000 0.784100000000000 0.815200000000000 0.835580000000000 0.836760000000000 0.841960000000000 0.843880000000000 0.874940000000000 0.879880000000000 0.897720000000000 0.910980000000000 0.926360000000000
000000100100101001111001010000000000100010000010000000001
000000100100101001111001000100000000101100000101101000100
010100100110100001011001000000000000100100000001100100000
000100100110100101011001000000000000100100000001100000000
001000100101101001111001001001010111000010000010010011000
100000000000010000000000000000000000111100000001100000100
000001001000100000011001000000000000101100000001100000000
100000000000010000000000000000000000101101111000000000010
000001001000100000011001000010000000101101111000000000010
000011010000100010011110100000101000101100000001100000100
