//
segsites: 55
positions: 0.063280000000000 0.105200000000000 0.116240000000000 0.140800000000000 0.177340000000000 0.184360000000000 0.195200000000000 0.196760000000000 0.203060000000000 0.216960000000000 0.226580000000000 0.239540000000000 0.246000000000000 0.250240000000000 0.256460000000000 0.259400000000000 0.284060000000000 0.285500000000000 0.296360000000000 0.301680000000000 0.312500000000000 0.326720000000000 0.328820000000000 0.346500000000000 0.354260000000000 0.408140000000000 0.451520000000000 0.467620000000000 0.474080000000000 0.489900000000000 0.531300000000000 0.573920000000000 0.622620000000000 0.643580000000000 0.657000000000000 0.695340000000000 0.716460000000000 0.762360000000000 0.795040000000000 0.827960000000000 0.832380000000000 0.857540000000000 0.862380000000000 0.863720000000000 0.868860000000000 0.885740000000000 0.886000000000000 0.900300000000000 0.901660000000000 0.904860000000000 0.912260000000000 0.916280000000000 0.938200000000000 0.967320000000000 0.997200000000000
0000100000101000010000101001000001110000000000100100000
0100000100000100000100000000000110000000000011000000000
0001001000000000001000010101000001110100000000000100001
0000100001010000000000000010000000001010001000100100000
0000110000101000100010000001010001100000000000010011000
1011000000000001000000000001101001100000100000010011000
0000100000101000010000000001000001110000000000000000000
0000100000101000010001000001000001110000000000100100000
0000100010101010010000000001000001110000010000000001000
0000100010101000010000000001000001110101000100001011110
