//
segsites: 41
positions: 0.035060000000000 0.044300000000000 0.045920000000000 0.051860000000000 0.082340000000000 0.121400000000000 0.141340000000000 0.141520000000000 0.172780000000000 0.239520000000000 0.251060000000000 0.294800000000000 0.296640000000000 0.303620000000000 0.308520000000000 0.315700000000000 0.319140000000000 0.338460000000000 0.424500000000000 0.434940000000000 0.437460000000000 0.442380000000000 0.538600000000000 0.642980000000000 0.667860000000000 0.676880000000000 0.703800000000000 0.712360000000000 0.725360000000000 0.753880000000000 0.767880000000000 0.773800000000000 0.783340000000000 0.839580000000000 0.866160000000000 0.871700000000000 0.890360000000000 0.935460000000000 0.962640000000000 0.968320000000000 0.991500000000000
01000110010010000010010100000000000011100
01000010010010100010010100000100000011000
01000110010010000010010100000000000011100
01000110010010000010010100000000000011100
01000011000000000001001100000000100011100
01100010010110000001000000110010011101100
01001010000000001001001000010010011101100
00010000101001010101100111001000000000011
11000010010010000010010100000001000011000
01000110010010000010010100000000000011000
