//
segsites: 38
positions: 0.019860000000000 0.078020000000000 0.084620000000000 0.107540000000000 0.110220000000000 0.112960000000000 0.135520000000000 0.137640000000000 0.144980000000000 0.159120000000000 0.206700000000000 0.209620000000000 0.248520000000000 0.267800000000000 0.357620000000000 0.418120000000000 0.422480000000000 0.440600000000000 0.492040000000000 0.500720000000000 0.508800000000000 0.542400000000000 0.551480000000000 0.582200000000000 0.600520000000000 0.602820000000000 0.630080000000000 0.661160000000000 0.751860000000000 0.796540000000000 0.846500000000000 0.848140000000000 0.867160000000000 0.918040000000000 0.933600000000000 0.939260000000000 0.943780000000000 0.991860000000000
00011011000000011001110101000010000100
00011011000000011001110101000010000100
00000010000000000001110101000010000100
00011011000010000001100101010010000100
00100011000100011010101000000011011010
00000011001000111100101000100011100100
00000010000000000001110101000010000100
00000111100000011000101000001111000001
01000010000000000001100101000010000100
10000010010001000000000010000010000100
