//
segsites: 55
positions: 0.004840000000000 0.045360000000000 0.072720000000000 0.087000000000000 0.113660000000000 0.128300000000000 0.139740000000000 0.141440000000000 0.151060000000000 0.171980000000000 0.181020000000000 0.182120000000000 0.188320000000000 0.215500000000000 0.215540000000000 0.232720000000000 0.251280000000000 0.310700000000000 0.337680000000000 0.348500000000000 0.361980000000000 0.380360000000000 0.388380000000000 0.436400000000000 0.450600000000000 0.454460000000000 0.459820000000000 0.484160000000000 0.493180000000000 0.538620000000000 0.547560000000000 0.550820000000000 0.585500000000000 0.594540000000000 0.603480000000000 0.609240000000000 0.618560000000000 0.693180000000000 0.708940000000000 0.713280000000000 0.749320000000000 0.750160000000000 0.760140000000000 0.787340000000000 0.826280000000000 0.826320000000000 0.827480000000000 0.838820000000000 0.869160000000000 0.894980000000000 0.899720000000000 0.924360000000000 0.931640000000000 0.947800000000000 0.971900000000000
0000101001010101101010010001000001000001000110010100000
0000000010000000111010000000100001000001000110100100000
0000000010000000111010000000100001000001000110100100000
0000100010000100101010000000000001101100001101001000000
1001000010000100101010000000000001101100001101000000000
0110000000000000001010000000000001111100001101000000000
0000010010001000001101000110000000000001000101000000000
0000100110000000100000100000001100000010110000000010110
0100000000101010000000001000010010000000000110000101101
0000100010000100101010000000000001101100001101001000000
