//
segsites: 43
positions: 0.041280000000000 0.089780000000000 0.101220000000000 0.103600000000000 0.120880000000000 0.127700000000000 0.169960000000000 0.209720000000000 0.216740000000000 0.233380000000000 0.252860000000000 0.344400000000000 0.408820000000000 0.449180000000000 0.456960000000000 0.458660000000000 0.488140000000000 0.534520000000000 0.553780000000000 0.591160000000000 0.601440000000000 0.612200000000000 0.613500000000000 0.630380000000000 0.662480000000000 0.664380000000000 0.696380000000000 0.711020000000000 0.729280000000000 0.732300000000000 0.789720000000000 0.827200000000000 0.879500000000000 0.881060000000000 0.883140000000000 0.910420000000000 0.919500000000000 0.923220000000000 0.923400000000000 0.956440000000000 0.979880000000000 0.987880000000000 0.995820000000000
1000011011100101010001100101001100010101100
1000011011100101010001100101001110010000100
1000011111100101010001100101001100010000100
1101101011010000010001100101001100010001100
1000011011100000010001100101001100010001100
1000011011100101010001100101001100011000100
1000011011100101010001100101001100011000100
1101101011011010101111000000110000000000010
1000011011010000000001011000000001100010001
1010011011100101010001100111001100011000100
