//
segsites: 34
positions: 0.063820000000000 0.090600000000000 0.153460000000000 0.179280000000000 0.217980000000000 0.260000000000000 0.278720000000000 0.317080000000000 0.318220000000000 0.356280000000000 0.362160000000000 0.366500000000000 0.384280000000000 0.414940000000000 0.427720000000000 0.456260000000000 0.482720000000000 0.541660000000000 0.547240000000000 0.554000000000000 0.630680000000000 0.670740000000000 0.696060000000000 0.764960000000000 0.836740000000000 0.850480000000000 0.855180000000000 0.885060000000000 0.901120000000000 0.912620000000000 0.914700000000000 0.955960000000000 0.964500000000000 0.992220000000000
0101111000010110001000100110001010
0010000100001001000010100110001110
0101111000010110000001101110001010
0001111000010110000000010110001110
0010000100001001000000100110001110
1101111000010110001000100110001010
0001111000010110000000100110001110
0101111000010110000000100111110001
0101111010010110010100010101110001
0000000101100101110100010111110001
