//
segsites: 57
positions: 0.017360000000000 0.022000000000000 0.028500000000000 0.032160000000000 0.056360000000000 0.088580000000000 0.091220000000000 0.094160000000000 0.116360000000000 0.127040000000000 0.132820000000000 0.134660000000000 0.135940000000000 0.147600000000000 0.148820000000000 0.172180000000000 0.181940000000000 0.184680000000000 0.194160000000000 0.206460000000000 0.209280000000000 0.218040000000000 0.244620000000000 0.256100000000000 0.280980000000000 0.307700000000000 0.322860000000000 0.349320000000000 0.374820000000000 0.383880000000000 0.420200000000000 0.426200000000000 0.453520000000000 0.494880000000000 0.499080000000000 0.509400000000000 0.512520000000000 0.527920000000000 0.534000000000000 0.612700000000000 0.724520000000000 0.725220000000000 0.748940000000000 0.787560000000000 0.845380000000000 0.857060000000000 0.873640000000000 0.882840000000000 0.888740000000000 0.914160000000000 0.914840000000000 0.919020000000000 0.925080000000000 0.928260000000000 0.947660000000000 0.969240000000000 0.976640000000000
000010000000111000000000010111010101000010000100001100000
101000001000000000100000000000101010001101000110100000000
000010000000111000000000010111010010001000000100000000010
000010000000111000000000000000101010001000011001010001000
000010000100111000000000010100000100010000000100000000101
000010000000111000000000010111010010001000100100000000000
010001000000000100010010000000000100010000000100000000101
000010000000111000000000010111010010001101000110100010000
000100100011000001000101100100000101100000000110100000000
010000010000000010001000011111010010001000000100000000000
