//
segsites: 79
positions: 0.000260000000000 0.001920000000000 0.002700000000000 0.010740000000000 0.010960000000000 0.018080000000000 0.019780000000000 0.041460000000000 0.072860000000000 0.073380000000000 0.091100000000000 0.096520000000000 0.125200000000000 0.138520000000000 0.147080000000000 0.159620000000000 0.193720000000000 0.196700000000000 0.199040000000000 0.208280000000000 0.213480000000000 0.246200000000000 0.266500000000000 0.277520000000000 0.293380000000000 0.314200000000000 0.321500000000000 0.363720000000000 0.380920000000000 0.384420000000000 0.426440000000000 0.430780000000000 0.431740000000000 0.432440000000000 0.454620000000000 0.456120000000000 0.479520000000000 0.482500000000000 0.517020000000000 0.529860000000000 0.540700000000000 0.542960000000000 0.549340000000000 0.551280000000000 0.563680000000000 0.570380000000000 0.582100000000000 0.582280000000000 0.602780000000000 0.609320000000000 0.621900000000000 0.632820000000000 0.633660000000000 0.634980000000000 0.648320000000000 0.691300000000000 0.713500000000000 0.717100000000000 0.722100000000000 0.732380000000000 0.736660000000000 0.747360000000000 0.750080000000000 0.750140000000000 0.750320000000000 0.753740000000000 0.765520000000000 0.769200000000000 0.797900000000000 0.823740000000000 0.829200000000000 0.853220000000000 0.856620000000000 0.864680000000000 0.872220000000000 0.929920000000000 0.963420000000000 0.980840000000000 0.984400000000000
0000101100000000100001110000001000000000000110100000000000000000000000000100000
0011000011000010000010000010000010011000001111110001000100000000000000011001001
0000000100000000010001110000000100000001000110100000100010101110001000000110000
0011000011010010000010000010000010011000001111110001000100000000000000001001001
0011000100000000010001111001110000010000000110100000000000000000000000000100000
0000010100101100000000000110000010010100000110100000001010101111001001000000100
1100000000000100001100000000000011000000110110100000000001010000101110000000100
0000010100101100000001110000001000000010000110101111010000000000010000100000010
0000010100101100000000000110000010010100000110100000001010101110001001000000100
1100000000000101000100000000000010100000000000000000000000000000010000100000010
