//
segsites: 53
positions: 0.023760000000000 0.048640000000000 0.070100000000000 0.075380000000000 0.077620000000000 0.090080000000000 0.096060000000000 0.109840000000000 0.186000000000000 0.222940000000000 0.225280000000000 0.258420000000000 0.277500000000000 0.363380000000000 0.372460000000000 0.427100000000000 0.441240000000000 0.454720000000000 0.466180000000000 0.473200000000000 0.480580000000000 0.484280000000000 0.498720000000000 0.520840000000000 0.521240000000000 0.560880000000000 0.604560000000000 0.605600000000000 0.619960000000000 0.620280000000000 0.625520000000000 0.633960000000000 0.671460000000000 0.674860000000000 0.707300000000000 0.713100000000000 0.723140000000000 0.737240000000000 0.740760000000000 0.751760000000000 0.753360000000000 0.758340000000000 0.767040000000000 0.786660000000000 0.799100000000000 0.822240000000000 0.838460000000000 0.845560000000000 0.937040000000000 0.940760000000000 0.975220000000000 0.980820000000000 0.983880000000000
01110011010010000000001000011000001000001010001001000
10001100000000000000000000001000010101000100000110010
10001100000000000000000000001000010101000100000110010
10001100001001011000000110001000000000001010111000100
10001100000000000000000000001000000000100001000010011
10001000010110000110100000101000001000001010001001000
10001000010110000110100000101000000000100001000010010
10001100000000000000000000001000010000000000000000000
00001000100010100101010001001111100011010100000010010
00001000100010100101010001001111100011010100000010010
