//
segsites: 63
positions: 0.019200000000000 0.073700000000000 0.081580000000000 0.103940000000000 0.121200000000000 0.123740000000000 0.138980000000000 0.170420000000000 0.173640000000000 0.177400000000000 0.179600000000000 0.186600000000000 0.189040000000000 0.195860000000000 0.199800000000000 0.249600000000000 0.249840000000000 0.280200000000000 0.286020000000000 0.289420000000000 0.307000000000000 0.325780000000000 0.328420000000000 0.348900000000000 0.368340000000000 0.383620000000000 0.394800000000000 0.411880000000000 0.416740000000000 0.459860000000000 0.482560000000000 0.493860000000000 0.502160000000000 0.514340000000000 0.575060000000000 0.619600000000000 0.672280000000000 0.681620000000000 0.687720000000000 0.692500000000000 0.715000000000000 0.719320000000000 0.746000000000000 0.772700000000000 0.777580000000000 0.779460000000000 0.780600000000000 0.807360000000000 0.827720000000000 0.845780000000000 0.849480000000000 0.865900000000000 0.874740000000000 0.875420000000000 0.893560000000000 0.894060000000000 0.928180000000000 0.933620000000000 0.941880000000000 0.946560000000000 0.958560000000000 0.997760000000000 0.998160000000000
000000001100000010010010000000001110101000110000001000010100100
100110000000010101000010000000001110101000110000001000010100000
001000010000101010000011011000000101000001001000000000000000011
100000000000101010000100000011010000010100000111100001101011000
001000000011101010100010000000101110101000110000011000010100011
110110100000010101000010100100000110010100000010100110000000000
110110000000010101000010000100000110010100000010100110000000000
100111000000010101000010000000001110101000110000001000010100000
100110000000010101001010000000000110010110000010001000010100011
100000000000101010100010000000101110101000110000001000010100011
