//
segsites: 50
positions: 0.015360000000000 0.018720000000000 0.031280000000000 0.061540000000000 0.095400000000000 0.117160000000000 0.140780000000000 0.154500000000000 0.156340000000000 0.176860000000000 0.200380000000000 0.238720000000000 0.243680000000000 0.259100000000000 0.310440000000000 0.339900000000000 0.349180000000000 0.350700000000000 0.352880000000000 0.379740000000000 0.382080000000000 0.383220000000000 0.415200000000000 0.416540000000000 0.422780000000000 0.424300000000000 0.430940000000000 0.455800000000000 0.465740000000000 0.513240000000000 0.545880000000000 0.546120000000000 0.561560000000000 0.570900000000000 0.573640000000000 0.613240000000000 0.627120000000000 0.632580000000000 0.637060000000000 0.637120000000000 0.655640000000000 0.674920000000000 0.679180000000000 0.689780000000000 0.717960000000000 0.729620000000000 0.765240000000000 0.853080000000000 0.879840000000000 0.951600000000000
11011010011000010000000000100000000000010001000101
11111100100100000110100011001100101010001100100101
11011100100100001110100011001100101010001100000100
11011100100100000110100011001100101010001100000100
11011100100100000100000000100000000000010001000101
11011101100100100110100011001100101010001100100101
11111100100010000001011000000001110101100010011100
11011100100100000110100111010111100101100010011110
11011010011001010000000000100000000000010001000101
11011100100100000110100011001100101010001100000100
