//
segsites: 50
positions: 0.024920000000000 0.086880000000000 0.087900000000000 0.096120000000000 0.105660000000000 0.133180000000000 0.135540000000000 0.165020000000000 0.184520000000000 0.219100000000000 0.243700000000000 0.251940000000000 0.275820000000000 0.308200000000000 0.365520000000000 0.403400000000000 0.422300000000000 0.422640000000000 0.455460000000000 0.466540000000000 0.468680000000000 0.473800000000000 0.493280000000000 0.500800000000000 0.508620000000000 0.524460000000000 0.533820000000000 0.545760000000000 0.571280000000000 0.575660000000000 0.584900000000000 0.596740000000000 0.628080000000000 0.645380000000000 0.660560000000000 0.664840000000000 0.692500000000000 0.714860000000000 0.718960000000000 0.738660000000000 0.753600000000000 0.807480000000000 0.811800000000000 0.834520000000000 0.860980000000000 0.874980000000000 0.907320000000000 0.923920000000000 0.953420000000000 0.977320000000000
10000100101001010000101001000100001100110000000101
00001000000000001010001110100001000001001011000100
10000100100010000000001100000000000100110010100100
10000100100011000001010000000010100100110000000101
10000100100010000000001100000000000100110000000101
10000100100010000000001100000000000100110000000101
01110011010100010000001000001000000100110000001010
00001000000000100000001000000000000100110000000101
10000100100010000100001100000000000100110000000101
01110001010100010000000000010000110010000100011000
