//
segsites: 53
positions: 0.003620000000000 0.004340000000000 0.012360000000000 0.014860000000000 0.044580000000000 0.049920000000000 0.062380000000000 0.144620000000000 0.156580000000000 0.163060000000000 0.166520000000000 0.187940000000000 0.188780000000000 0.189880000000000 0.191980000000000 0.192260000000000 0.194620000000000 0.226120000000000 0.264340000000000 0.282180000000000 0.296120000000000 0.340320000000000 0.360840000000000 0.363060000000000 0.368200000000000 0.383020000000000 0.407420000000000 0.415940000000000 0.453680000000000 0.537560000000000 0.552160000000000 0.581720000000000 0.584300000000000 0.596000000000000 0.659880000000000 0.669100000000000 0.717260000000000 0.722460000000000 0.751840000000000 0.757260000000000 0.760060000000000 0.769000000000000 0.769460000000000 0.779580000000000 0.793480000000000 0.799600000000000 0.834600000000000 0.905460000000000 0.905560000000000 0.916880000000000 0.969280000000000 0.981520000000000 0.984420000000000
01101000110000100011001000110100011001001010000000000
01101000110001010100001110001000000000001000001000000
01101000110001000100001101000000000000001000001000000
10000000110001000100001111000001100010100000110001111
10000000110101000100001111000001100010010100000001101
00000000111001000100001101000010000100000001000000000
01101000110001000100001110001000000000000100000100000
00010111000000001001101000110000100010100000110011111
00000000000010000000010000001000000000000100000000000
10001000110000100011001000110100011000001010000000000
