//
segsites: 58
positions: 0.000200000000000 0.001480000000000 0.019000000000000 0.035320000000000 0.037540000000000 0.044240000000000 0.047040000000000 0.062040000000000 0.072500000000000 0.087600000000000 0.097440000000000 0.099060000000000 0.128600000000000 0.141380000000000 0.146640000000000 0.155640000000000 0.179880000000000 0.181040000000000 0.186240000000000 0.231620000000000 0.288880000000000 0.292180000000000 0.294580000000000 0.314660000000000 0.315220000000000 0.333840000000000 0.364900000000000 0.390260000000000 0.424880000000000 0.453200000000000 0.458660000000000 0.463760000000000 0.479820000000000 0.494600000000000 0.497780000000000 0.507220000000000 0.542580000000000 0.639200000000000 0.661860000000000 0.679660000000000 0.682740000000000 0.688680000000000 0.702160000000000 0.717220000000000 0.739540000000000 0.765800000000000 0.782320000000000 0.790040000000000 0.810840000000000 0.811160000000000 0.828940000000000 0.833260000000000 0.836860000000000 0.906120000000000 0.919500000000000 0.923380000000000 0.976140000000000 0.990600000000000
0001000000010000000000001111000010000000000100010000011110
0001010001100101110010000000100000011010001000001111100000
0110100100011000001010100000000000011101110010000000010000
0000010000010000000100000111011001100101100010000000010000
1010100100011000001010000000000000011101100010000000011110
0000010100011000001001000000000100000000000100010000000010
0000000000010010000010010000000000011010001001101010100000
0110100100011000001000000111000010000001100010000000011110
0001000010010010000010010000000000011010001000001010100001
0001011001100101110010000000000000011010001000001011100010
