//
segsites: 51
positions: 0.067220000000000 0.072720000000000 0.092660000000000 0.102620000000000 0.120980000000000 0.124080000000000 0.127440000000000 0.140060000000000 0.141240000000000 0.159600000000000 0.162540000000000 0.163380000000000 0.163460000000000 0.193440000000000 0.227900000000000 0.252280000000000 0.269680000000000 0.292620000000000 0.311080000000000 0.313920000000000 0.314540000000000 0.319860000000000 0.330300000000000 0.332220000000000 0.332980000000000 0.334980000000000 0.335440000000000 0.366700000000000 0.368940000000000 0.437580000000000 0.453180000000000 0.476340000000000 0.502740000000000 0.504200000000000 0.559900000000000 0.621060000000000 0.639240000000000 0.648400000000000 0.695560000000000 0.732640000000000 0.771440000000000 0.777480000000000 0.787100000000000 0.806960000000000 0.855780000000000 0.888520000000000 0.904080000000000 0.909620000000000 0.945340000000000 0.955580000000000 0.956920000000000
000000100011001001000101100011011000010100000110100
000010000000001000000101100000000010000000000111100
000011011000001000000101101011111100000100110100100
000010000000001100100101100001011000000000111000000
000000000100011010011010010001011000101100110100000
000010000000001000000101100001011000000001000000000
100010000000001000000101100001011000000010110100011
000000100010001001000101100011011001000100000110100
100010000000001000000101100101011000101100110100000
011100000000100000000101100001011000000000110100011
