//
segsites: 49
positions: 0.013000000000000 0.013300000000000 0.036680000000000 0.046520000000000 0.085300000000000 0.129400000000000 0.155200000000000 0.170600000000000 0.172640000000000 0.192600000000000 0.194360000000000 0.213760000000000 0.221340000000000 0.222320000000000 0.222480000000000 0.224040000000000 0.224380000000000 0.229680000000000 0.237740000000000 0.270600000000000 0.282000000000000 0.282880000000000 0.407880000000000 0.439600000000000 0.460160000000000 0.476180000000000 0.494640000000000 0.613800000000000 0.619060000000000 0.629220000000000 0.640540000000000 0.640900000000000 0.666300000000000 0.678880000000000 0.694220000000000 0.700160000000000 0.726200000000000 0.755380000000000 0.756000000000000 0.782980000000000 0.791300000000000 0.793940000000000 0.832340000000000 0.854880000000000 0.980840000000000 0.982060000000000 0.985760000000000 0.986120000000000 0.999060000000000
0011000000101000100000000100110000010000001000010
0100011011000001011000000001001101010011110110100
0000011011000001011001000100110010010100000000010
1000000000010000000100110000110000001000000000000
0000001011000001011000000011001100010011110100000
0000001111000001011010000100110000010100001000000
0000100000000010000000001010110000000000000001000
0010001011000001011000000100110000110100000000001
0000011011000101011000000100110000010000001000010
0011000000101000100000000100110000010000001000010
