//
segsites: 44
positions: 0.065520000000000 0.085720000000000 0.126320000000000 0.151220000000000 0.199060000000000 0.200860000000000 0.210060000000000 0.248360000000000 0.260060000000000 0.275500000000000 0.280580000000000 0.304160000000000 0.307320000000000 0.309840000000000 0.318560000000000 0.325980000000000 0.337700000000000 0.340640000000000 0.357040000000000 0.412280000000000 0.443340000000000 0.471980000000000 0.487360000000000 0.498280000000000 0.502480000000000 0.511640000000000 0.560840000000000 0.560960000000000 0.607940000000000 0.632060000000000 0.636480000000000 0.641040000000000 0.671720000000000 0.684840000000000 0.716100000000000 0.767140000000000 0.776740000000000 0.829200000000000 0.865580000000000 0.884720000000000 0.897620000000000 0.922680000000000 0.942460000000000 0.971320000000000
00000100000011100000011011000100101001001000
00011100110000000010010000110100101100100011
10100001001000011101100000000001001001001100
00010100100000000010010000110100101000010000
00000100000011100000011011000100101001010000
10000001001000011101100000001000000000010000
00000100000111100000011111000100111001001000
00000100000011100000011011000100101001010000
10100001001000011101100000000001000010010000
01010110100000000010010000110110000000010000
