//
segsites: 63
positions: 0.037100000000000 0.043700000000000 0.071740000000000 0.072720000000000 0.087380000000000 0.111000000000000 0.118580000000000 0.119860000000000 0.129940000000000 0.130020000000000 0.132240000000000 0.145180000000000 0.149280000000000 0.170960000000000 0.204360000000000 0.211540000000000 0.232440000000000 0.253300000000000 0.261720000000000 0.275440000000000 0.294960000000000 0.300380000000000 0.300600000000000 0.306640000000000 0.344380000000000 0.355620000000000 0.363080000000000 0.376300000000000 0.380120000000000 0.396320000000000 0.410400000000000 0.465700000000000 0.492840000000000 0.513200000000000 0.521100000000000 0.522800000000000 0.525480000000000 0.542560000000000 0.556640000000000 0.572380000000000 0.590100000000000 0.590300000000000 0.620560000000000 0.655140000000000 0.660040000000000 0.663860000000000 0.666080000000000 0.678240000000000 0.686940000000000 0.720140000000000 0.737940000000000 0.761860000000000 0.769980000000000 0.795580000000000 0.801880000000000 0.829940000000000 0.856400000000000 0.875320000000000 0.905260000000000 0.931460000000000 0.951920000000000 0.968200000000000 0.978180000000000
000100100000000000000000100010010001001000000000100010000100010
000001000001101010110010000000001000010100000000100001101010000
000011000000000001001100000001000010000000000100101100000101000
001001000000000000000000100010010001001000000010100010000110010
000001000001101010101101000000000010000000000100100000000101101
000011010000000001001100001100000100100101000000100001101010000
100100001100000001000000000000000000000000100001100000010100000
100100001010000101000100000000100000001010000000000100000101100
000001000001111010110010010000001000010100011000100000010100000
010001000001101010110010000000001000001010000000010100000101100
