//
segsites: 53
positions: 0.000560000000000 0.010260000000000 0.054200000000000 0.068720000000000 0.076360000000000 0.078600000000000 0.081880000000000 0.088100000000000 0.131620000000000 0.134380000000000 0.146000000000000 0.150980000000000 0.158040000000000 0.174420000000000 0.177200000000000 0.188320000000000 0.218400000000000 0.253280000000000 0.270680000000000 0.298760000000000 0.315500000000000 0.320900000000000 0.331600000000000 0.398420000000000 0.412580000000000 0.419120000000000 0.474080000000000 0.476440000000000 0.499440000000000 0.524180000000000 0.564060000000000 0.596240000000000 0.604020000000000 0.649400000000000 0.703960000000000 0.704640000000000 0.714460000000000 0.717340000000000 0.731220000000000 0.733220000000000 0.752180000000000 0.773480000000000 0.794400000000000 0.796340000000000 0.831600000000000 0.835220000000000 0.884280000000000 0.931240000000000 0.956980000000000 0.973380000000000 0.977660000000000 0.981400000000000 0.999380000000000
00001000111001000000101110110000001100100001000110010
00010001000001001100000001000101010010010100100000000
00010001000001001100010001001101010010011100100001000
10000101000000110000000000000010001000100000000000101
00010001000001001000100001000101110010010100100000000
01001000111001000000100110110000001000010100111000000
00001000111001000000100110110000001000100001000100000
00101010000110000010000001000101010011010100100000000
00010001000001001011000001000100000010010110100001000
00101010000110000011000001000101010011010100100000000
