//
segsites: 53
positions: 0.021320000000000 0.029740000000000 0.041780000000000 0.043480000000000 0.058980000000000 0.060740000000000 0.087200000000000 0.111000000000000 0.112860000000000 0.128100000000000 0.195380000000000 0.231560000000000 0.250840000000000 0.268780000000000 0.269560000000000 0.270420000000000 0.282380000000000 0.301760000000000 0.328380000000000 0.330400000000000 0.356980000000000 0.413420000000000 0.423760000000000 0.452240000000000 0.463180000000000 0.480140000000000 0.483200000000000 0.483260000000000 0.508440000000000 0.509660000000000 0.513520000000000 0.543840000000000 0.560060000000000 0.561780000000000 0.564880000000000 0.575360000000000 0.589340000000000 0.614280000000000 0.665020000000000 0.675860000000000 0.687160000000000 0.703780000000000 0.722780000000000 0.748940000000000 0.792860000000000 0.798780000000000 0.804120000000000 0.848180000000000 0.855620000000000 0.872100000000000 0.885500000000000 0.909780000000000 0.986000000000000
01111100000000100100001001011010010111101000000100011
01111100000010000000001100001011111001110000010100011
11010001000010000010001000001010010001100000000100011
01111100000010000000001100001011010001110000000100011
11010000101101001001010010100100000000000110100100011
01110000010100011000101000001010010001100000000100011
11010001000010000010001000001010010001100000000100011
01111100000010000000001100001011010001110000000100011
11010000101101001001010010100100000000000101001011100
00000010000000100100001001001010010111101000000100011
