//
segsites: 61
positions: 0.007380000000000 0.013500000000000 0.015220000000000 0.034000000000000 0.047200000000000 0.052460000000000 0.057720000000000 0.084620000000000 0.097560000000000 0.119080000000000 0.125480000000000 0.173500000000000 0.173580000000000 0.177900000000000 0.219340000000000 0.232880000000000 0.237440000000000 0.244540000000000 0.252660000000000 0.257360000000000 0.264240000000000 0.285360000000000 0.290940000000000 0.310580000000000 0.333920000000000 0.334880000000000 0.338980000000000 0.356160000000000 0.379660000000000 0.396500000000000 0.409520000000000 0.467700000000000 0.485340000000000 0.497460000000000 0.530020000000000 0.531360000000000 0.544880000000000 0.571060000000000 0.574600000000000 0.578080000000000 0.587220000000000 0.597520000000000 0.602660000000000 0.649600000000000 0.670780000000000 0.702420000000000 0.740960000000000 0.784320000000000 0.794000000000000 0.814960000000000 0.824360000000000 0.825200000000000 0.833960000000000 0.837660000000000 0.850240000000000 0.865900000000000 0.871260000000000 0.883100000000000 0.894040000000000 0.924940000000000 0.957640000000000
1001001010011101010110101000001011000100000000000001001010010
0000001000100000100000000000000000001000000010100000000000100
0001001000011001010110111001001011100000000001000100010101000
0000101000011000000001000000000000001001000010100000000000100
0001001000011010001000000110101100000000111000010000100100000
0010000101000010001000000110101100000000111000010000100100000
0100000100100000000000000000000000001000000010101000000000100
0000001000100000000000000000011001000100000100000011000000011
0000001000110000010110101000001011010100000000000001000010010
0000011000100000000000000000011000001011000010100000000000100
