//
segsites: 41
positions: 0.001840000000000 0.045240000000000 0.072900000000000 0.094100000000000 0.116640000000000 0.148100000000000 0.163420000000000 0.225420000000000 0.251920000000000 0.264560000000000 0.271700000000000 0.274940000000000 0.276600000000000 0.316820000000000 0.322100000000000 0.328180000000000 0.335840000000000 0.376740000000000 0.414560000000000 0.438820000000000 0.453640000000000 0.469620000000000 0.481240000000000 0.483360000000000 0.571000000000000 0.601440000000000 0.603660000000000 0.609180000000000 0.613860000000000 0.682340000000000 0.711600000000000 0.733680000000000 0.742160000000000 0.782720000000000 0.820840000000000 0.830020000000000 0.902220000000000 0.913680000000000 0.925340000000000 0.954180000000000 0.995980000000000
01100100100110110110001101000001001010010
01100100010000101000010000010110101110010
10100010100110110110001011000111001011010
10100010100110110110001001000000010000101
00011001001001100100001011000111001011010
00011001000000000001100001001100000000101
01100100000000100000010000010111001010010
10100010100110110110001001000000010000001
01100100000000100000010000110111001010010
01100100010000101000010000010110101110010
