//
segsites: 54
positions: 0.006760000000000 0.047600000000000 0.051060000000000 0.077580000000000 0.078220000000000 0.185060000000000 0.199560000000000 0.203720000000000 0.256500000000000 0.259960000000000 0.305400000000000 0.307760000000000 0.334360000000000 0.341420000000000 0.345100000000000 0.356380000000000 0.398600000000000 0.401280000000000 0.401380000000000 0.426480000000000 0.529340000000000 0.540220000000000 0.545440000000000 0.572420000000000 0.576940000000000 0.595460000000000 0.603720000000000 0.618700000000000 0.626000000000000 0.632140000000000 0.672100000000000 0.686860000000000 0.708760000000000 0.737580000000000 0.746280000000000 0.758020000000000 0.763220000000000 0.786760000000000 0.797040000000000 0.799180000000000 0.800520000000000 0.802860000000000 0.810100000000000 0.845000000000000 0.876460000000000 0.879140000000000 0.886140000000000 0.887220000000000 0.900720000000000 0.926040000000000 0.941580000000000 0.953040000000000 0.981100000000000 0.998400000000000
000110000100001000000010000010100001000101000001001010
101000100011000010101000101100010000000000100000000100
000110001000100001010110010001101001110110000000010000
101000100011000010101000101100010000000000100000000100
000111010000000000000011000000010010001000011110000001
101000100011000010101000101100010001000101000001001000
010000100000000100000011000000010010001000011110000001
000110001000100001010110010001101001110110000000010000
000110000100001000000010000010100101000101000001100001
000110000100011000000010000010100001000101000001001000
