//
segsites: 56
positions: 0.008840000000000 0.012980000000000 0.017400000000000 0.075520000000000 0.100960000000000 0.106620000000000 0.107680000000000 0.112700000000000 0.132460000000000 0.148320000000000 0.151200000000000 0.155420000000000 0.183260000000000 0.290620000000000 0.306360000000000 0.313840000000000 0.327520000000000 0.330460000000000 0.355940000000000 0.376540000000000 0.395280000000000 0.410180000000000 0.413580000000000 0.443340000000000 0.451120000000000 0.458260000000000 0.487080000000000 0.498100000000000 0.507780000000000 0.541540000000000 0.550200000000000 0.586780000000000 0.594560000000000 0.595060000000000 0.619200000000000 0.625700000000000 0.655020000000000 0.683400000000000 0.687160000000000 0.743580000000000 0.752400000000000 0.765100000000000 0.779900000000000 0.780280000000000 0.784840000000000 0.790540000000000 0.834300000000000 0.836140000000000 0.839700000000000 0.845140000000000 0.872780000000000 0.903340000000000 0.919860000000000 0.932740000000000 0.939240000000000 0.958260000000000
11001000110000010000001000011001100000001100101001110001
11001000010000011010001000010001100000001100101001110010
11001000110000010000001000011001100000001100101001110001
00010001001010000100000001100000110100001111000100001000
00101110010100100010111000010000100000001111000110001000
00010001001010000100000110000110000001111111000100001000
11001000010000011010001000010001100000001100101001110010
00101110010100100010111000010000100010001111010110001000
00101110010100100011111000010000101010001111000110001100
00101110010101100010111000010000100000001111000110001100
