//
segsites: 49
positions: 0.010760000000000 0.015480000000000 0.025120000000000 0.034100000000000 0.068080000000000 0.069060000000000 0.075020000000000 0.092180000000000 0.099180000000000 0.118120000000000 0.136880000000000 0.180660000000000 0.181320000000000 0.196800000000000 0.225620000000000 0.232240000000000 0.247860000000000 0.259460000000000 0.346020000000000 0.363460000000000 0.384660000000000 0.393500000000000 0.431440000000000 0.435400000000000 0.436500000000000 0.462620000000000 0.486840000000000 0.493640000000000 0.515440000000000 0.529500000000000 0.539100000000000 0.541240000000000 0.644260000000000 0.646540000000000 0.649680000000000 0.665480000000000 0.702480000000000 0.716080000000000 0.738380000000000 0.790980000000000 0.791600000000000 0.799000000000000 0.826320000000000 0.845940000000000 0.857680000000000 0.889780000000000 0.906820000000000 0.920300000000000 0.953320000000000
1001001010001010000000010010010111000011000000010
0000001000001110001000011011000101000000000100100
0100010100001010000010010110000100110100001100100
0100110101001010010010010110000111000010000100100
0100010101001011000010011011000111000010000100100
0000001000110000100001100000001100100100001110100
0000001000001110001100011011100101000000000100100
0110010100001000101000011011000101000000000100100
0000001001001010010010010110000111000010000100100
0100010100001010000000000110000100111000110101101
