//
segsites: 59
positions: 0.000840000000000 0.002080000000000 0.009760000000000 0.024240000000000 0.025680000000000 0.054080000000000 0.073560000000000 0.079000000000000 0.084260000000000 0.099420000000000 0.113180000000000 0.129720000000000 0.130020000000000 0.131700000000000 0.136060000000000 0.144900000000000 0.160640000000000 0.168220000000000 0.181200000000000 0.206380000000000 0.225340000000000 0.250640000000000 0.300700000000000 0.301880000000000 0.318160000000000 0.359120000000000 0.363260000000000 0.385340000000000 0.398780000000000 0.411860000000000 0.415180000000000 0.420300000000000 0.436880000000000 0.463960000000000 0.467380000000000 0.525980000000000 0.540740000000000 0.583740000000000 0.604060000000000 0.607000000000000 0.616040000000000 0.622360000000000 0.624440000000000 0.629280000000000 0.630220000000000 0.678340000000000 0.691620000000000 0.695840000000000 0.707100000000000 0.752500000000000 0.787340000000000 0.790220000000000 0.808760000000000 0.849540000000000 0.865900000000000 0.898640000000000 0.919300000000000 0.976680000000000 0.982100000000000
00000001000000000001000000000011000000000000000001101010000
01110110101001000000010100000011000000000000000001101010000
01110110101010100100100000100011000001000010010100010010000
00100010000100001000100000001000001100111100001010000000000
10101010010000010000000001010100100000000000000000000001011
01110110101001000010000000000011000000000000000001101010000
01110110101001000000000100100011000100000001100000010000100
01000110100000000000000010000011000000000000000001100010000
01110110101001000000000100100011010110000001100000010110000
00000001000000000000001010000011000000000000000001100010000
