//
segsites: 61
positions: 0.032900000000000 0.047280000000000 0.053580000000000 0.062000000000000 0.066760000000000 0.079460000000000 0.088860000000000 0.093260000000000 0.132720000000000 0.142240000000000 0.143780000000000 0.186580000000000 0.201120000000000 0.233260000000000 0.234420000000000 0.240420000000000 0.253500000000000 0.260320000000000 0.272140000000000 0.296200000000000 0.297300000000000 0.323080000000000 0.331520000000000 0.358440000000000 0.364240000000000 0.366900000000000 0.413980000000000 0.464880000000000 0.466860000000000 0.470560000000000 0.478840000000000 0.479540000000000 0.484200000000000 0.492860000000000 0.524340000000000 0.529260000000000 0.532480000000000 0.542920000000000 0.563200000000000 0.563560000000000 0.566960000000000 0.569200000000000 0.572940000000000 0.590040000000000 0.617820000000000 0.618100000000000 0.630920000000000 0.637720000000000 0.640660000000000 0.751960000000000 0.765460000000000 0.772020000000000 0.803340000000000 0.846960000000000 0.861100000000000 0.863780000000000 0.876220000000000 0.888520000000000 0.889140000000000 0.934700000000000 0.985240000000000
0000110101011011000111000001110100001100100000000111101100010
0000110101011011000000000000000010110001000000010000010011100
0001000100011011000111011001110100001100100000100101101100010
0100000000000100111000100110001000110001000000010000010011101
1000000010000100101000100110001001000010001111001000000000100
0000110101011011000111000001110100001100100000000101101100010
0000001010100000001000100110001000110001000000010000010011100
0000001010100000000000000000000010110001010000010000010011100
0010001010100000000000000000000010110001000000010000010011100
0000000010000000000000000000000010110001000000010000010011100
