//
segsites: 66
positions: 0.015840000000000 0.020020000000000 0.034140000000000 0.042300000000000 0.080520000000000 0.082720000000000 0.084400000000000 0.100220000000000 0.107020000000000 0.127580000000000 0.135320000000000 0.138780000000000 0.139440000000000 0.143380000000000 0.143600000000000 0.145720000000000 0.154860000000000 0.156880000000000 0.158340000000000 0.170880000000000 0.296040000000000 0.301640000000000 0.306260000000000 0.309140000000000 0.321940000000000 0.322160000000000 0.322760000000000 0.327300000000000 0.342420000000000 0.377960000000000 0.380300000000000 0.443600000000000 0.447240000000000 0.469780000000000 0.471540000000000 0.515760000000000 0.518480000000000 0.543540000000000 0.552340000000000 0.594820000000000 0.621640000000000 0.630640000000000 0.660020000000000 0.710560000000000 0.717680000000000 0.739900000000000 0.742240000000000 0.747900000000000 0.749660000000000 0.780320000000000 0.807380000000000 0.808940000000000 0.821820000000000 0.826540000000000 0.828860000000000 0.832040000000000 0.835900000000000 0.839920000000000 0.860880000000000 0.861900000000000 0.903440000000000 0.909900000000000 0.932820000000000 0.948220000000000 0.956440000000000 0.968740000000000
000000001000000000100000001000010100000000001001000100000011100001
000000001000000000100000001000010100000000001001000100000011110001
101101100000110000010000000000000000100100000010001000011000000010
000000000000000010000000100000000111000001010100010000100100100101
000000000110110001001001001000010100000000001001000100000011100001
000000000110110001001001001000010100000000001001000100000011100001
010000000000001100000010000111101000000000100100100000100100000000
000000000000000010000100000000000111000001010100010000100100100101
000010001001000000001001011000010100000000001001000100000011100001
000000010000000010000000000000001111011010010000000011000011101101
