//
segsites: 49
positions: 0.006960000000000 0.034500000000000 0.050080000000000 0.090000000000000 0.124820000000000 0.127440000000000 0.179440000000000 0.212600000000000 0.218780000000000 0.281200000000000 0.295260000000000 0.309400000000000 0.336160000000000 0.352680000000000 0.366720000000000 0.375560000000000 0.435400000000000 0.448440000000000 0.456900000000000 0.459800000000000 0.468680000000000 0.509480000000000 0.516380000000000 0.531980000000000 0.556480000000000 0.561460000000000 0.567200000000000 0.603400000000000 0.613800000000000 0.660660000000000 0.678860000000000 0.695140000000000 0.703740000000000 0.758140000000000 0.758840000000000 0.759800000000000 0.770980000000000 0.781820000000000 0.782340000000000 0.796680000000000 0.801740000000000 0.882740000000000 0.915920000000000 0.922920000000000 0.923820000000000 0.956060000000000 0.966780000000000 0.968220000000000 0.984740000000000
1111000000000100000000010100110000110000101010100
0000011110100010111000000000001010110000101010101
1111100001000101000000000000000110110110000001000
1111100001000100000000010100110001000001010101010
0001000000011010000001101011110001000001010101010
1111000000000100000000010100110001000001010101010
1111000000000100000111001011000000001000101010100
1111000000000010110000000000001010110000101010100
1111000000000100000111001011000000001000101010100
1111000000000100000000010100111010110000100001000
