//
segsites: 34
positions: 0.054460000000000 0.066280000000000 0.072860000000000 0.141500000000000 0.144180000000000 0.157340000000000 0.197020000000000 0.208060000000000 0.211220000000000 0.221340000000000 0.281640000000000 0.291540000000000 0.300720000000000 0.311960000000000 0.392120000000000 0.410720000000000 0.447820000000000 0.466940000000000 0.509180000000000 0.545980000000000 0.557420000000000 0.577060000000000 0.634820000000000 0.635100000000000 0.658460000000000 0.707420000000000 0.744720000000000 0.839860000000000 0.842900000000000 0.873620000000000 0.903780000000000 0.930100000000000 0.975420000000000 0.989140000000000
0110110101010000000001010000001000
1010010101010000000001010000001000
1010010111000000100000010000000011
1010011101010001000011010000001000
1010010101010001000011010000011000
1010010111000000101000101111100101
1010010101010000000001010000001000
0001000000101110010100010000001000
0001000000101110010100010000001000
0001000000101110010100010000001000
