//
segsites: 52
positions: 0.009480000000000 0.014500000000000 0.022540000000000 0.036120000000000 0.036300000000000 0.106620000000000 0.115580000000000 0.116380000000000 0.125100000000000 0.163160000000000 0.168440000000000 0.205160000000000 0.208520000000000 0.253400000000000 0.271600000000000 0.275760000000000 0.284680000000000 0.326380000000000 0.369920000000000 0.417320000000000 0.428260000000000 0.439640000000000 0.462880000000000 0.468520000000000 0.484300000000000 0.491540000000000 0.576040000000000 0.580900000000000 0.602400000000000 0.619740000000000 0.638940000000000 0.641820000000000 0.645740000000000 0.646820000000000 0.700040000000000 0.701840000000000 0.768320000000000 0.771600000000000 0.794220000000000 0.801400000000000 0.814100000000000 0.820180000000000 0.822700000000000 0.844960000000000 0.868800000000000 0.870080000000000 0.874700000000000 0.917120000000000 0.936480000000000 0.970400000000000 0.976260000000000 0.979380000000000
1010101111011010001110100110110111100001101000011000
0111000001011010101111010100001000011000000001000110
1010111110111010001110011100001000011000000001000110
1010001111011010001110010100001000011000000001000110
0011000001011010101110000100110111100001001000011000
1010100001011010101110010100001000011100010001000110
1010001111011010001110000100110111011000000011000110
0011011110000101001110000101000000010010000000111001
1010101111011010001110000100110111100001001000011000
1010101111011010011110000100110111100001001100011000
