//
segsites: 56
positions: 0.002760000000000 0.015560000000000 0.016880000000000 0.031580000000000 0.048800000000000 0.058640000000000 0.060340000000000 0.067600000000000 0.117500000000000 0.158300000000000 0.195200000000000 0.207900000000000 0.227140000000000 0.234940000000000 0.235540000000000 0.240320000000000 0.242100000000000 0.242200000000000 0.253340000000000 0.338980000000000 0.370520000000000 0.413520000000000 0.420600000000000 0.427640000000000 0.452300000000000 0.452300000000000 0.476900000000000 0.481600000000000 0.556780000000000 0.580600000000000 0.585240000000000 0.637740000000000 0.654300000000000 0.656300000000000 0.658680000000000 0.721620000000000 0.746280000000000 0.753720000000000 0.770160000000000 0.793440000000000 0.796380000000000 0.813560000000000 0.814220000000000 0.815600000000000 0.816180000000000 0.832120000000000 0.848860000000000 0.853200000000000 0.865480000000000 0.883080000000000 0.896160000000000 0.914260000000000 0.942680000000000 0.945940000000000 0.959700000000000 0.971760000000000
00010101000001111001000001101000011100110100000010010001
00011101000001111000001001101000011100110100000010010001
11000100111001111000000001101100011100110110000110000010
00010100000100011110010110010010100001001000000010001100
00110101000001111000000001100000000010000101000010101000
00010101000001111000100001101000011100110100000010010001
00000100000000111000000001100001000010000101101010101000
00010101000001111000000001101000011100110100010010010001
11000110011010000000000000000000000010000101000010101000
00000100000000111000000001100000000100110100010011010001
