//
segsites: 44
positions: 0.013420000000000 0.024440000000000 0.071740000000000 0.079580000000000 0.099860000000000 0.105260000000000 0.161140000000000 0.190500000000000 0.206000000000000 0.210660000000000 0.239720000000000 0.240780000000000 0.254480000000000 0.301960000000000 0.326160000000000 0.326320000000000 0.355280000000000 0.413100000000000 0.455280000000000 0.489280000000000 0.495360000000000 0.530800000000000 0.536720000000000 0.589400000000000 0.591520000000000 0.600320000000000 0.607620000000000 0.608160000000000 0.654900000000000 0.661480000000000 0.722460000000000 0.760300000000000 0.773420000000000 0.798420000000000 0.808000000000000 0.812300000000000 0.818320000000000 0.838760000000000 0.848740000000000 0.850120000000000 0.855440000000000 0.879020000000000 0.908700000000000 0.972960000000000
01100100000111001011000010011100001000000100
00001100110110000100011001100010000001010000
11110100000111001100000000000100001000000100
01100100000111001011010000100010000001010000
00001101110110110100010000100010000001010000
00001100110110010101000000000011001000000110
01100100000111001010111000100010000001010000
00001100110110000100010000101100001000000101
00001100110110000100011000100010000001011000
01100110001111001011000100000010110110100000
