//
segsites: 63
positions: 0.012260000000000 0.033660000000000 0.051940000000000 0.062140000000000 0.086440000000000 0.131440000000000 0.199280000000000 0.201280000000000 0.218940000000000 0.223520000000000 0.243140000000000 0.269720000000000 0.284820000000000 0.288560000000000 0.288760000000000 0.291200000000000 0.293160000000000 0.304980000000000 0.305440000000000 0.324820000000000 0.326580000000000 0.336480000000000 0.343300000000000 0.353540000000000 0.356080000000000 0.366400000000000 0.366600000000000 0.368320000000000 0.371280000000000 0.381060000000000 0.388040000000000 0.415200000000000 0.421060000000000 0.451400000000000 0.459600000000000 0.473680000000000 0.483120000000000 0.494160000000000 0.504520000000000 0.510260000000000 0.511580000000000 0.525980000000000 0.544920000000000 0.568580000000000 0.569840000000000 0.587420000000000 0.591760000000000 0.610120000000000 0.621000000000000 0.633220000000000 0.659400000000000 0.682180000000000 0.692860000000000 0.754260000000000 0.756380000000000 0.780040000000000 0.839800000000000 0.878080000000000 0.900400000000000 0.904700000000000 0.906800000000000 0.943960000000000 0.945100000000000
100001110000000000010000100000000011101100010001110100001111111
010100000000000000010000000100000001001100010000110100001111110
100000000100000011000011001010001100000000000000110100001111110
100000000000000000010000000000000001001100010100110100001111110
100000001000000000010000100000000001101100010000110100001111111
001010000001001000000100000001010000000011101010010101111111110
001010000001001000100100000001010000000011101000000110001111110
100000000110110100001000000000100001010000000000110100001111110
100000001000000000010000100000000001101100010000110100001111111
100000000100000000010000010000000001001100010000111100001111110
