//
segsites: 31
positions: 0.006020000000000 0.012100000000000 0.045600000000000 0.087080000000000 0.104700000000000 0.126720000000000 0.128940000000000 0.130260000000000 0.140860000000000 0.213780000000000 0.265820000000000 0.274540000000000 0.284040000000000 0.300940000000000 0.329160000000000 0.339360000000000 0.368040000000000 0.447420000000000 0.447560000000000 0.456720000000000 0.561360000000000 0.562040000000000 0.595760000000000 0.669200000000000 0.683480000000000 0.701780000000000 0.834260000000000 0.848060000000000 0.871580000000000 0.918320000000000 0.929660000000000
0001000000100100111110101110010
1110011101100100111110101110100
0001100000110101111110101110100
0010000000001110111111101110100
0001000000000100111110101110101
1010011101100100111110101110100
1010011101100100111110101110100
0001000000100100111110111111100
1010011111100100111110101110100
0001000000100100111110101110100
