//
segsites: 41
positions: 0.001840000000000 0.075780000000000 0.103840000000000 0.189420000000000 0.193300000000000 0.206960000000000 0.231060000000000 0.237000000000000 0.254140000000000 0.301220000000000 0.307080000000000 0.344060000000000 0.359560000000000 0.372820000000000 0.426740000000000 0.431560000000000 0.437860000000000 0.457840000000000 0.486060000000000 0.542580000000000 0.558260000000000 0.582020000000000 0.597020000000000 0.614440000000000 0.625340000000000 0.649500000000000 0.711440000000000 0.719220000000000 0.733200000000000 0.745700000000000 0.758240000000000 0.804340000000000 0.819200000000000 0.857500000000000 0.863480000000000 0.865300000000000 0.899480000000000 0.912940000000000 0.932080000000000 0.944060000000000 0.944100000000000
00100000010010001000010000101001111001101
00001110100101000100111110010000100100000
00100000011010001011000111000100100011100
00001000010010001000010000100100100011100
10100000011010001011000110000000100100000
00100001010010111000010000101001111001110
01001110000101000100011110010000100100000
00010000010010001000010000100010111001101
00100000010010001000010000101001111001101
01001110000101000100011110010000100100000
