//
segsites: 62
positions: 0.007060000000000 0.018580000000000 0.027320000000000 0.037380000000000 0.046600000000000 0.065180000000000 0.071740000000000 0.116680000000000 0.116800000000000 0.140020000000000 0.151900000000000 0.155480000000000 0.163300000000000 0.203060000000000 0.204940000000000 0.208600000000000 0.208920000000000 0.210180000000000 0.221420000000000 0.232260000000000 0.242020000000000 0.244200000000000 0.258300000000000 0.267200000000000 0.295840000000000 0.310500000000000 0.311680000000000 0.409180000000000 0.431220000000000 0.433940000000000 0.460340000000000 0.461240000000000 0.488940000000000 0.506560000000000 0.524260000000000 0.540240000000000 0.543700000000000 0.551920000000000 0.584600000000000 0.589920000000000 0.618240000000000 0.634760000000000 0.712620000000000 0.720140000000000 0.732220000000000 0.746740000000000 0.789380000000000 0.792460000000000 0.795520000000000 0.813200000000000 0.817600000000000 0.840580000000000 0.842560000000000 0.861960000000000 0.865320000000000 0.890760000000000 0.904840000000000 0.910920000000000 0.919120000000000 0.926500000000000 0.959320000000000 0.970100000000000
01001000000110001000010010100001100000010010000000000000000001
00000101010000000010000000001000100000000100001000000001010000
01001000001110001000010010100001100000011010000000000000000001
01000000000000000000000010010000010011000000000000111011010010
00000000100001110001000000000000000000000001000101000011011000
10110000000000000000000000000110000100100100001000000001010000
10110000000000000100000100000000100000000100001000000001010000
10110010000000000000100001000000100000010010010000000000000101
01001000000110000000010000000000101000000001100010000100100000
01001000000110001000011010100001100000010010000000000000000001
