//
segsites: 74
positions: 0.019780000000000 0.048640000000000 0.063880000000000 0.083440000000000 0.085800000000000 0.127040000000000 0.132240000000000 0.137640000000000 0.170580000000000 0.172860000000000 0.190620000000000 0.207680000000000 0.239400000000000 0.252560000000000 0.269300000000000 0.272460000000000 0.275280000000000 0.284980000000000 0.294180000000000 0.302440000000000 0.303200000000000 0.324440000000000 0.330840000000000 0.360620000000000 0.365840000000000 0.371740000000000 0.378780000000000 0.380740000000000 0.399060000000000 0.419860000000000 0.429360000000000 0.433580000000000 0.447620000000000 0.449140000000000 0.466840000000000 0.471160000000000 0.474140000000000 0.475000000000000 0.485480000000000 0.508380000000000 0.517840000000000 0.526220000000000 0.531000000000000 0.552000000000000 0.556700000000000 0.567740000000000 0.579020000000000 0.595000000000000 0.599640000000000 0.600520000000000 0.609640000000000 0.630780000000000 0.634760000000000 0.656020000000000 0.658500000000000 0.663080000000000 0.685500000000000 0.687940000000000 0.688520000000000 0.734040000000000 0.737760000000000 0.742560000000000 0.772780000000000 0.786280000000000 0.788080000000000 0.791480000000000 0.793960000000000 0.802240000000000 0.822600000000000 0.891680000000000 0.916220000000000 0.951180000000000 0.961560000000000 0.994500000000000
00000001010100000000100010001000010000000011100001000010000011000000010000
00001001010100010000101000000100001010001110011010001000001100011000000100
00000001110100000000101000000000001010100111100001000100000011000000101000
00000001010100000000101000000000001010100111100001000100000011000010101001
00000001010100000000101000000000101010001110011010001000001100011100000010
00100100001010100010010000000000000000000000000000000000000011000000000100
00100100001010000000000010001000010001000111100001000100000011000001101000
11000010010100001000101000000000001010100111100001000100000011000000001000
11010010001000000100000001110011000001000111100101000000010011100000000000
11000010001001000101001100000000000100010010100001110001100011100000010000
