//
segsites: 59
positions: 0.002760000000000 0.016060000000000 0.041000000000000 0.089200000000000 0.122560000000000 0.204200000000000 0.204380000000000 0.286440000000000 0.308840000000000 0.327160000000000 0.344080000000000 0.348220000000000 0.356140000000000 0.367420000000000 0.375860000000000 0.381980000000000 0.409500000000000 0.435420000000000 0.511100000000000 0.546080000000000 0.565240000000000 0.571980000000000 0.591920000000000 0.601280000000000 0.610940000000000 0.622340000000000 0.623800000000000 0.627740000000000 0.629460000000000 0.663940000000000 0.672360000000000 0.672660000000000 0.706280000000000 0.734320000000000 0.760580000000000 0.768820000000000 0.774860000000000 0.777660000000000 0.795360000000000 0.807300000000000 0.825400000000000 0.825800000000000 0.838920000000000 0.843480000000000 0.844540000000000 0.849300000000000 0.874360000000000 0.876040000000000 0.882500000000000 0.887240000000000 0.891960000000000 0.917420000000000 0.918520000000000 0.932520000000000 0.937240000000000 0.951040000000000 0.952560000000000 0.966180000000000 0.966260000000000
00000001011010011000000010010000101101100100000000000000100
00000111001011000101100001001000011101001000000011000000101
00000111001011000101000001001000101101100010000100110110100
00110001000011100100010100000100000111000001010000000000000
00000111001011000101000001001000011101001000000011000000101
11000001000000000000001000000110001001010000101000001000000
00000001011010011000000100000100000111000001010000000000000
00010000100101000111000001000001101101000000000100110110100
00000001011010011000000010010000101101100000000100110110110
00001001000011100100010100100100000111000001010000000001000
