//
segsites: 50
positions: 0.026480000000000 0.034320000000000 0.058400000000000 0.105540000000000 0.115160000000000 0.134220000000000 0.140120000000000 0.166680000000000 0.177500000000000 0.195180000000000 0.199400000000000 0.214340000000000 0.263320000000000 0.296520000000000 0.332620000000000 0.347020000000000 0.354620000000000 0.398920000000000 0.405700000000000 0.432660000000000 0.477840000000000 0.495800000000000 0.529880000000000 0.551680000000000 0.554980000000000 0.569240000000000 0.576280000000000 0.585020000000000 0.630060000000000 0.633460000000000 0.666020000000000 0.667200000000000 0.672420000000000 0.690160000000000 0.700540000000000 0.717720000000000 0.733080000000000 0.756880000000000 0.771080000000000 0.806240000000000 0.823980000000000 0.826860000000000 0.847400000000000 0.886620000000000 0.902140000000000 0.913980000000000 0.923500000000000 0.946780000000000 0.988800000000000 0.989140000000000
01000011000001011011100100110000010100001000000000
00111000100001101000011011001111001001100110001100
00101000000101101000011011001111001001110011001100
11000011010001011011100100010000010000000010001100
00101000000001001100011011001111001011110011011100
00101100001001001000011011001111101001110011001100
00101000000001001000011011001111001001100010100010
01000011000011011011100100110000010100001000000001
00101000001001001000011011001111001001110011001100
01000011000001011011100100110000010100001000000000
