//
segsites: 51
positions: 0.011040000000000 0.021260000000000 0.023120000000000 0.024140000000000 0.039900000000000 0.055500000000000 0.059660000000000 0.061440000000000 0.089220000000000 0.106660000000000 0.113780000000000 0.114220000000000 0.123000000000000 0.142300000000000 0.150580000000000 0.167200000000000 0.168980000000000 0.173000000000000 0.191600000000000 0.225180000000000 0.227160000000000 0.247840000000000 0.311100000000000 0.321740000000000 0.352540000000000 0.383640000000000 0.393440000000000 0.445740000000000 0.449260000000000 0.491080000000000 0.507760000000000 0.526020000000000 0.528440000000000 0.530000000000000 0.531480000000000 0.549080000000000 0.560640000000000 0.563480000000000 0.605360000000000 0.616700000000000 0.680520000000000 0.698360000000000 0.732800000000000 0.740600000000000 0.816220000000000 0.850800000000000 0.853560000000000 0.907500000000000 0.923120000000000 0.955260000000000 0.959840000000000
010010010000000001000110000010110100000101010001000
000000100000101000110001011101010100000101010001000
010010010000010001000010000010011100000101011010000
000000100000101000110001011101010100000101010001000
010010010001000001000010000010010100000101010001000
101100001000000000000001100000000010101010101010000
010011010000000001000010000010110100000101010001010
010010010000000001000010000010010100010101010101001
010000010110000110001010000010010100000101010001000
010010010000000001000010000010010101000101010001100
