//
segsites: 57
positions: 0.015900000000000 0.031840000000000 0.044440000000000 0.060300000000000 0.085820000000000 0.096020000000000 0.099740000000000 0.124020000000000 0.137680000000000 0.162320000000000 0.172980000000000 0.176320000000000 0.229120000000000 0.265940000000000 0.285100000000000 0.310700000000000 0.311500000000000 0.314280000000000 0.314400000000000 0.315320000000000 0.318720000000000 0.323080000000000 0.324440000000000 0.326000000000000 0.332060000000000 0.344860000000000 0.345460000000000 0.375020000000000 0.379260000000000 0.425900000000000 0.443440000000000 0.449080000000000 0.451300000000000 0.537840000000000 0.544120000000000 0.548840000000000 0.560560000000000 0.582000000000000 0.592280000000000 0.599980000000000 0.600100000000000 0.611600000000000 0.621920000000000 0.643900000000000 0.682520000000000 0.693540000000000 0.701980000000000 0.738800000000000 0.742920000000000 0.770260000000000 0.809860000000000 0.833420000000000 0.839960000000000 0.870600000000000 0.969760000000000 0.980240000000000 0.994360000000000
000001011000101001010000000001010100100110001010000000100
101000100001000000000000010000000111000000000000100000000
000100000010000110101000101110000110001001000000100010001
000100000010011000010110000000101000000000001010000000000
000100000010011000010110000000101000000000001010000000000
101010100001001000010000000000000100010000000100000100010
000001011000101001010000000000000100100100011010000000000
000001011100101001010001000000000100100100101010001001000
000001010000101001010000000000000100100100000101010000000
010001011000101001010000000000000100100100011010000000000
