//
segsites: 54
positions: 0.052340000000000 0.064980000000000 0.068080000000000 0.106900000000000 0.121500000000000 0.130100000000000 0.142180000000000 0.175840000000000 0.178120000000000 0.210960000000000 0.211420000000000 0.216880000000000 0.226800000000000 0.227800000000000 0.256820000000000 0.287820000000000 0.306400000000000 0.332980000000000 0.365660000000000 0.417080000000000 0.431980000000000 0.442020000000000 0.451740000000000 0.484000000000000 0.492340000000000 0.511240000000000 0.519860000000000 0.538140000000000 0.546740000000000 0.561600000000000 0.596000000000000 0.605480000000000 0.641660000000000 0.658340000000000 0.711040000000000 0.714760000000000 0.734900000000000 0.747080000000000 0.753440000000000 0.754100000000000 0.777980000000000 0.789720000000000 0.797120000000000 0.809720000000000 0.837820000000000 0.855480000000000 0.892280000000000 0.893520000000000 0.899240000000000 0.909760000000000 0.916240000000000 0.962400000000000 0.970380000000000 0.986620000000000
010000010010000100001000000000011100100001000000000010
001010111110000110000000100000000001111000110010001001
100000010010000100000000010110100001111001000000001001
000000010010001100000000011100100010100111010010001001
010000010010000100000000010110100001100011000101000000
010000010010000100000000010110100001100011000101000000
000100000001010100110011100001000001111000110000111101
000001010010100101000000010100100010100011001100000000
010000010010000100000100010110100001111000110010001001
001000111110000110000000100000000010100011001100000000
