//
segsites: 53
positions: 0.026500000000000 0.056020000000000 0.073400000000000 0.084160000000000 0.091540000000000 0.153300000000000 0.185400000000000 0.196560000000000 0.216740000000000 0.220440000000000 0.258240000000000 0.271760000000000 0.385660000000000 0.392840000000000 0.401240000000000 0.440960000000000 0.449840000000000 0.454980000000000 0.476420000000000 0.509160000000000 0.524040000000000 0.557460000000000 0.622480000000000 0.622540000000000 0.642400000000000 0.648460000000000 0.652780000000000 0.665880000000000 0.673240000000000 0.723300000000000 0.740740000000000 0.744340000000000 0.752980000000000 0.790800000000000 0.793500000000000 0.811340000000000 0.811640000000000 0.819280000000000 0.830920000000000 0.842560000000000 0.876300000000000 0.876780000000000 0.905220000000000 0.907180000000000 0.907180000000000 0.912880000000000 0.914600000000000 0.919580000000000 0.972700000000000 0.979820000000000 0.980380000000000 0.982440000000000 0.999040000000000
01001010100000000111000100010000010000001010000100000
00000100001001101000100000110100000000001000001100001
00000100001010010001010001000010000000010001100001000
00000100001001101000100000110000000000001000001100001
00110001000100000101000000011000001011100000010010000
10000100001001001000100000110000000100100100010000110
00110001010000000101001000011000001011100000010010000
00000100001001101000100000110000000000001000001100001
00000100001001001000100010000001100000000000010010000
10000100001001001000100000110000000100100100010000110
