//
segsites: 68
positions: 0.001240000000000 0.039600000000000 0.048240000000000 0.058560000000000 0.059800000000000 0.076120000000000 0.099820000000000 0.110100000000000 0.116360000000000 0.129080000000000 0.184420000000000 0.206520000000000 0.246800000000000 0.248120000000000 0.262080000000000 0.268520000000000 0.278720000000000 0.298600000000000 0.308360000000000 0.344620000000000 0.348580000000000 0.352700000000000 0.357660000000000 0.399960000000000 0.415380000000000 0.423100000000000 0.430100000000000 0.442700000000000 0.458480000000000 0.465980000000000 0.476580000000000 0.488540000000000 0.509320000000000 0.539760000000000 0.545000000000000 0.563960000000000 0.568880000000000 0.574980000000000 0.578060000000000 0.635660000000000 0.649020000000000 0.658080000000000 0.665280000000000 0.668520000000000 0.676520000000000 0.680660000000000 0.682160000000000 0.699940000000000 0.701460000000000 0.707720000000000 0.710200000000000 0.717160000000000 0.721340000000000 0.721400000000000 0.738260000000000 0.746900000000000 0.758880000000000 0.760080000000000 0.790700000000000 0.796660000000000 0.846200000000000 0.895000000000000 0.924400000000000 0.936520000000000 0.960720000000000 0.976460000000000 0.996080000000000 0.998040000000000
10101010010000010000001100110000100110011011010101010000010000001000
00100001000100101110100000001001000000100100001010000011000111001101
00100001000000000000000000000100011000000000101000000011100001100010
00101010011000000110100000000100011000000000101000100011000001100010
01100001000000000000000000000100011000000000101000100011000001100010
00110001000000000000000001000100011001011010000000001000000001000000
00100001000000101110100000001001000000100100001010000111001111001101
00100001000000000001010010000010000000100100001000000011000111001010
00100001000000000001010010000010000000100100001000000011000111001101
00100100100011010000001100100000100110011011010101010000010000011000
