//
segsites: 64
positions: 0.003940000000000 0.009140000000000 0.034160000000000 0.094360000000000 0.116340000000000 0.134160000000000 0.149840000000000 0.179400000000000 0.181120000000000 0.183180000000000 0.218400000000000 0.219520000000000 0.230900000000000 0.265700000000000 0.284660000000000 0.300540000000000 0.338500000000000 0.386220000000000 0.389740000000000 0.392600000000000 0.401880000000000 0.431780000000000 0.445900000000000 0.488900000000000 0.495380000000000 0.514060000000000 0.533020000000000 0.536340000000000 0.563940000000000 0.575860000000000 0.579820000000000 0.583840000000000 0.592880000000000 0.596220000000000 0.627480000000000 0.644960000000000 0.648900000000000 0.659360000000000 0.660580000000000 0.683600000000000 0.685440000000000 0.701100000000000 0.710180000000000 0.729740000000000 0.734840000000000 0.738840000000000 0.746740000000000 0.791740000000000 0.794720000000000 0.797500000000000 0.807780000000000 0.810040000000000 0.822200000000000 0.836700000000000 0.842920000000000 0.899360000000000 0.909780000000000 0.930620000000000 0.931460000000000 0.932120000000000 0.954320000000000 0.983880000000000 0.986800000000000 0.997080000000000
0101010000000000111011110000111000000001100000000000000100100100
0000001011001000110011110100000000001001100001111000101100100100
0000001011000000110011110000000000001001100001111001001100100100
0000000100000111000000111000000000110010011110000010010000000000
0000101011001000110011110000000000001001100001111000101100100100
0000000100100111000000111000000000110010011110000010010000001000
1000001011000000110011110000000000001001100001111000001100100100
0110000010010000000100110011000111000101100000000100000011010001
0000000000000000111011110000001000000001100000000000000011010000
0110000000000000110011110000000000001001100001111001001100100110
