//
segsites: 80
positions: 0.015340000000000 0.024320000000000 0.079520000000000 0.095800000000000 0.098000000000000 0.135800000000000 0.167100000000000 0.179380000000000 0.191580000000000 0.204180000000000 0.217980000000000 0.219180000000000 0.229620000000000 0.236800000000000 0.244920000000000 0.255640000000000 0.257280000000000 0.259280000000000 0.308720000000000 0.335280000000000 0.343720000000000 0.351860000000000 0.376440000000000 0.386880000000000 0.401300000000000 0.401420000000000 0.441360000000000 0.447540000000000 0.487120000000000 0.526680000000000 0.530700000000000 0.536580000000000 0.543180000000000 0.543740000000000 0.599480000000000 0.605460000000000 0.619140000000000 0.621640000000000 0.621700000000000 0.652600000000000 0.677020000000000 0.682780000000000 0.686020000000000 0.697120000000000 0.719540000000000 0.720500000000000 0.725600000000000 0.734780000000000 0.748000000000000 0.755020000000000 0.759540000000000 0.760560000000000 0.774040000000000 0.792520000000000 0.803880000000000 0.806380000000000 0.811120000000000 0.816080000000000 0.826140000000000 0.844560000000000 0.848860000000000 0.849740000000000 0.859920000000000 0.880320000000000 0.882220000000000 0.884960000000000 0.897580000000000 0.900860000000000 0.906620000000000 0.931700000000000 0.941000000000000 0.948740000000000 0.966500000000000 0.967820000000000 0.976040000000000 0.977920000000000 0.986680000000000 0.993100000000000 0.993440000000000 0.998280000000000
00101000000000000000000010000100111000010100000000000000000001000001100100000001
00000000010000000100000000001000000000101010000000100110000100000000010000000000
11010000001000100001000000000000000010000101010000000001010000100000000000110000
11000011100101010000000000000001000001000000000101000000000000100000000000000001
11010100010000000000010100100000000100000100101000000001000010101000000000000000
11010100010000000100010100100000000100000000000000001000100000000010001010001010
00000011100101010000000000001000000000101010000000100110000100010000010000000000
11010100000000000010101000011010000000001010101010010000001000000100000001000000
11010111100111010000000001001000000000101010000000100110000100000000010000000000
00000000001000101001000000000000000010000101010000000001000000100000000000110100
