//
segsites: 51
positions: 0.001480000000000 0.003720000000000 0.003760000000000 0.067340000000000 0.086580000000000 0.115400000000000 0.152300000000000 0.174600000000000 0.184520000000000 0.216920000000000 0.223320000000000 0.249880000000000 0.258080000000000 0.306300000000000 0.329120000000000 0.353540000000000 0.354520000000000 0.359560000000000 0.371060000000000 0.405740000000000 0.407740000000000 0.417520000000000 0.421020000000000 0.429580000000000 0.435340000000000 0.478000000000000 0.510700000000000 0.535220000000000 0.553820000000000 0.573260000000000 0.593220000000000 0.613800000000000 0.616980000000000 0.646520000000000 0.695500000000000 0.739720000000000 0.813160000000000 0.824120000000000 0.856420000000000 0.856960000000000 0.861860000000000 0.871560000000000 0.871800000000000 0.872620000000000 0.891320000000000 0.923780000000000 0.941500000000000 0.954880000000000 0.957840000000000 0.989800000000000 0.992620000000000
000100010000110010001010010000101100010010000010000
000100000110010010001001000000101000001100010100000
011010100000010010001010000000101001010010000010100
010011100000110010001010010000101100010010000010000
000100000110010010001001000000101000001100010100000
000100000110010010001001000000101000010010000010000
000100001000001101110100100011101000100000001010000
000100000110010010001001000000101000001100010100001
100000100001010000000000101100010010000001100001010
011010100000010010001010000000101001010010000010100
