//
segsites: 77
positions: 0.028520000000000 0.031380000000000 0.044320000000000 0.046240000000000 0.063680000000000 0.065520000000000 0.072300000000000 0.094960000000000 0.119540000000000 0.121860000000000 0.130680000000000 0.140100000000000 0.144840000000000 0.158200000000000 0.186140000000000 0.198040000000000 0.203340000000000 0.206320000000000 0.212340000000000 0.242720000000000 0.243600000000000 0.253620000000000 0.255660000000000 0.260500000000000 0.283160000000000 0.301800000000000 0.311000000000000 0.312660000000000 0.317260000000000 0.326240000000000 0.332480000000000 0.334260000000000 0.334700000000000 0.335100000000000 0.335920000000000 0.348200000000000 0.352260000000000 0.363060000000000 0.409980000000000 0.419000000000000 0.462940000000000 0.486020000000000 0.509080000000000 0.530160000000000 0.556140000000000 0.573760000000000 0.575160000000000 0.586440000000000 0.605820000000000 0.617040000000000 0.618960000000000 0.633580000000000 0.643360000000000 0.645580000000000 0.646220000000000 0.651320000000000 0.652640000000000 0.653280000000000 0.653980000000000 0.659100000000000 0.668100000000000 0.668560000000000 0.671260000000000 0.714980000000000 0.717280000000000 0.742020000000000 0.757960000000000 0.761400000000000 0.761480000000000 0.787780000000000 0.817660000000000 0.831380000000000 0.834640000000000 0.851100000000000 0.903460000000000 0.951400000000000 0.983060000000000
00000100000001000000000110000100000000100000000000000100000000000000000000000
00000000001001001000001000100001100000001100010101010000010100100000000000000
11110000100000000100000000000010010110000000100000110000001010000000101001000
00000100000001000000000010000100000000100000000000000100000000000000000000001
00000010000000000001001001000100000000100000000000000100000000000000000100100
00000101010001100010000001000100000000100000000010000011000001010100001010000
00000000001001001000001000100001100000000000100000110000001010000000101001000
00000000001001001000001000101001100000010000100000110000101010000001101001000
00000000001001001000001000101001100000000000100000110000001010000011101001000
00001000000111010000110000010100001001100011001000001000010100101000011001010
