//
segsites: 57
positions: 0.011160000000000 0.018900000000000 0.026040000000000 0.050620000000000 0.051600000000000 0.066880000000000 0.124660000000000 0.129060000000000 0.132320000000000 0.137480000000000 0.144880000000000 0.150680000000000 0.177860000000000 0.182140000000000 0.182940000000000 0.202940000000000 0.219820000000000 0.236360000000000 0.252040000000000 0.270060000000000 0.279260000000000 0.287040000000000 0.290840000000000 0.396060000000000 0.425840000000000 0.435880000000000 0.441840000000000 0.448440000000000 0.481580000000000 0.508180000000000 0.527120000000000 0.528820000000000 0.550380000000000 0.616840000000000 0.662780000000000 0.666400000000000 0.679700000000000 0.699620000000000 0.713940000000000 0.719420000000000 0.735980000000000 0.740020000000000 0.742340000000000 0.758760000000000 0.759900000000000 0.770040000000000 0.774980000000000 0.778080000000000 0.794420000000000 0.818840000000000 0.831840000000000 0.857120000000000 0.904200000000000 0.957140000000000 0.973600000000000 0.988460000000000 0.993620000000000
100101001010100011000100001010000000001001000110000011100
100101000010100011010010110001100010000010001000001000000
000000100000010100010101001110001100100000111001010001001
011000010000001100110100001010000000000101000100100000000
000010010101001100110100001010010000010010001000000100000
000010010101001100110100001010010001000001000110000011001
000010010101001100110100001010010000010010001000000100000
100101000010100011011000010001100010000010001000001000010
000010010101001100110100001010010000000010001000000100000
000000100000010100010000010001100000000001000110000011000
