//
segsites: 48
positions: 0.025860000000000 0.047620000000000 0.067560000000000 0.100240000000000 0.108700000000000 0.121340000000000 0.145620000000000 0.163220000000000 0.175600000000000 0.205400000000000 0.225480000000000 0.231980000000000 0.241540000000000 0.298340000000000 0.335700000000000 0.347800000000000 0.407700000000000 0.458820000000000 0.459220000000000 0.474260000000000 0.487820000000000 0.503000000000000 0.532940000000000 0.551280000000000 0.573980000000000 0.606360000000000 0.608120000000000 0.636800000000000 0.645180000000000 0.679980000000000 0.709920000000000 0.722660000000000 0.735280000000000 0.753920000000000 0.771840000000000 0.780020000000000 0.813480000000000 0.820180000000000 0.874840000000000 0.901080000000000 0.903500000000000 0.939760000000000 0.940060000000000 0.941400000000000 0.946300000000000 0.948320000000000 0.961580000000000 0.997300000000000
110000011000000100111100000011000000001011101100
001111111000000000000011100100010010010000000010
110000011000000000000011100000000100000000010001
110000011010000100111100000011100000001010100100
000111000101101101011111100000000100000000010001
001111100001010100011100000000001100000000010001
110000011000000000000011110000000000001110100000
000111000010000100111100000011100000001010100100
000111000101101110011100000010010001100000010000
000000011000000000000011101000010000000000010001
