//
segsites: 51
positions: 0.001280000000000 0.010100000000000 0.031620000000000 0.034000000000000 0.038480000000000 0.050360000000000 0.054980000000000 0.095920000000000 0.110120000000000 0.113540000000000 0.143480000000000 0.175460000000000 0.223440000000000 0.248120000000000 0.267360000000000 0.290740000000000 0.295700000000000 0.306800000000000 0.344440000000000 0.346820000000000 0.349180000000000 0.367640000000000 0.415680000000000 0.421000000000000 0.457020000000000 0.475160000000000 0.484940000000000 0.497660000000000 0.506180000000000 0.511260000000000 0.560480000000000 0.637760000000000 0.669000000000000 0.685900000000000 0.740760000000000 0.781720000000000 0.803860000000000 0.814020000000000 0.816820000000000 0.839720000000000 0.857920000000000 0.861180000000000 0.867720000000000 0.868700000000000 0.873200000000000 0.880300000000000 0.895680000000000 0.915600000000000 0.946580000000000 0.960240000000000 0.995500000000000
011010010010000000010100101101100001000000001001000
100000100001000110001010100010001001000000000001000
000110000001000110001010110000000001100000000001010
100001000000101101001010100010001001000000000001010
000110001101000110001001100100100100011111110110101
100001000000101101001010100010000001000000000001000
000110000101000110001010100000010010000000110110001
000110000101000110001010100000010010000000110110001
000000010010010000110100101101100010011000000000000
000110000100000101000000100010000001000000000001010
