//
segsites: 49
positions: 0.002020000000000 0.036400000000000 0.053320000000000 0.059320000000000 0.132280000000000 0.184260000000000 0.225020000000000 0.228300000000000 0.264280000000000 0.267320000000000 0.295520000000000 0.337020000000000 0.348560000000000 0.404900000000000 0.408600000000000 0.411420000000000 0.464880000000000 0.468240000000000 0.503300000000000 0.508980000000000 0.519440000000000 0.526600000000000 0.538360000000000 0.560160000000000 0.568280000000000 0.575620000000000 0.592860000000000 0.630780000000000 0.636520000000000 0.644720000000000 0.645800000000000 0.652300000000000 0.667680000000000 0.676280000000000 0.687680000000000 0.714200000000000 0.716320000000000 0.718340000000000 0.719880000000000 0.761880000000000 0.770420000000000 0.801840000000000 0.835160000000000 0.896640000000000 0.915200000000000 0.949980000000000 0.963280000000000 0.967040000000000 0.983800000000000
1010100100101000100001110000110100000101110100000
0001001000110010000100010000110100000001110100111
0010101000110010000100010000110100000001110100111
0100000100001100110100010000110110000101110100111
0100010100110010000100010000110100001001110100111
0100000000001001001010001100000001000000010110000
0010100100001100110001110000010000000011110100111
0010100111001100110100010000011000110000010101001
0010100100110010000100010001110100000001111100111
0010100100001100110100010010110100000101110100111
