//
segsites: 42
positions: 0.081860000000000 0.088860000000000 0.096500000000000 0.132720000000000 0.269380000000000 0.280280000000000 0.318260000000000 0.369720000000000 0.380480000000000 0.385180000000000 0.398100000000000 0.413080000000000 0.466400000000000 0.481380000000000 0.506820000000000 0.592640000000000 0.598100000000000 0.598380000000000 0.616360000000000 0.622820000000000 0.630720000000000 0.633140000000000 0.635100000000000 0.698000000000000 0.711700000000000 0.735100000000000 0.735760000000000 0.747340000000000 0.747800000000000 0.749900000000000 0.754800000000000 0.789140000000000 0.813940000000000 0.840300000000000 0.882580000000000 0.887860000000000 0.890580000000000 0.896580000000000 0.928680000000000 0.956160000000000 0.959820000000000 0.975160000000000
001101100100000000101000011000001100001101
001101100100110100010001001000001110001101
001100001010110100010001001000001110001101
101000001010001011000000100000101001100101
001101100100000000001000011000001000000000
001000010001000000000100001010011000010010
010010001010010100010001001100001100001101
001101100100000000001010011000001001100101
001101100100000000001000011000001000000000
001000010001000000000100001011001000010010
