//
segsites: 43
positions: 0.055480000000000 0.078680000000000 0.091560000000000 0.093100000000000 0.144100000000000 0.178140000000000 0.179600000000000 0.204800000000000 0.213000000000000 0.217980000000000 0.253720000000000 0.260620000000000 0.273660000000000 0.299300000000000 0.302580000000000 0.307680000000000 0.313980000000000 0.321420000000000 0.323320000000000 0.325320000000000 0.351720000000000 0.369520000000000 0.436360000000000 0.475500000000000 0.508280000000000 0.574520000000000 0.599040000000000 0.648160000000000 0.667200000000000 0.672860000000000 0.690260000000000 0.692400000000000 0.723280000000000 0.778540000000000 0.802280000000000 0.811020000000000 0.834340000000000 0.838340000000000 0.856500000000000 0.861620000000000 0.902380000000000 0.914000000000000 0.924220000000000
0010110100001100101010000010000000100001001
0000000001010010000100000001000010100000000
0010110100001000101010010010000000100001000
1100000000000001010010000001000001010100100
1000000000000001010010000000000000100000000
0001000001010010000100000001000010100000000
1000001000000001010010000001000001011100100
0000000000100000000010100100101000100000010
0010110100000000000101001000111101010110100
1000000010000001010010000000101000100000010
