//
segsites: 63
positions: 0.052660000000000 0.079140000000000 0.087620000000000 0.090420000000000 0.103780000000000 0.111880000000000 0.131660000000000 0.134520000000000 0.170040000000000 0.185900000000000 0.197640000000000 0.197880000000000 0.231920000000000 0.242420000000000 0.243380000000000 0.255560000000000 0.313540000000000 0.357280000000000 0.365840000000000 0.367500000000000 0.368080000000000 0.392100000000000 0.402640000000000 0.404980000000000 0.405860000000000 0.406960000000000 0.420360000000000 0.424640000000000 0.425860000000000 0.434300000000000 0.449300000000000 0.451380000000000 0.457300000000000 0.467640000000000 0.476440000000000 0.484680000000000 0.486760000000000 0.496820000000000 0.497980000000000 0.519140000000000 0.521300000000000 0.530420000000000 0.554240000000000 0.557420000000000 0.576660000000000 0.583400000000000 0.586280000000000 0.609840000000000 0.612160000000000 0.624780000000000 0.664180000000000 0.699220000000000 0.710820000000000 0.717960000000000 0.771280000000000 0.789340000000000 0.829760000000000 0.835160000000000 0.842500000000000 0.887220000000000 0.898540000000000 0.981940000000000 0.996560000000000
010000011000000000000000000000100000000000000100100111000000000
001001100000000000000000000100001110010010111000010111010000000
001001100000000000000000000000100000000000000101100111000010000
001001100000000000000000000000100000000001000000001001100000111
010000010000001000000010000000000001100001000000000001101000000
000010000011010001001100010011000001100101000000000001101000000
000010000011000110000001100000000000011000110010000001100000100
001001100000100000100000001000000000011000110010000001100100100
001001100000000000000000000000100000000000000000000001101000000
100101100100000110010001100000010000011000110010000001100001100
