//
segsites: 56
positions: 0.002680000000000 0.022720000000000 0.026460000000000 0.028920000000000 0.039380000000000 0.068920000000000 0.077000000000000 0.104460000000000 0.104560000000000 0.117240000000000 0.174060000000000 0.175720000000000 0.190380000000000 0.212800000000000 0.226520000000000 0.249340000000000 0.256420000000000 0.270900000000000 0.273780000000000 0.281440000000000 0.313200000000000 0.330340000000000 0.334920000000000 0.336260000000000 0.348720000000000 0.350980000000000 0.357780000000000 0.381520000000000 0.407260000000000 0.425520000000000 0.433400000000000 0.501320000000000 0.505980000000000 0.538280000000000 0.568880000000000 0.580100000000000 0.589720000000000 0.612540000000000 0.631680000000000 0.638740000000000 0.660320000000000 0.664120000000000 0.705820000000000 0.707920000000000 0.717300000000000 0.720200000000000 0.817060000000000 0.859960000000000 0.868300000000000 0.886000000000000 0.919920000000000 0.925520000000000 0.931860000000000 0.944200000000000 0.960960000000000 0.978540000000000
00001111010000001001000100000000100001111000000010000000
00001100010000001001000100000000100001110000000000111001
00001100010101010100011001010011000000000101001001000000
01001100101110000011000100000000100001100000000000111001
01001100101110000011000100000000100001100000000000111001
10110000000000100000100010100100011010000100110100000100
00001100010000001001000100001000100001111000000010000000
00001100010000001001000100000000100001111000000010111001
10110000000000000000100010100100011010000100110100000100
10110000000000000000100010100100011110000110110010000010
