//
segsites: 57
positions: 0.068160000000000 0.089640000000000 0.096980000000000 0.104500000000000 0.112060000000000 0.130440000000000 0.132500000000000 0.135720000000000 0.145020000000000 0.149340000000000 0.151160000000000 0.166240000000000 0.187080000000000 0.192040000000000 0.196980000000000 0.203300000000000 0.206140000000000 0.227400000000000 0.268440000000000 0.288220000000000 0.292800000000000 0.310780000000000 0.322100000000000 0.325680000000000 0.348680000000000 0.357920000000000 0.377520000000000 0.406380000000000 0.423540000000000 0.431060000000000 0.448680000000000 0.470200000000000 0.481220000000000 0.498000000000000 0.515900000000000 0.520780000000000 0.522600000000000 0.559820000000000 0.587280000000000 0.608100000000000 0.630080000000000 0.632400000000000 0.661360000000000 0.690020000000000 0.698320000000000 0.741420000000000 0.744480000000000 0.756580000000000 0.780520000000000 0.824940000000000 0.876020000000000 0.908320000000000 0.913560000000000 0.925120000000000 0.930680000000000 0.967660000000000 0.996120000000000
000011011000100000001001000001011100011000100011000010111
000000000001010100010010100000000001100011010000000000000
001000100000100001001001000001011100010100100011000000111
000000000000000000010010100000000001100001010000000000000
000000000000000000010010100000000001100001010000000100000
110100000110000010000100010101010100010100100011101000111
000000000000000000010010100000000001100001010000000100000
000000000000001000010010100000000011100001010000000100000
000000000000000000010010100000000001100001010000000100000
000000100000100000100000001010100100000001011100010001001
