//
segsites: 44
positions: 0.022080000000000 0.056640000000000 0.065160000000000 0.130900000000000 0.186520000000000 0.186640000000000 0.187780000000000 0.201280000000000 0.211860000000000 0.234400000000000 0.235760000000000 0.272020000000000 0.290480000000000 0.363520000000000 0.391920000000000 0.421400000000000 0.469960000000000 0.504380000000000 0.521080000000000 0.541880000000000 0.556240000000000 0.582420000000000 0.699220000000000 0.702740000000000 0.707920000000000 0.715480000000000 0.715840000000000 0.731480000000000 0.738500000000000 0.742780000000000 0.744540000000000 0.755780000000000 0.763900000000000 0.785740000000000 0.785780000000000 0.798500000000000 0.826540000000000 0.905900000000000 0.912920000000000 0.951960000000000 0.964840000000000 0.972820000000000 0.978960000000000 0.979620000000000
00000000110000010000100101000000000000100001
00010100001101000100010010100011011001000100
11100010000010101001100000011000000101000001
00010001000000000010100101000000000001000100
00010001000000000010100101000000000001010100
00011001000000000010100000011000000101000001
00000000110000010000101000011000000101000001
01100010000010101001100000000110100010101010
00010001000000000010100101000000000001000100
01100010000010101001100000000110100010100010
