//
segsites: 59
positions: 0.003840000000000 0.005840000000000 0.008300000000000 0.010000000000000 0.014200000000000 0.015160000000000 0.024620000000000 0.039140000000000 0.047320000000000 0.063340000000000 0.070800000000000 0.123020000000000 0.172160000000000 0.177600000000000 0.181000000000000 0.186580000000000 0.197620000000000 0.251480000000000 0.255580000000000 0.273820000000000 0.280240000000000 0.284280000000000 0.285240000000000 0.305260000000000 0.308860000000000 0.382040000000000 0.419060000000000 0.436780000000000 0.445920000000000 0.456460000000000 0.487820000000000 0.518800000000000 0.535540000000000 0.539780000000000 0.541220000000000 0.555660000000000 0.565120000000000 0.575700000000000 0.581920000000000 0.657020000000000 0.664300000000000 0.680980000000000 0.713780000000000 0.716460000000000 0.731180000000000 0.736980000000000 0.779240000000000 0.782540000000000 0.783420000000000 0.828060000000000 0.834820000000000 0.853120000000000 0.868860000000000 0.885560000000000 0.903460000000000 0.938680000000000 0.950860000000000 0.970020000000000 0.971180000000000
10000001001100000001100000101011110001101001000000011000000
10000001001100000010000000000111100000000000010000000010000
10000001001101101000000000001000001100010000101110011000000
10000001001101101000000000001000001100010000101110011000000
01010010100100101000010110010111100010000110000000000110000
01010010100100101000010100010111100000000110000000000010000
10001001011000011100011001000111100000000000010000100010001
10000001001100000010000000101011110001001000010000000010000
01000010100111101000000000001000001100010000101111000001110
00100100000011101000000000010111100000000110000000000110000
