//
segsites: 50
positions: 0.002260000000000 0.032460000000000 0.033680000000000 0.045300000000000 0.047880000000000 0.053220000000000 0.069860000000000 0.073000000000000 0.074720000000000 0.086240000000000 0.088860000000000 0.164220000000000 0.187100000000000 0.189000000000000 0.193740000000000 0.195120000000000 0.211180000000000 0.228620000000000 0.236540000000000 0.243740000000000 0.260300000000000 0.261700000000000 0.266300000000000 0.266620000000000 0.319660000000000 0.322300000000000 0.355400000000000 0.359360000000000 0.370820000000000 0.406340000000000 0.443020000000000 0.484820000000000 0.500100000000000 0.505480000000000 0.509320000000000 0.516440000000000 0.553780000000000 0.563960000000000 0.598240000000000 0.624440000000000 0.665540000000000 0.665920000000000 0.726100000000000 0.749240000000000 0.749640000000000 0.771420000000000 0.786920000000000 0.879120000000000 0.883920000000000 0.931640000000000
10001000100001100000101010100110000010100100010100
10010000001000110010010000010001000010100000010100
10000011010100100000000010100001011010100000010100
10110100000000111110000001000000100111011011001001
11000000000000110011010101000000100110011001001011
10000011000110100000000001000000100111011001001001
10001000100001100000101010100110000010100100010100
10110100000000111110000001000000100111011001001001
10001000100001100000101010100110000010100100110100
10001000100001100000101010101110000010100000010100
