//
segsites: 56
positions: 0.037980000000000 0.040660000000000 0.073920000000000 0.181080000000000 0.187660000000000 0.197920000000000 0.203700000000000 0.203720000000000 0.225700000000000 0.229100000000000 0.252460000000000 0.262540000000000 0.266620000000000 0.274980000000000 0.276220000000000 0.299580000000000 0.339620000000000 0.359140000000000 0.366640000000000 0.371380000000000 0.394320000000000 0.408500000000000 0.415880000000000 0.433040000000000 0.438660000000000 0.462460000000000 0.464740000000000 0.487700000000000 0.500980000000000 0.506820000000000 0.546400000000000 0.591800000000000 0.606080000000000 0.661120000000000 0.690520000000000 0.694240000000000 0.695800000000000 0.711340000000000 0.735480000000000 0.743400000000000 0.767520000000000 0.775180000000000 0.805120000000000 0.828720000000000 0.844720000000000 0.871200000000000 0.874480000000000 0.889100000000000 0.896040000000000 0.897680000000000 0.903460000000000 0.918960000000000 0.976140000000000 0.977980000000000 0.986560000000000 0.991340000000000
10000000000000010000000000110010000000000000000010010000
01110000110000000100000000010001100000000000000011010000
00110000110000000100000000010101000000100000010000110100
00110000110000000100000001010001100000010000100010010000
00000001001000000010011000000000000010001000010000110000
00001110000010000100000000011001110000000001000010011011
00000001000101101001100110000010001101100000000010010000
00001010000010000000000000010000001101100100001100110000
00110000110000000100000001010001100000000010100010010000
00001010000010000000000000010000001101100100001100110000
