//
segsites: 54
positions: 0.013900000000000 0.019900000000000 0.027220000000000 0.030080000000000 0.044560000000000 0.069740000000000 0.071940000000000 0.103600000000000 0.140140000000000 0.145200000000000 0.152140000000000 0.157500000000000 0.181180000000000 0.182340000000000 0.214400000000000 0.242340000000000 0.242560000000000 0.266400000000000 0.270480000000000 0.311940000000000 0.365400000000000 0.369480000000000 0.385400000000000 0.412080000000000 0.434220000000000 0.436780000000000 0.473560000000000 0.515720000000000 0.536500000000000 0.550240000000000 0.560980000000000 0.567000000000000 0.577600000000000 0.581200000000000 0.646980000000000 0.662460000000000 0.676600000000000 0.694100000000000 0.701660000000000 0.715260000000000 0.716300000000000 0.767040000000000 0.770720000000000 0.782940000000000 0.799500000000000 0.800800000000000 0.875400000000000 0.885820000000000 0.901760000000000 0.912360000000000 0.931480000000000 0.932940000000000 0.966380000000000 0.973220000000000
001000000000110000000000000100000001000001000011001100
000000000100000100110000000000100100101001000000000000
010000001100000100110000000000000100101011001000000000
000000000100000100000001000001001001000001010011101100
000101000000001000110100010000000100101101000000000000
010000000100000100110000000000000111010000100100000000
100010010010000011001010101010000000101011000000000000
010000001101000100110000000000000100101101000000010000
010000000000001000110000010010010001000001000000000011
010000100100000100110000000000000100101011000000000000
