//
segsites: 59
positions: 0.000640000000000 0.003800000000000 0.022460000000000 0.028120000000000 0.048740000000000 0.084300000000000 0.085400000000000 0.123920000000000 0.159120000000000 0.161580000000000 0.207060000000000 0.210360000000000 0.227720000000000 0.259140000000000 0.267700000000000 0.286280000000000 0.289940000000000 0.334140000000000 0.362860000000000 0.373280000000000 0.393200000000000 0.407260000000000 0.414680000000000 0.471080000000000 0.476140000000000 0.516640000000000 0.524080000000000 0.527240000000000 0.537600000000000 0.569940000000000 0.577720000000000 0.596100000000000 0.623520000000000 0.626020000000000 0.641300000000000 0.697440000000000 0.698240000000000 0.732540000000000 0.735300000000000 0.773100000000000 0.777520000000000 0.797360000000000 0.808920000000000 0.813280000000000 0.818020000000000 0.820680000000000 0.821420000000000 0.841660000000000 0.856140000000000 0.858400000000000 0.902700000000000 0.907380000000000 0.913700000000000 0.936360000000000 0.956220000000000 0.961280000000000 0.975100000000000 0.996520000000000 0.998360000000000
00010000101100010100000001011100100010100000001110111000111
01000000000000000000000001010100010010100000000010111001111
01000001000000000000000001010100010110101000000010111000111
00011000000000010101110000100001001001100000001100000100010
10100100000011100000000011010100100010100000000010111010000
00000000010000010110010100000010000000010111110000000100010
01000001000000000000000001010100010010100000000010111000111
00000010000000001101111001010100000010100000000010111000111
00000010000000000000000001010100010010100000000010111001111
00010000000010100000000001010100000010100000000011111001111
