//
segsites: 39
positions: 0.062140000000000 0.063520000000000 0.099300000000000 0.126000000000000 0.135760000000000 0.189380000000000 0.222960000000000 0.224420000000000 0.227780000000000 0.251280000000000 0.255400000000000 0.258360000000000 0.271360000000000 0.285500000000000 0.293900000000000 0.343800000000000 0.352800000000000 0.425560000000000 0.439760000000000 0.468080000000000 0.468600000000000 0.477940000000000 0.491560000000000 0.503100000000000 0.586920000000000 0.606320000000000 0.643240000000000 0.647400000000000 0.681860000000000 0.707340000000000 0.731280000000000 0.746040000000000 0.787840000000000 0.830040000000000 0.836420000000000 0.838800000000000 0.900140000000000 0.909900000000000 0.979180000000000
100001001000001101011010000010000001010
010110010101000010100001010001111010000
100001001000001100011010000010000101100
010000100010110100000000001000000000001
010110010101000010100000010001111010000
010110010101000010100001010101111010000
100001000101000010100010000010000101100
010110010101000100011010000010000001010
101001001000001101011110100010000001010
100001001000001100011010000010000001010
