//
segsites: 39
positions: 0.033720000000000 0.099680000000000 0.112160000000000 0.125260000000000 0.125500000000000 0.138540000000000 0.145600000000000 0.163580000000000 0.164740000000000 0.173720000000000 0.175340000000000 0.187940000000000 0.201320000000000 0.225420000000000 0.234880000000000 0.250400000000000 0.417000000000000 0.422300000000000 0.430340000000000 0.449080000000000 0.469380000000000 0.473700000000000 0.482320000000000 0.510000000000000 0.539140000000000 0.608660000000000 0.642400000000000 0.698220000000000 0.785080000000000 0.789160000000000 0.797600000000000 0.801700000000000 0.819320000000000 0.827320000000000 0.889780000000000 0.964400000000000 0.981600000000000 0.984920000000000 0.995340000000000
000010110110010011001000100101110000101
100001000000001000011000010010001010101
001010000000000011001000100000000001000
000010010110010011001000100000000100010
000110000001000000001000100101100000000
100001001000100100101000000101100000000
110001000000001000011001000010001011000
000010000000000000001000000001100000101
100001000000001000011110001010001010101
110001000000001011001000000010000000101
