//
segsites: 50
positions: 0.006340000000000 0.009020000000000 0.012860000000000 0.016100000000000 0.018920000000000 0.028060000000000 0.074100000000000 0.189480000000000 0.208820000000000 0.263920000000000 0.276820000000000 0.288640000000000 0.331860000000000 0.332740000000000 0.411340000000000 0.430580000000000 0.440120000000000 0.447780000000000 0.459400000000000 0.466540000000000 0.486600000000000 0.494820000000000 0.524500000000000 0.526840000000000 0.590620000000000 0.611780000000000 0.629760000000000 0.630700000000000 0.641160000000000 0.649400000000000 0.652540000000000 0.652960000000000 0.685560000000000 0.695080000000000 0.698280000000000 0.712020000000000 0.741080000000000 0.783980000000000 0.806320000000000 0.810360000000000 0.812860000000000 0.824480000000000 0.837120000000000 0.858100000000000 0.858700000000000 0.880860000000000 0.890660000000000 0.896800000000000 0.916280000000000 0.997740000000000
00110100001001000000000000100000000000010001000000
00000011000000101000110100000001110000000100111111
11100000001000000000000000100000000000000100110111
11100000011000101000110100010001110000001100110111
11100000011000101010110101000001110010000100111110
11100000001000000101001000001010001101100010000000
11100000011010101010110101000001110010000100111110
00100000011100010000000010001000000000010000000000
00100000101000101000100100000101110000000010000000
11101000001001000000000000100000000000010000000000
