//
segsites: 72
positions: 0.009040000000000 0.023460000000000 0.024400000000000 0.025940000000000 0.035820000000000 0.050580000000000 0.086320000000000 0.110220000000000 0.141080000000000 0.148240000000000 0.152600000000000 0.164220000000000 0.172500000000000 0.177320000000000 0.195840000000000 0.206640000000000 0.209060000000000 0.252780000000000 0.264180000000000 0.267840000000000 0.287280000000000 0.293280000000000 0.378360000000000 0.428520000000000 0.430800000000000 0.438340000000000 0.440480000000000 0.445680000000000 0.469640000000000 0.474240000000000 0.475360000000000 0.480340000000000 0.481460000000000 0.524520000000000 0.539000000000000 0.549880000000000 0.551380000000000 0.568300000000000 0.595660000000000 0.600060000000000 0.603240000000000 0.612520000000000 0.623780000000000 0.626240000000000 0.645660000000000 0.654120000000000 0.663720000000000 0.676480000000000 0.678340000000000 0.682640000000000 0.701300000000000 0.701440000000000 0.711140000000000 0.734420000000000 0.774500000000000 0.781300000000000 0.786720000000000 0.793560000000000 0.815780000000000 0.816380000000000 0.832540000000000 0.850460000000000 0.884700000000000 0.904760000000000 0.912040000000000 0.914960000000000 0.918680000000000 0.932100000000000 0.946020000000000 0.973500000000000 0.979600000000000 0.984100000000000
001011000000001001001100000101000001010011100010000001000000010011100001
001011000100001001000100100000011010000000000000000001000000010000000110
001011000000001011000100000110111010000000000000000000100010000000000000
000000011010100000100000011000000100100100000000111000000001100000000000
000100010000011100010010000010110010001000000001000000100000000000000000
110001000000001001000100000110111010000000000000000000100010000000000000
001011000000000000000001000001000001010010011100000000000101000111000000
000000011010100000100000011000000100100100000000110110011000001000011000
001011100001000000000000100000011010000000000000000010011000001000011000
110001000000001000000000000001000001010010001100000000100000000000000110
