//
segsites: 49
positions: 0.021000000000000 0.069560000000000 0.081840000000000 0.103820000000000 0.118100000000000 0.139360000000000 0.158760000000000 0.177300000000000 0.228860000000000 0.229620000000000 0.251420000000000 0.258700000000000 0.350960000000000 0.366160000000000 0.374620000000000 0.376600000000000 0.434780000000000 0.447960000000000 0.473760000000000 0.506380000000000 0.507340000000000 0.571900000000000 0.593420000000000 0.594360000000000 0.594840000000000 0.621980000000000 0.658340000000000 0.671480000000000 0.700280000000000 0.709380000000000 0.735760000000000 0.810800000000000 0.813140000000000 0.822480000000000 0.832260000000000 0.848160000000000 0.851800000000000 0.854800000000000 0.856080000000000 0.864260000000000 0.917000000000000 0.919760000000000 0.927140000000000 0.932060000000000 0.962340000000000 0.970640000000000 0.975180000000000 0.975420000000000 0.997180000000000
0011010010000100001001010110000000001110000011010
0001010010000010011101000000100100110111011010010
0001010010000010011101000000100100110111011010010
1000001101110000111001000000011010000000100110100
0001010010000010011101000000100100110111011010010
0100100000000001001101001000100001000000000000001
0001010010000010011101000000100100110111011010010
0000100000000001001101000000100100110111011010010
1000001101101000000001100001000000000110000011010
0100100000000001000011100001000000001110000010010
