//
segsites: 36
positions: 0.021600000000000 0.109760000000000 0.112140000000000 0.140300000000000 0.172320000000000 0.186320000000000 0.215220000000000 0.229640000000000 0.321520000000000 0.324500000000000 0.360780000000000 0.375760000000000 0.401940000000000 0.427600000000000 0.432680000000000 0.436560000000000 0.464300000000000 0.494800000000000 0.506660000000000 0.555680000000000 0.602440000000000 0.604340000000000 0.616920000000000 0.672500000000000 0.688820000000000 0.773860000000000 0.785560000000000 0.798160000000000 0.864320000000000 0.871420000000000 0.886920000000000 0.898600000000000 0.909220000000000 0.925320000000000 0.943700000000000 0.992380000000000
010010001000000001100001011010100110
011000011010100000011100100101011100
000101100100010110001100100101011101
000101101000000001100010000101011100
011000001010100000011100100101011100
110010001000001001100000000001011100
010010001000000001100000000101011100
010010001001000001100000000101011100
010010001000000001100000000101011100
011000001010100001100000011010100110
