//
segsites: 58
positions: 0.026760000000000 0.041320000000000 0.044200000000000 0.048080000000000 0.059900000000000 0.091820000000000 0.101680000000000 0.109320000000000 0.119320000000000 0.124400000000000 0.127460000000000 0.130620000000000 0.135980000000000 0.136580000000000 0.160480000000000 0.202200000000000 0.216160000000000 0.216440000000000 0.245320000000000 0.246320000000000 0.284520000000000 0.287780000000000 0.362140000000000 0.386020000000000 0.405100000000000 0.420820000000000 0.440440000000000 0.448620000000000 0.454940000000000 0.469940000000000 0.503900000000000 0.513860000000000 0.548880000000000 0.552300000000000 0.553260000000000 0.569600000000000 0.577960000000000 0.580640000000000 0.584360000000000 0.604200000000000 0.630820000000000 0.726680000000000 0.731760000000000 0.804200000000000 0.811360000000000 0.838520000000000 0.853700000000000 0.870900000000000 0.871700000000000 0.874780000000000 0.888160000000000 0.892360000000000 0.902020000000000 0.922860000000000 0.977240000000000 0.986040000000000 0.992840000000000 0.994860000000000
1100011000001100100100000000100011000111100100001011100000
0011000101100001010000101011010010100101110001110000000100
0001000100100000001010001100000100010000000100001011100000
1100000010110010010000101011010010100111110001110000000100
1100011000001100100100000000001010001000000010000100010011
1100011000001100100100000000000010000111110001110000000100
1100000010110010010000101011010010100111110001110000000100
1100011000001100100100000000000010000111110001110000000100
0001100100100000000001010000000110001000000010000000001000
0011000101100001010000101011010010100101111001110000000100
