//
segsites: 61
positions: 0.005500000000000 0.058820000000000 0.059180000000000 0.064900000000000 0.077640000000000 0.082360000000000 0.084540000000000 0.091520000000000 0.113820000000000 0.166420000000000 0.169980000000000 0.192340000000000 0.192440000000000 0.205720000000000 0.206820000000000 0.261720000000000 0.276120000000000 0.280880000000000 0.281820000000000 0.293040000000000 0.314160000000000 0.323800000000000 0.328180000000000 0.335780000000000 0.398460000000000 0.431900000000000 0.472620000000000 0.480820000000000 0.496740000000000 0.498800000000000 0.503180000000000 0.524560000000000 0.562500000000000 0.574760000000000 0.584640000000000 0.588960000000000 0.601480000000000 0.603480000000000 0.659620000000000 0.699120000000000 0.717640000000000 0.722740000000000 0.733280000000000 0.741920000000000 0.744380000000000 0.746000000000000 0.751680000000000 0.769740000000000 0.785640000000000 0.788820000000000 0.799500000000000 0.806040000000000 0.831400000000000 0.854420000000000 0.870420000000000 0.874620000000000 0.908340000000000 0.943760000000000 0.956180000000000 0.974700000000000 0.977740000000000
0000000100000001000001101001100000001010010000100100000100001
0110010010000110000000011000010011010000101000001000000100001
0000000100000001000000101001100100100000101000001000100100000
0000001100100000110010000100000000001100000010000011010000110
0000001101001000001100000010001000010000000010000011010000110
0000000100000001000000101001100100100001101000001000100100000
0000000100000001000000101001100100100000101000001000101110000
0000001100100000110010000100000000001100000010000011010000110
1010100001001000000100000010001000010000000101010100000000100
1011100001011000000100000010001000010000000101010100000001100
