//
segsites: 58
positions: 0.007580000000000 0.008640000000000 0.026660000000000 0.094020000000000 0.112160000000000 0.119940000000000 0.151340000000000 0.151780000000000 0.154060000000000 0.162820000000000 0.193920000000000 0.245100000000000 0.253240000000000 0.278480000000000 0.299500000000000 0.308040000000000 0.323980000000000 0.329720000000000 0.336240000000000 0.340740000000000 0.345920000000000 0.378820000000000 0.410040000000000 0.424800000000000 0.432820000000000 0.455320000000000 0.503680000000000 0.506300000000000 0.507020000000000 0.513140000000000 0.555980000000000 0.559800000000000 0.559920000000000 0.574260000000000 0.588600000000000 0.591040000000000 0.608660000000000 0.642480000000000 0.708740000000000 0.726800000000000 0.757680000000000 0.794340000000000 0.804760000000000 0.805920000000000 0.807140000000000 0.812560000000000 0.825260000000000 0.827300000000000 0.842660000000000 0.866660000000000 0.874880000000000 0.908120000000000 0.924720000000000 0.940100000000000 0.972960000000000 0.992000000000000 0.995700000000000 0.998600000000000
1000010110101000010011000000101000000110100000100010001010
1011000000010001100100110000000010000110101000010000010000
0100000000000000000000000000010011000000010010000110100100
0100000000010001100100110000000100000100100100001110100100
0100000000010101100100101011001000001100000000000001000001
0100101111100000001000001011001000001100000000000001000001
1011000000010001100100110100000100100100100100001110100100
0100000000010001100100001011001000001100000000000001001000
0100000000000010000000000000000000010001000001000011000001
0100000000010001100100110000000100000100100100001110100100
