//
segsites: 42
positions: 0.029120000000000 0.041540000000000 0.053980000000000 0.068260000000000 0.071300000000000 0.098620000000000 0.099540000000000 0.128780000000000 0.146720000000000 0.234220000000000 0.254380000000000 0.254520000000000 0.263180000000000 0.272780000000000 0.309880000000000 0.334760000000000 0.344020000000000 0.393380000000000 0.416080000000000 0.448000000000000 0.478100000000000 0.481760000000000 0.524400000000000 0.538200000000000 0.543400000000000 0.564940000000000 0.589040000000000 0.599260000000000 0.649400000000000 0.663980000000000 0.783500000000000 0.799700000000000 0.821620000000000 0.835500000000000 0.840600000000000 0.878960000000000 0.921040000000000 0.932040000000000 0.932900000000000 0.946120000000000 0.964260000000000 0.995960000000000
000100010010100010000000100000010010001100
010000000100010010000000100010010010010011
010000001100011101110011010101101001010011
010000000000100010000000101000010010001100
101011100100011101111011010101001001001100
010000010000100010000000010101001001001100
010000000000100010000000100001001101000100
010000000001111101110011010101001001001100
010000001100011101110011010101101001001100
010000000000100010000100100000010010100100
