//
segsites: 45
positions: 0.001940000000000 0.009280000000000 0.057020000000000 0.107000000000000 0.110180000000000 0.110400000000000 0.115900000000000 0.118600000000000 0.169640000000000 0.221760000000000 0.265520000000000 0.276320000000000 0.278860000000000 0.305520000000000 0.349740000000000 0.351360000000000 0.472480000000000 0.518940000000000 0.534920000000000 0.535120000000000 0.537580000000000 0.544860000000000 0.548000000000000 0.599460000000000 0.602240000000000 0.615880000000000 0.620620000000000 0.626340000000000 0.645740000000000 0.665360000000000 0.673200000000000 0.724480000000000 0.749720000000000 0.783840000000000 0.786140000000000 0.797640000000000 0.803760000000000 0.809520000000000 0.836060000000000 0.844560000000000 0.849740000000000 0.894240000000000 0.943260000000000 0.962600000000000 0.976920000000000
000110000101000100000100010010000011100000010
001001101101010101000100100101100000001011010
000110000101001100110001001101110000001011010
000110000101001110000010010010000001100000010
100110000101001110000010010010000001100000011
010110000101001110000010010010000011100000010
000000010110100100111001000000000100000000010
010110000101000100000100010010001001110100010
000000010110100100111001000000000100000000110
000110000101001110000010010010000011100000010
