//
segsites: 50
positions: 0.008860000000000 0.012520000000000 0.034360000000000 0.049660000000000 0.061440000000000 0.098860000000000 0.115560000000000 0.115680000000000 0.122700000000000 0.124020000000000 0.153660000000000 0.173300000000000 0.203640000000000 0.204380000000000 0.267840000000000 0.347940000000000 0.351280000000000 0.352040000000000 0.359780000000000 0.393160000000000 0.420680000000000 0.427620000000000 0.430520000000000 0.443500000000000 0.446860000000000 0.498780000000000 0.514080000000000 0.561740000000000 0.577900000000000 0.587160000000000 0.591220000000000 0.607980000000000 0.624220000000000 0.662520000000000 0.706000000000000 0.716540000000000 0.729100000000000 0.735940000000000 0.739120000000000 0.750620000000000 0.757640000000000 0.797820000000000 0.811480000000000 0.861280000000000 0.908640000000000 0.918980000000000 0.938980000000000 0.952920000000000 0.953980000000000 0.975320000000000
00000000000000101000000010010100000000000010001100
00001100010000100100000000000000000101000110100000
00001100010000110010000000000001110111000011000001
00000000000000101000000110010110000000000010001100
00010010100100100000000000100001100100110000000000
00000000001011000000100000000001110101000011000001
11010001010000110011000000010100000000000010001100
00010010100100100000000000100001101000001011000001
00001100010000101000000010010100000000000010001100
00110010100100110010011001001000001000001010010010
