//
segsites: 46
positions: 0.006480000000000 0.016220000000000 0.029040000000000 0.043800000000000 0.060620000000000 0.089740000000000 0.145280000000000 0.150220000000000 0.200100000000000 0.216580000000000 0.259560000000000 0.296000000000000 0.316480000000000 0.419060000000000 0.452540000000000 0.471960000000000 0.492680000000000 0.525920000000000 0.581300000000000 0.613020000000000 0.624060000000000 0.629080000000000 0.655380000000000 0.703560000000000 0.707020000000000 0.788960000000000 0.803400000000000 0.805220000000000 0.827040000000000 0.830080000000000 0.834420000000000 0.835440000000000 0.855640000000000 0.868180000000000 0.873680000000000 0.875540000000000 0.889960000000000 0.910760000000000 0.913680000000000 0.917620000000000 0.937640000000000 0.956060000000000 0.957280000000000 0.962200000000000 0.974940000000000 0.993300000000000
0100010011110100000001100000000100000000010000
1010001000000011110010001000101010100001000000
0000001000000011110000010100001000110000101100
0100010011110100000001100000000100000000010000
0101100100011100000100100001000100000000010000
0100100100010100001000100000010000001000001111
0101100100011100000010001000000101000010001110
0000001000000011110010001000000100000110001110
0101100100010100000110001010101010100001000000
0000001000000011110010001000000100000010001110
