//
segsites: 63
positions: 0.003760000000000 0.055640000000000 0.078440000000000 0.091100000000000 0.096740000000000 0.102820000000000 0.132680000000000 0.170100000000000 0.182960000000000 0.203460000000000 0.221440000000000 0.232320000000000 0.261600000000000 0.363080000000000 0.367300000000000 0.371820000000000 0.390300000000000 0.390680000000000 0.391300000000000 0.418660000000000 0.422560000000000 0.425060000000000 0.482280000000000 0.483620000000000 0.488880000000000 0.532560000000000 0.535080000000000 0.547660000000000 0.548440000000000 0.550340000000000 0.562700000000000 0.573420000000000 0.622320000000000 0.627300000000000 0.631120000000000 0.667440000000000 0.682040000000000 0.697060000000000 0.697760000000000 0.699820000000000 0.716100000000000 0.720300000000000 0.722380000000000 0.729060000000000 0.736280000000000 0.736280000000000 0.749380000000000 0.763140000000000 0.764100000000000 0.768460000000000 0.818240000000000 0.823040000000000 0.833020000000000 0.846100000000000 0.890720000000000 0.893600000000000 0.907300000000000 0.919260000000000 0.948860000000000 0.959000000000000 0.974180000000000 0.988420000000000 0.999680000000000
010000001110001000001101000010000011001001101100101011001000010
000110000000101000010101101001000011001001101100101011000000001
010000001110001000001101000010000011001001101100101011000000001
000110000000101000001101000010000011001001101100101011001000000
001110010000101100001101001001010000010100000000000001000001000
010000001111010010000010000100101000100010000011010101010000100
000001100000000001100001010000000001010100000000000000100110000
000110000000101000001101000010000011001001101100101011001000010
010000001110001000010101101001010000010100010000000001000000010
100000001110010010000010000100101100100010000011010101010000100
