//
segsites: 59
positions: 0.000840000000000 0.003500000000000 0.016240000000000 0.040340000000000 0.048240000000000 0.052120000000000 0.053740000000000 0.095360000000000 0.096140000000000 0.105680000000000 0.126180000000000 0.152540000000000 0.160600000000000 0.185260000000000 0.194600000000000 0.201720000000000 0.207160000000000 0.216840000000000 0.222660000000000 0.235760000000000 0.238820000000000 0.239160000000000 0.295400000000000 0.306920000000000 0.319180000000000 0.323540000000000 0.355200000000000 0.359060000000000 0.375820000000000 0.380020000000000 0.408440000000000 0.411340000000000 0.428260000000000 0.453520000000000 0.484800000000000 0.547140000000000 0.550700000000000 0.573480000000000 0.599840000000000 0.642000000000000 0.648520000000000 0.679900000000000 0.682040000000000 0.694700000000000 0.740160000000000 0.763200000000000 0.766160000000000 0.785240000000000 0.799040000000000 0.833140000000000 0.848420000000000 0.921960000000000 0.930760000000000 0.935280000000000 0.941740000000000 0.942900000000000 0.985800000000000 0.992220000000000 0.995640000000000
00000000000100000010011100000001000000111101001010100000010
00000000000100010000001101010100101011000101011010100100010
00000100000000010000001101010100101011000101001010100000010
00100001110010100101100000101001100010111010100100001000010
00000000001000011000001101010100101011000101001010100000010
00000000000000010000001101010100101111000101001010110001101
10000000000010100101100000101001000000111010100000010001100
00000000000000010000001101010100111011000101001010100000000
01000000000100100101100101010110100011000001000011000010000
00011010000001100101100010101001000000100001001010100000010
