//
segsites: 41
positions: 0.026460000000000 0.094880000000000 0.129840000000000 0.137840000000000 0.139140000000000 0.187640000000000 0.188920000000000 0.194820000000000 0.200220000000000 0.207880000000000 0.234620000000000 0.259780000000000 0.274260000000000 0.276080000000000 0.289920000000000 0.313560000000000 0.348560000000000 0.355540000000000 0.401060000000000 0.435220000000000 0.513040000000000 0.522540000000000 0.620900000000000 0.705500000000000 0.720600000000000 0.722460000000000 0.751220000000000 0.754720000000000 0.764160000000000 0.772620000000000 0.802900000000000 0.808300000000000 0.865940000000000 0.877860000000000 0.891300000000000 0.896760000000000 0.925760000000000 0.948900000000000 0.957580000000000 0.975200000000000 0.975200000000000
10000100001011011011100000010001100000001
11001100001011011011100010001000100000011
10000001001011011011100010001000100010011
11001010010100101101010011000110101000101
10001100001011011011100010001000100100011
10010100001011011011100010101000100010011
10100000100001011001001100010001010001000
10100000000001011001001010000010100000001
10001100001011011011100010001000100000011
10000100001011011011100010001000100010011
