//
segsites: 32
positions: 0.035220000000000 0.042260000000000 0.103360000000000 0.106060000000000 0.186900000000000 0.257000000000000 0.291820000000000 0.315920000000000 0.338640000000000 0.341140000000000 0.362800000000000 0.372420000000000 0.400300000000000 0.401620000000000 0.475480000000000 0.486920000000000 0.491420000000000 0.530340000000000 0.545020000000000 0.682340000000000 0.687640000000000 0.717120000000000 0.729920000000000 0.765880000000000 0.769260000000000 0.774040000000000 0.776000000000000 0.793860000000000 0.809620000000000 0.821820000000000 0.827500000000000 0.920420000000000
00100000010010001010010001010010
10011001101100100010010000011001
10011001101100100011001000011000
10011001101100100110100100011000
10011111101001010000000010100101
00100000010010001010010000011001
10011001101100100010000000011000
10011001101100100010000000011000
10011001101100100110100100011000
01010000010010001010010000011001
