//
segsites: 33
positions: 0.045220000000000 0.089280000000000 0.154480000000000 0.162420000000000 0.181060000000000 0.194980000000000 0.215360000000000 0.230160000000000 0.282680000000000 0.321900000000000 0.327220000000000 0.342400000000000 0.344900000000000 0.399460000000000 0.410340000000000 0.421600000000000 0.461500000000000 0.490180000000000 0.496400000000000 0.510560000000000 0.563940000000000 0.565600000000000 0.628480000000000 0.653520000000000 0.709300000000000 0.749480000000000 0.767360000000000 0.801700000000000 0.827760000000000 0.841040000000000 0.859620000000000 0.913740000000000 0.968080000000000
011100101101000011001000100001011
011100101010100001100001100001001
010011010010100001100100100001011
011100100101000011000001100001001
011100100101000011000011100011001
010011000010100001100100100001111
011100100101000011000001100001001
111100100000011111011000100101011
010011000010100001100100101001011
011100100101000011000000110001001
