//
segsites: 39
positions: 0.003940000000000 0.007820000000000 0.061160000000000 0.100800000000000 0.142960000000000 0.143820000000000 0.178120000000000 0.190940000000000 0.219660000000000 0.261500000000000 0.266840000000000 0.296620000000000 0.313940000000000 0.325340000000000 0.349280000000000 0.351440000000000 0.439120000000000 0.465520000000000 0.465680000000000 0.468920000000000 0.480580000000000 0.496000000000000 0.571480000000000 0.602540000000000 0.618580000000000 0.659600000000000 0.666620000000000 0.673900000000000 0.719140000000000 0.740780000000000 0.744900000000000 0.758860000000000 0.781760000000000 0.838960000000000 0.899760000000000 0.933940000000000 0.936100000000000 0.983460000000000 0.997880000000000
000000111001100101110101010110001110000
000000111110010011110100001000100100000
000000111000100111111100001000100100000
011101111000100111110100001000100101111
100000111110010011110100101000100100000
000000111110010011110100101000100100000
000010111000100101110110001000110110000
010000111000101000000001001001100100000
011001111000100111110100001000100101111
000000111000100101110100001000110100000
