//
segsites: 39
positions: 0.016580000000000 0.030340000000000 0.084960000000000 0.128300000000000 0.165680000000000 0.189660000000000 0.242620000000000 0.300420000000000 0.312260000000000 0.321640000000000 0.321780000000000 0.369460000000000 0.377040000000000 0.389520000000000 0.435880000000000 0.437240000000000 0.438960000000000 0.510300000000000 0.590400000000000 0.598760000000000 0.616680000000000 0.617040000000000 0.661260000000000 0.708780000000000 0.774800000000000 0.782340000000000 0.787840000000000 0.790020000000000 0.791140000000000 0.807360000000000 0.811240000000000 0.824980000000000 0.824980000000000 0.834100000000000 0.864820000000000 0.887780000000000 0.913660000000000 0.919200000000000 0.941700000000000
001000000001010000100101000000010001000
010011001001010111010000000101001000000
001000100110000000000000011010000010111
001000000001010000101001000000010001000
000100010000101000000000011010000000111
001000100110000000000010011010000000000
110011000001010111010000000001000000000
110011000001010111010000000001000000000
000010100110000000000000100001100100111
000100010000101000000000011010000000111
