//
segsites: 31
positions: 0.016080000000000 0.020460000000000 0.032180000000000 0.033940000000000 0.057040000000000 0.074180000000000 0.131320000000000 0.163220000000000 0.194480000000000 0.231240000000000 0.298680000000000 0.301960000000000 0.345460000000000 0.382000000000000 0.424960000000000 0.466360000000000 0.468580000000000 0.494740000000000 0.606740000000000 0.618680000000000 0.634040000000000 0.673940000000000 0.680940000000000 0.696300000000000 0.737880000000000 0.771740000000000 0.779280000000000 0.844200000000000 0.867740000000000 0.875080000000000 0.941380000000000
0010000010011000111011101011101
0010000000011100111110001111101
0001110010111001011010001011101
0101110110011011011010001011101
0101110010011000111011111011111
0101110111011011011010001011101
0101110110011011011010001011101
1101111110011000111010101011101
0101110110011011011010001011101
0101110110011000111010101011101
