//
segsites: 66
positions: 0.036980000000000 0.041260000000000 0.043200000000000 0.074260000000000 0.076500000000000 0.078880000000000 0.080400000000000 0.098780000000000 0.104160000000000 0.105900000000000 0.168000000000000 0.207920000000000 0.211480000000000 0.221000000000000 0.226000000000000 0.257220000000000 0.262080000000000 0.264680000000000 0.282720000000000 0.289900000000000 0.295580000000000 0.300220000000000 0.316080000000000 0.331960000000000 0.341040000000000 0.360140000000000 0.364640000000000 0.373860000000000 0.376820000000000 0.376920000000000 0.389420000000000 0.392800000000000 0.447400000000000 0.455040000000000 0.473940000000000 0.478080000000000 0.483100000000000 0.504080000000000 0.511920000000000 0.532080000000000 0.544580000000000 0.548060000000000 0.558200000000000 0.583220000000000 0.592760000000000 0.603260000000000 0.635860000000000 0.641400000000000 0.650860000000000 0.656740000000000 0.665980000000000 0.685020000000000 0.707380000000000 0.711900000000000 0.733400000000000 0.774040000000000 0.800220000000000 0.807820000000000 0.810620000000000 0.811340000000000 0.888100000000000 0.894500000000000 0.894960000000000 0.916140000000000 0.977620000000000 0.977680000000000
000000000000000010000001000001000001000101000000000000000101000000
111000110100011000010110110100000000011010100101000010001001001100
000000000000010000010110110100000010000000000010000100110000110010
000000000000000011000001000001000001000101010000000000000001000000
111000110010100000010110110110000001000101000000000000000001000000
000111001000000000010000000000111100011001000001100000001001000001
000000000000000010000001000001000001000101001000000000000001000000
000000000000011000010110110100000010100001000001110000001001000001
111000110100011000010110110100000000011010100010001000000001000000
010000100001000110111010111000000010000000000000000001000011000000
