//
segsites: 52
positions: 0.011660000000000 0.041480000000000 0.043740000000000 0.094000000000000 0.100240000000000 0.121780000000000 0.131980000000000 0.142380000000000 0.172240000000000 0.176240000000000 0.184520000000000 0.194000000000000 0.194040000000000 0.227740000000000 0.229940000000000 0.240400000000000 0.252840000000000 0.311460000000000 0.322500000000000 0.323540000000000 0.344860000000000 0.399360000000000 0.405140000000000 0.406940000000000 0.446460000000000 0.488020000000000 0.506560000000000 0.512100000000000 0.515820000000000 0.540560000000000 0.547920000000000 0.573000000000000 0.588200000000000 0.594140000000000 0.599860000000000 0.600020000000000 0.641660000000000 0.652680000000000 0.667100000000000 0.668880000000000 0.735560000000000 0.749120000000000 0.761320000000000 0.795200000000000 0.900000000000000 0.904260000000000 0.924920000000000 0.936020000000000 0.944680000000000 0.965680000000000 0.976440000000000 0.995840000000000
0011000001011110000010000001000000100000000100100000
1100100110110001101100001110110110010000110001010101
1100000000010010000000000001000000100000000100100000
0011000001011010000000100110110110000000110011010111
0011011001011110000010010000001001001111111000011000
0011000001011010000000100110110110000000110001010101
0100000000010010000000100110110110000000110001010101
1100000000010010010000100110110110000000110100100000
1100100110110001101100001110110110000000110001010101
0011011001011110000011010000001001001111111000011000
