//
segsites: 55
positions: 0.001560000000000 0.040260000000000 0.054940000000000 0.092800000000000 0.113100000000000 0.122000000000000 0.135800000000000 0.168360000000000 0.181940000000000 0.184680000000000 0.192220000000000 0.216320000000000 0.262860000000000 0.266600000000000 0.275340000000000 0.286500000000000 0.343440000000000 0.359760000000000 0.410280000000000 0.425700000000000 0.450440000000000 0.455120000000000 0.483160000000000 0.500520000000000 0.502620000000000 0.510720000000000 0.511700000000000 0.521840000000000 0.659120000000000 0.676060000000000 0.679160000000000 0.692320000000000 0.695860000000000 0.711040000000000 0.715360000000000 0.718800000000000 0.776680000000000 0.780200000000000 0.816800000000000 0.817000000000000 0.822940000000000 0.864800000000000 0.865500000000000 0.868520000000000 0.871780000000000 0.890060000000000 0.897920000000000 0.905240000000000 0.906540000000000 0.913540000000000 0.914680000000000 0.920160000000000 0.935380000000000 0.962380000000000 0.986720000000000
0100110000011010011000010000010010001001000010110010001
1010001000000000011010100101000001010110010010110000101
0010110000011010011000010000111010001001000010110010001
1010001001000000000111100101000001110110010010111000101
0100110000011010011000010010010010001001000010110010011
1010001000000000000111001001000000000000001000110000100
0011000110100101011010100101000001010110010010110000100
1010001000000000000111001001000000000000001000110000100
0100110000011010011000010000000100000000100101000101000
0100110000011010111000010000010010001001000010110010001
