//
segsites: 50
positions: 0.016240000000000 0.036720000000000 0.052480000000000 0.063820000000000 0.074320000000000 0.077120000000000 0.086760000000000 0.125620000000000 0.126980000000000 0.128020000000000 0.135920000000000 0.148720000000000 0.192680000000000 0.201480000000000 0.210040000000000 0.228140000000000 0.229400000000000 0.234140000000000 0.264020000000000 0.295860000000000 0.305380000000000 0.308340000000000 0.330520000000000 0.342380000000000 0.357480000000000 0.373180000000000 0.377740000000000 0.403360000000000 0.462520000000000 0.520720000000000 0.563240000000000 0.573800000000000 0.648840000000000 0.664300000000000 0.688360000000000 0.713180000000000 0.767520000000000 0.785140000000000 0.840680000000000 0.864520000000000 0.874120000000000 0.889920000000000 0.904820000000000 0.917580000000000 0.922840000000000 0.927800000000000 0.946280000000000 0.951640000000000 0.955580000000000 0.998080000000000
10000000010100100100001000000010010001000100010010
01101110100001000000010100000000111000001000010000
01101110101000000011100100110100011000001000010000
01101110100000011000000011001011000100100010101100
01101110101000000011100100110110000001000100010000
01101110100010000000010100000000111000001000010000
01111110101000000011100100010110000010010001000001
01101111010100100000001000000110000001000100010000
01101110101000000011100100010110000010010001000001
01101110100000011000000011000011000100100010101100
