//
segsites: 47
positions: 0.027520000000000 0.029060000000000 0.055760000000000 0.086380000000000 0.096160000000000 0.099020000000000 0.104500000000000 0.165360000000000 0.166880000000000 0.174680000000000 0.203160000000000 0.230480000000000 0.235220000000000 0.318800000000000 0.346800000000000 0.433100000000000 0.471860000000000 0.500000000000000 0.513900000000000 0.530560000000000 0.543520000000000 0.565480000000000 0.610080000000000 0.648860000000000 0.673220000000000 0.681420000000000 0.739560000000000 0.740680000000000 0.744740000000000 0.744800000000000 0.746500000000000 0.752700000000000 0.814540000000000 0.837700000000000 0.852220000000000 0.863880000000000 0.871040000000000 0.874400000000000 0.875900000000000 0.926240000000000 0.953400000000000 0.975340000000000 0.975500000000000 0.979960000000000 0.989760000000000 0.993100000000000 0.998220000000000
01010000011010010001100000000100000100110010010
01000000011010000011001111100000000000001100000
01100100011010000011001000110000000010000000101
01000001011010000011011100100010100000000001010
01000000111010001111011100101000000000000001010
10000000000100100011011100101000000000001100010
01000010011010000011001100100001011000001100000
01001000011011000011001000100000000000001100000
01000000011010010001100000000100000001110010010
01000001011010000011011100100010100000000001010
