//
segsites: 50
positions: 0.001380000000000 0.016560000000000 0.018680000000000 0.019300000000000 0.035800000000000 0.041540000000000 0.063180000000000 0.066080000000000 0.070100000000000 0.081640000000000 0.100560000000000 0.103380000000000 0.115260000000000 0.147680000000000 0.173020000000000 0.249780000000000 0.272680000000000 0.277120000000000 0.307120000000000 0.323100000000000 0.334080000000000 0.356900000000000 0.357260000000000 0.357340000000000 0.368240000000000 0.395540000000000 0.396100000000000 0.407980000000000 0.496000000000000 0.585500000000000 0.634220000000000 0.659820000000000 0.707260000000000 0.770400000000000 0.794540000000000 0.795720000000000 0.796640000000000 0.853580000000000 0.873040000000000 0.877300000000000 0.890080000000000 0.892700000000000 0.897180000000000 0.906180000000000 0.912820000000000 0.920120000000000 0.930020000000000 0.933740000000000 0.961640000000000 0.998040000000000
11000001110011000100000101000001000000001010100000
11000001100011001100101000101000001000100001010001
00010010000100010001000010010010000110000000010100
11100001110011000100000101000001000000001010100000
00001000001000100010010101000101100000000000010100
11000101100011001100101001000001000000001010100000
11000001100011001100101000101000010000000100010011
11000001110011000100000101000001000000001010100001
11000001100011000100101000101000000000000000011000
11000001110011000100000101000001000001011010100000
