//
segsites: 52
positions: 0.018260000000000 0.028000000000000 0.060920000000000 0.084460000000000 0.115860000000000 0.118240000000000 0.127860000000000 0.163960000000000 0.168660000000000 0.184780000000000 0.201280000000000 0.232000000000000 0.246520000000000 0.260040000000000 0.265160000000000 0.265380000000000 0.288160000000000 0.297140000000000 0.304020000000000 0.306340000000000 0.317520000000000 0.325080000000000 0.357580000000000 0.402660000000000 0.415940000000000 0.431300000000000 0.466620000000000 0.540180000000000 0.587860000000000 0.590460000000000 0.613340000000000 0.630840000000000 0.644580000000000 0.651540000000000 0.663180000000000 0.680960000000000 0.695060000000000 0.791340000000000 0.793860000000000 0.800180000000000 0.804380000000000 0.880560000000000 0.889020000000000 0.896900000000000 0.915440000000000 0.944440000000000 0.962140000000000 0.962820000000000 0.963740000000000 0.968720000000000 0.984880000000000 0.998780000000000
1000000000001010000001110001100010001101010000000000
0011011100000010000001110000101010001000100000001000
0000000000001011000001110000100110111000001111000000
0000000000001010000001110000100010001000000111100001
0011011100000010000001110100101010000101010000000000
0000101110010100110100000010101010000101010000010000
0011011100000010000001110000101010001000100000001010
0000101110100100111000000000010001001010000111000000
0100000000001011000011111000100110101000001111000100
0011011101000010000001110000101010000101010000000000
