//
segsites: 48
positions: 0.029240000000000 0.036660000000000 0.051920000000000 0.097500000000000 0.099340000000000 0.114780000000000 0.184320000000000 0.196520000000000 0.220460000000000 0.244340000000000 0.247340000000000 0.247480000000000 0.381920000000000 0.405380000000000 0.410640000000000 0.425860000000000 0.426540000000000 0.452600000000000 0.453220000000000 0.468040000000000 0.490220000000000 0.495900000000000 0.551220000000000 0.565800000000000 0.588300000000000 0.588500000000000 0.622720000000000 0.622980000000000 0.637920000000000 0.667900000000000 0.671960000000000 0.682820000000000 0.692780000000000 0.754640000000000 0.763340000000000 0.778980000000000 0.789640000000000 0.799300000000000 0.830140000000000 0.836280000000000 0.843140000000000 0.844200000000000 0.850320000000000 0.873420000000000 0.875060000000000 0.899000000000000 0.926440000000000 0.987700000000000
000001000000000001101011100110100000100100101001
001000010111001000010100011001010000010010000100
000001001000010010001001100000000000000000001000
000011001000010000001001100000000000000010001000
000001001000010000001001100000001111000000010001
000001001000010010001001100000000000000000001000
101000001000010000001001100000000000000000001000
001000110111001000010100001001010000001001000110
010101000111001000010100001001010000000010001000
000001001000110100001001100000001111000000010001
