//
segsites: 46
positions: 0.047720000000000 0.057360000000000 0.146200000000000 0.171000000000000 0.197180000000000 0.202800000000000 0.215100000000000 0.225480000000000 0.242480000000000 0.265080000000000 0.325420000000000 0.326820000000000 0.351800000000000 0.400420000000000 0.409480000000000 0.428820000000000 0.456200000000000 0.476340000000000 0.495840000000000 0.505140000000000 0.508980000000000 0.540880000000000 0.562520000000000 0.599200000000000 0.599400000000000 0.612160000000000 0.646760000000000 0.654120000000000 0.678040000000000 0.686400000000000 0.699140000000000 0.717700000000000 0.719420000000000 0.729780000000000 0.771080000000000 0.785580000000000 0.846100000000000 0.897000000000000 0.926580000000000 0.936580000000000 0.939720000000000 0.940100000000000 0.944700000000000 0.957520000000000 0.987520000000000 0.991300000000000
0011110111001100101011000001001100000110001000
0101111000001100101011001100010100000110001000
0101111000001001010101110001000101000000000001
0011110111001111010001000000000010100110001000
0101110000011100101011001100010100011000100100
0011110111001100101011000001001100000111001000
0011110111101100101011000011000100000010000010
0011110111001100101011000011000100000010000010
0011110111001100101011001100010100011010011000
1011110111001100101011000000110100011010011000
