//
segsites: 58
positions: 0.026660000000000 0.029920000000000 0.098900000000000 0.133480000000000 0.138960000000000 0.163780000000000 0.187260000000000 0.190800000000000 0.203340000000000 0.206760000000000 0.214420000000000 0.232580000000000 0.238620000000000 0.247540000000000 0.255440000000000 0.257060000000000 0.257720000000000 0.272840000000000 0.312380000000000 0.352380000000000 0.353780000000000 0.375340000000000 0.402540000000000 0.431340000000000 0.443960000000000 0.445620000000000 0.445940000000000 0.459080000000000 0.466840000000000 0.486660000000000 0.539420000000000 0.541660000000000 0.602180000000000 0.605840000000000 0.609880000000000 0.628340000000000 0.628440000000000 0.657260000000000 0.733060000000000 0.762760000000000 0.768800000000000 0.778740000000000 0.781580000000000 0.791340000000000 0.848260000000000 0.853000000000000 0.859080000000000 0.862640000000000 0.884340000000000 0.894360000000000 0.906580000000000 0.920180000000000 0.946140000000000 0.960140000000000 0.982900000000000 0.993500000000000 0.994520000000000 0.995820000000000
0100010010000000000000001000001100100011001000011000000000
1010000001101000010000001000000000010000110100000000010010
1000100100000010100000010100110010010100100011100000000100
1000100100000010100000110100110010010001001000001001000000
1000000000111100001010000000000000010000110100000000101001
1000100100000010100000010100110010010100100011100000000100
0000010010000000000000001000001101100001001000001001000000
1000100100000010100000010100110010011100100011100000000100
1001001000101001000100001010000000100001001000001110000000
0100010010000000000001001001001100100001001000001110000000
