//
segsites: 48
positions: 0.012100000000000 0.121020000000000 0.141960000000000 0.142660000000000 0.144160000000000 0.144460000000000 0.234600000000000 0.242080000000000 0.291660000000000 0.295000000000000 0.314800000000000 0.318400000000000 0.320700000000000 0.360340000000000 0.374300000000000 0.377960000000000 0.406440000000000 0.408020000000000 0.419060000000000 0.421880000000000 0.426780000000000 0.464400000000000 0.468260000000000 0.471220000000000 0.518160000000000 0.528580000000000 0.547200000000000 0.558800000000000 0.571260000000000 0.580700000000000 0.582540000000000 0.610260000000000 0.617920000000000 0.663620000000000 0.670320000000000 0.673320000000000 0.713360000000000 0.739800000000000 0.786940000000000 0.822500000000000 0.834980000000000 0.850240000000000 0.888640000000000 0.889540000000000 0.928320000000000 0.946500000000000 0.971080000000000 0.975300000000000
000101011000000001000000101000000000001001100110
100000100001000100000000110000000001001001100001
010000001000100010001000000010101000101010010001
010000001000100010010100100000000000001010011000
011010000000101010101011000101010110010100000000
010000001100100010001000000010101010010010010001
010000001000100010001000000010101010001010011000
000000100000000100000000110000000001001001100001
010000001000100010010000100000000000001010011000
100000000010010000000000100000000000000010010001
