//
segsites: 56
positions: 0.012080000000000 0.055860000000000 0.103820000000000 0.127900000000000 0.153500000000000 0.178020000000000 0.217040000000000 0.232960000000000 0.241300000000000 0.252980000000000 0.275140000000000 0.276100000000000 0.288780000000000 0.288840000000000 0.318720000000000 0.339100000000000 0.353560000000000 0.380060000000000 0.403480000000000 0.407840000000000 0.412620000000000 0.425120000000000 0.444280000000000 0.447060000000000 0.447900000000000 0.470240000000000 0.471380000000000 0.494340000000000 0.525100000000000 0.536980000000000 0.540260000000000 0.552040000000000 0.639520000000000 0.689360000000000 0.693320000000000 0.715700000000000 0.727720000000000 0.729160000000000 0.742020000000000 0.750220000000000 0.750520000000000 0.783140000000000 0.799320000000000 0.801320000000000 0.818400000000000 0.824400000000000 0.825340000000000 0.827760000000000 0.870520000000000 0.884100000000000 0.908780000000000 0.918860000000000 0.920920000000000 0.951280000000000 0.977280000000000 0.979240000000000
00000011110100100000000010000000001100010000010100111010
00110000000000011110000100100000010100010000010110111100
00000011110100100000100000010100000101010000010101111001
00000001110000010000000010000000000100010000010100111011
00101100000100010000000010000000000100110000110110111100
00110000000000011110000100100000000010001011000000000000
10100000000001010000010010001010100100010100010100111001
01100000001001010000010010001010100100010100010101111001
00100000000010000001001001000001000100010000011100111011
00000011110100100000100000010100000101010000010101111001
