//
segsites: 51
positions: 0.009720000000000 0.018860000000000 0.035180000000000 0.042240000000000 0.068360000000000 0.077180000000000 0.081640000000000 0.082220000000000 0.114420000000000 0.128040000000000 0.148220000000000 0.181960000000000 0.202120000000000 0.235660000000000 0.256160000000000 0.292960000000000 0.311300000000000 0.313380000000000 0.313760000000000 0.332700000000000 0.346660000000000 0.380420000000000 0.394200000000000 0.396020000000000 0.455400000000000 0.463540000000000 0.484140000000000 0.497760000000000 0.565280000000000 0.573200000000000 0.574380000000000 0.602440000000000 0.650400000000000 0.650540000000000 0.664140000000000 0.678600000000000 0.704160000000000 0.709960000000000 0.729220000000000 0.769240000000000 0.840320000000000 0.853000000000000 0.862980000000000 0.900320000000000 0.916180000000000 0.929160000000000 0.930720000000000 0.932680000000000 0.959740000000000 0.970160000000000 0.993040000000000
000000011100100000000100011000100001000010011100000
110000000000000000100100011000100001000010011100000
000000011100010010000001100101010000010100000011100
111000000000000000100100011000100001000011011000000
110100000000000000100100011000100001000010011100000
110010100000000101010010000000100010001000100000001
000000100010011010000001100110001100100000100000000
111000000000000000100100011000100001000010011000000
110000000000000000100100011000100000000100000011110
000001000001000010001001100101010000000100000011110
