//
segsites: 33
positions: 0.002160000000000 0.039540000000000 0.088700000000000 0.097420000000000 0.105840000000000 0.137280000000000 0.175500000000000 0.205700000000000 0.332840000000000 0.351000000000000 0.366800000000000 0.398200000000000 0.409000000000000 0.478600000000000 0.479660000000000 0.551460000000000 0.562020000000000 0.581640000000000 0.624840000000000 0.648700000000000 0.666900000000000 0.715740000000000 0.728860000000000 0.777340000000000 0.811260000000000 0.811900000000000 0.839120000000000 0.911640000000000 0.929760000000000 0.934660000000000 0.974880000000000 0.998520000000000 0.999940000000000
000001000000100111000111110011000
011100011010110010001011110111000
000001000000100111000011110011001
100001000000100011000011110011100
100001000000110010001011110111000
100001100101100011100000111000000
100001000000110010011011110111000
100011100000101011000011110011000
100001100000100011000011110011000
100001100000100011000000111000010
