//
segsites: 59
positions: 0.003960000000000 0.038000000000000 0.058040000000000 0.067780000000000 0.075400000000000 0.094640000000000 0.102020000000000 0.104640000000000 0.123200000000000 0.134080000000000 0.145220000000000 0.170020000000000 0.193220000000000 0.204580000000000 0.214960000000000 0.224400000000000 0.255720000000000 0.262140000000000 0.272540000000000 0.273300000000000 0.294760000000000 0.298440000000000 0.318300000000000 0.431400000000000 0.450200000000000 0.455860000000000 0.468520000000000 0.472600000000000 0.477800000000000 0.552320000000000 0.558120000000000 0.562960000000000 0.567580000000000 0.583880000000000 0.600300000000000 0.610800000000000 0.645640000000000 0.667120000000000 0.720240000000000 0.724300000000000 0.738320000000000 0.743920000000000 0.755620000000000 0.770200000000000 0.778960000000000 0.779060000000000 0.853820000000000 0.856800000000000 0.876760000000000 0.885680000000000 0.892540000000000 0.894000000000000 0.916320000000000 0.932460000000000 0.940040000000000 0.956660000000000 0.971540000000000 0.983920000000000 0.995160000000000
00000000001010000001000011110000000001111010010100010001000
00101000001100000001101001100000000110000000000010100000000
00000000010001110001000001100000000001111000000100001001000
10000011001000000101000100001100100000000101000010000010010
00000100010001110010010001100000001000011010101101010001000
00010000010001111010010001100000011000011010000100000001100
10000000010001110010010001100000001000011010000100000001100
00000000100001111010010001100000011000011010000100000001100
01000011001000000101000100001100100000000101000010000110010
10000011001000000101000100001111100000000101000010000010011
