//
segsites: 54
positions: 0.029960000000000 0.062320000000000 0.070320000000000 0.078920000000000 0.085160000000000 0.089180000000000 0.092620000000000 0.094260000000000 0.103260000000000 0.115900000000000 0.155080000000000 0.195720000000000 0.311840000000000 0.315600000000000 0.326560000000000 0.335380000000000 0.338540000000000 0.342120000000000 0.342700000000000 0.347900000000000 0.350040000000000 0.353840000000000 0.362760000000000 0.387840000000000 0.416460000000000 0.416820000000000 0.417000000000000 0.421260000000000 0.430960000000000 0.437420000000000 0.448620000000000 0.464900000000000 0.504780000000000 0.532880000000000 0.583180000000000 0.600100000000000 0.618400000000000 0.618440000000000 0.634480000000000 0.640160000000000 0.654980000000000 0.655240000000000 0.662440000000000 0.667140000000000 0.830980000000000 0.832160000000000 0.872480000000000 0.897440000000000 0.911960000000000 0.944340000000000 0.951640000000000 0.955180000000000 0.971700000000000 0.984800000000000
000100100000000010111111000000000001000100000000110000
000010001111100000000100110011011101000100010000110000
101000010100000000111111000000000010000100000000110000
010100100000000000111111000000000001000100000000110000
000100100000000000111111000000000001000100000000110000
000101000000000101000000000100100000000010000100000011
101000010100001000000000000101011100111001101011000011
010100100000000000111111000000000001000100000000110000
000000000100000000000000001100100000111001101011001100
000100100000010000111111000000001101000100010000110000
