//
segsites: 57
positions: 0.007180000000000 0.018760000000000 0.051140000000000 0.055000000000000 0.078660000000000 0.080980000000000 0.084180000000000 0.097420000000000 0.114040000000000 0.121160000000000 0.138940000000000 0.157560000000000 0.184000000000000 0.210660000000000 0.261300000000000 0.261480000000000 0.266440000000000 0.306860000000000 0.308440000000000 0.322120000000000 0.330360000000000 0.340900000000000 0.342500000000000 0.353540000000000 0.372960000000000 0.405560000000000 0.422860000000000 0.423480000000000 0.460780000000000 0.473020000000000 0.518340000000000 0.557960000000000 0.570280000000000 0.592000000000000 0.685080000000000 0.696680000000000 0.701780000000000 0.705580000000000 0.706140000000000 0.723020000000000 0.723480000000000 0.729060000000000 0.751500000000000 0.766280000000000 0.808780000000000 0.826420000000000 0.842740000000000 0.854180000000000 0.858700000000000 0.871900000000000 0.873840000000000 0.879280000000000 0.883840000000000 0.896140000000000 0.904940000000000 0.969760000000000 0.977640000000000
101100000000001000101011001110101010000110010001110011000
010010001111100001010000110000000101100000101000001000011
010010000000001000101001001110101000001001000010000110100
100001000000001000101001001110101000001001000010000110100
000000100000010110000100010001000000001001000010000110100
101100000000001000101001001110101010010100010001110011000
000000100000010010000100010001000000001001000010000110100
010010011111100001010000100000010101100000100000000000011
000000100000010010000100010001000000001001000010000110100
010010001111100001010000101110101001100000100110000110100
