//
segsites: 45
positions: 0.033540000000000 0.129100000000000 0.162020000000000 0.167100000000000 0.168680000000000 0.170580000000000 0.175520000000000 0.199200000000000 0.232400000000000 0.245540000000000 0.247280000000000 0.309340000000000 0.343620000000000 0.354780000000000 0.355600000000000 0.367020000000000 0.374140000000000 0.388280000000000 0.411120000000000 0.459060000000000 0.462240000000000 0.563140000000000 0.580320000000000 0.591800000000000 0.598160000000000 0.600420000000000 0.607400000000000 0.635760000000000 0.649640000000000 0.655260000000000 0.695800000000000 0.698400000000000 0.739760000000000 0.742560000000000 0.757740000000000 0.760560000000000 0.846100000000000 0.883020000000000 0.892620000000000 0.905040000000000 0.944800000000000 0.957420000000000 0.960860000000000 0.963980000000000 0.985940000000000
010100010100100001110001010100101001101100000
110100011000010000010001010010000010101100110
010101010101100001001110001011000000010010001
010100001000010000010001010000000000010010001
010100010100100001010001010010010110101100110
010100001000010010010001010000000000010010001
010110011000010100010001010010000010101100110
011000100000101001110001110100101001010010001
010100011010010000010001010010000010101101110
010100001000010010010001010000000000010010001
