//
segsites: 62
positions: 0.017940000000000 0.027500000000000 0.111860000000000 0.128620000000000 0.134320000000000 0.171660000000000 0.172760000000000 0.228060000000000 0.232080000000000 0.234320000000000 0.242660000000000 0.259180000000000 0.261280000000000 0.264760000000000 0.265760000000000 0.282200000000000 0.287600000000000 0.301740000000000 0.302940000000000 0.331760000000000 0.359920000000000 0.378480000000000 0.379360000000000 0.397000000000000 0.408060000000000 0.425720000000000 0.426320000000000 0.445120000000000 0.505540000000000 0.521640000000000 0.528500000000000 0.532920000000000 0.541220000000000 0.556140000000000 0.596500000000000 0.662440000000000 0.679380000000000 0.695940000000000 0.724320000000000 0.725460000000000 0.743520000000000 0.775500000000000 0.779660000000000 0.787260000000000 0.788680000000000 0.789000000000000 0.802440000000000 0.809320000000000 0.820160000000000 0.820300000000000 0.873460000000000 0.890080000000000 0.894360000000000 0.909780000000000 0.912860000000000 0.913000000000000 0.932460000000000 0.945700000000000 0.946120000000000 0.951620000000000 0.987540000000000 0.993620000000000
10110001000001001010010001101000000010110000000101010000100000
10111000001000000000010100000000000000001101010010001001001000
01100100010010010001000000000000110000001001010000100001001001
01000010000000100100100000010010000100000000000000010000110000
10110010000000100100101000010010000100000000000000010000110000
10110001000101001010100000010010001100000000000000010000100000
10110000001000000000010000000000000000000010101000000000000010
01100100010010010001000010000101000000000010101000000000000010
01000000000000100100100000010010000001001001010000000110000100
01100100110010010001000000000000110000001001010000100001001001
