//
segsites: 50
positions: 0.040620000000000 0.051600000000000 0.058840000000000 0.064260000000000 0.094120000000000 0.116980000000000 0.138660000000000 0.151920000000000 0.152580000000000 0.177020000000000 0.186360000000000 0.189400000000000 0.210240000000000 0.236600000000000 0.250660000000000 0.264620000000000 0.267840000000000 0.329500000000000 0.337660000000000 0.356860000000000 0.366680000000000 0.379120000000000 0.426340000000000 0.428420000000000 0.470960000000000 0.474080000000000 0.479520000000000 0.495500000000000 0.499240000000000 0.501640000000000 0.513780000000000 0.513820000000000 0.543140000000000 0.596960000000000 0.625240000000000 0.638580000000000 0.678460000000000 0.717920000000000 0.722360000000000 0.775580000000000 0.778480000000000 0.833220000000000 0.833820000000000 0.843200000000000 0.848080000000000 0.859320000000000 0.942360000000000 0.958940000000000 0.972660000000000 0.976540000000000
01001100001001010000010001000010100000100001000100
01101100001001010000010001000000000000100001000010
00010001100000100000001010100001000010100100111100
10000000010010000111100100110100000010100110110100
01001100001101010000010001000010100000100001000100
00000000000000001000000001000000000000100001000010
00010001100000100000001010100001000011100100111100
00000000000000001000010001001000111100011000000001
01001100001001010000010001000000110010100100111100
00010010001001010000010001000000111100010000000001
