//
segsites: 42
positions: 0.064820000000000 0.089000000000000 0.155820000000000 0.156620000000000 0.170940000000000 0.183040000000000 0.196600000000000 0.259940000000000 0.284660000000000 0.332900000000000 0.358820000000000 0.362820000000000 0.385100000000000 0.404360000000000 0.414400000000000 0.425740000000000 0.426820000000000 0.442620000000000 0.457800000000000 0.489380000000000 0.489780000000000 0.540740000000000 0.570680000000000 0.601820000000000 0.626020000000000 0.638560000000000 0.638600000000000 0.674680000000000 0.685860000000000 0.688300000000000 0.740400000000000 0.757480000000000 0.781560000000000 0.821760000000000 0.829560000000000 0.838400000000000 0.851740000000000 0.882460000000000 0.911700000000000 0.919480000000000 0.981780000000000 0.998100000000000
001001110000001101100000000100110000001101
000010001101000000010000010000001110001100
001001110000010000100000000100110000011001
000100000101000000000000000011001010100010
000010000101000000010000000011001010100010
101001110000010000100000000100110000001100
001001110000100010001111101000010001000010
000100000101000000000000000011001010100010
011001110000010000100000000100110000001100
001001110010010000100000000100110000011000
