//
segsites: 52
positions: 0.058000000000000 0.064640000000000 0.074700000000000 0.078820000000000 0.085480000000000 0.092600000000000 0.116100000000000 0.133840000000000 0.153060000000000 0.199040000000000 0.234280000000000 0.255940000000000 0.309640000000000 0.320480000000000 0.389740000000000 0.393500000000000 0.405980000000000 0.406580000000000 0.410860000000000 0.491260000000000 0.498360000000000 0.539940000000000 0.540980000000000 0.553860000000000 0.586760000000000 0.630860000000000 0.646560000000000 0.658960000000000 0.682140000000000 0.756580000000000 0.769660000000000 0.771680000000000 0.805640000000000 0.818480000000000 0.828160000000000 0.840840000000000 0.848040000000000 0.853820000000000 0.855260000000000 0.860480000000000 0.887180000000000 0.887480000000000 0.889860000000000 0.908780000000000 0.916520000000000 0.918680000000000 0.927180000000000 0.931680000000000 0.944800000000000 0.965160000000000 0.971640000000000 0.991140000000000
1000100100001001110000101001000100100010001111000100
0000100100001001110000101001000100100010001111000100
0001001011110110001000111010000000001100110000100000
0001001011110110001000101010010010000000000000000000
0000010001110101110010001001101000001100110000100000
0011001001110110001100101001000100000010001111000100
0001001011110110001000101010000001010001000000011011
0100010001110101110010001101101000001100110000100000
0011001001110110001101101001000100000010001111000100
0001001011110110001000101010000000010001000000011011
