//
segsites: 71
positions: 0.003500000000000 0.008580000000000 0.018600000000000 0.033920000000000 0.043660000000000 0.046600000000000 0.046860000000000 0.053300000000000 0.064660000000000 0.099560000000000 0.107860000000000 0.118220000000000 0.120540000000000 0.123440000000000 0.129480000000000 0.138440000000000 0.152800000000000 0.196940000000000 0.217940000000000 0.222820000000000 0.282140000000000 0.296840000000000 0.334760000000000 0.351420000000000 0.375360000000000 0.393000000000000 0.395800000000000 0.405300000000000 0.425540000000000 0.441740000000000 0.445160000000000 0.478540000000000 0.493920000000000 0.497600000000000 0.506780000000000 0.537680000000000 0.549160000000000 0.570900000000000 0.630940000000000 0.635040000000000 0.671740000000000 0.675240000000000 0.686280000000000 0.696660000000000 0.700120000000000 0.702080000000000 0.721340000000000 0.753680000000000 0.761980000000000 0.770520000000000 0.777480000000000 0.783980000000000 0.794860000000000 0.798100000000000 0.806660000000000 0.819640000000000 0.820020000000000 0.828100000000000 0.836920000000000 0.837440000000000 0.872280000000000 0.882800000000000 0.913060000000000 0.919740000000000 0.937920000000000 0.942300000000000 0.945440000000000 0.955360000000000 0.965840000000000 0.969240000000000 0.997340000000000
10001100010100010001110000000001100000111000000001000101000000000000001
10001100010100011001110000000001100000111000000001000101000000000000001
10001100010100010001000010011010000101111000100010000000100000011000010
10001100010100010001110000000001100000111000000001000101000000000100001
00100011101011100001000010100000010110111100011000100010010011100010010
10001100000000000001001001100101101000000000011000000010000011100000000
10011100010100010001110000000001100000111000000001000101000000000000001
10001100010100010001000010010010000101111000100010000000100000011000010
01000000000000000110110100000001100000111010000100011000001110011000010
10001100010100010001110000000000000000000001000000000000000000000001100
