//
segsites: 65
positions: 0.016280000000000 0.019320000000000 0.019620000000000 0.025520000000000 0.028400000000000 0.063140000000000 0.098820000000000 0.101660000000000 0.109120000000000 0.112100000000000 0.127860000000000 0.128880000000000 0.150400000000000 0.153840000000000 0.153920000000000 0.185880000000000 0.201580000000000 0.206240000000000 0.249540000000000 0.257180000000000 0.260440000000000 0.273460000000000 0.286180000000000 0.290220000000000 0.307660000000000 0.321680000000000 0.325100000000000 0.339480000000000 0.353980000000000 0.360640000000000 0.376880000000000 0.385700000000000 0.401720000000000 0.402620000000000 0.418640000000000 0.430700000000000 0.448640000000000 0.466020000000000 0.469540000000000 0.480160000000000 0.504360000000000 0.513800000000000 0.516220000000000 0.550100000000000 0.597360000000000 0.627560000000000 0.659920000000000 0.669820000000000 0.716840000000000 0.720260000000000 0.744680000000000 0.764380000000000 0.775860000000000 0.784140000000000 0.800900000000000 0.837640000000000 0.868380000000000 0.886680000000000 0.914840000000000 0.939400000000000 0.945320000000000 0.956800000000000 0.973540000000000 0.977620000000000 0.985600000000000
00001000010010000000001101010011001000011001001001101000001011000
00001000010010000000001101010011101000011001000100000100110000011
01000010100100001011000000000011010000001000100000000100000000000
00000000100100011000110010001000000011100110100000000011000100000
00001100010010000000001101010011001000011001001001111000001011000
01000000101100001000000001000111010100011001010000000100000000100
00001000010010000000001101010011101000011001000110000100110000011
00010000100100101100000010001000000011100110100000000100000000100
10100001000001000000000000000011010000001000100000000100000000000
01000000100010000000001101110011001000011001001001101000110000000
