//
segsites: 47
positions: 0.023740000000000 0.053520000000000 0.063180000000000 0.090600000000000 0.103820000000000 0.139300000000000 0.146080000000000 0.171900000000000 0.177520000000000 0.179680000000000 0.224400000000000 0.226440000000000 0.229140000000000 0.240640000000000 0.254220000000000 0.278400000000000 0.292680000000000 0.294180000000000 0.335920000000000 0.337600000000000 0.348700000000000 0.353480000000000 0.360080000000000 0.364120000000000 0.397280000000000 0.423300000000000 0.443860000000000 0.460240000000000 0.469440000000000 0.485940000000000 0.521180000000000 0.531220000000000 0.551100000000000 0.624380000000000 0.637460000000000 0.681360000000000 0.738960000000000 0.745960000000000 0.749920000000000 0.790140000000000 0.801300000000000 0.801720000000000 0.851820000000000 0.875200000000000 0.962420000000000 0.978240000000000 0.994280000000000
01011110010100100001000001010001010000010001011
00101000101011000000110000001000110010100101011
00011110010100100001000001010001010000011110000
11011110010100101001000001010001010000010000100
01011110101011010110001110100100001101000000100
01011110101011010110001110000100010000011110000
00101000101011000000110000010001010000011110000
01011110010100100001000001010001010000000000100
01011110010100100001000001010011010000011110000
00101001101011010000110000001000110000011110000
