//
segsites: 51
positions: 0.004060000000000 0.020820000000000 0.044820000000000 0.061200000000000 0.075340000000000 0.103800000000000 0.140320000000000 0.173360000000000 0.191500000000000 0.193800000000000 0.210800000000000 0.265500000000000 0.281700000000000 0.282020000000000 0.316160000000000 0.321160000000000 0.347660000000000 0.371180000000000 0.371420000000000 0.379660000000000 0.432940000000000 0.439660000000000 0.448600000000000 0.529060000000000 0.567040000000000 0.604700000000000 0.651360000000000 0.676480000000000 0.692300000000000 0.711660000000000 0.749840000000000 0.790200000000000 0.805240000000000 0.821180000000000 0.831360000000000 0.837280000000000 0.851520000000000 0.860020000000000 0.871800000000000 0.880860000000000 0.886300000000000 0.920300000000000 0.923600000000000 0.937760000000000 0.942060000000000 0.949000000000000 0.955580000000000 0.956860000000000 0.990360000000000 0.993140000000000 0.995820000000000
000010100000110101001010100000110111111110111010100
000001010100000001000010100000110110000001010101001
000010100000110101001010100000110111111110111010100
000000000010001001000010100011110111101010010000001
011000001001000010100100000100110111101010010000010
101000000000000001000010100000111110000001010000001
101100000001000010100101000000110111111010111010100
000000000010001001000010100000110110000000010000001
000000000010000001000010100000110110000001010000001
101000100000100101011010011100110111111010111010001
