//
segsites: 47
positions: 0.015500000000000 0.037340000000000 0.071100000000000 0.073580000000000 0.083660000000000 0.150700000000000 0.154940000000000 0.170560000000000 0.175020000000000 0.212760000000000 0.237900000000000 0.245640000000000 0.284700000000000 0.288240000000000 0.292860000000000 0.327540000000000 0.335400000000000 0.392920000000000 0.397600000000000 0.399440000000000 0.416080000000000 0.438020000000000 0.459100000000000 0.459620000000000 0.462180000000000 0.492200000000000 0.505600000000000 0.574220000000000 0.581480000000000 0.629780000000000 0.691860000000000 0.700180000000000 0.706480000000000 0.710060000000000 0.714220000000000 0.718160000000000 0.727380000000000 0.752320000000000 0.773020000000000 0.801880000000000 0.815520000000000 0.821940000000000 0.854720000000000 0.876540000000000 0.905720000000000 0.908760000000000 0.968300000000000
00101010000011001000000110100010111010011001000
01000100001001000011010000011010000001100000100
00010000000001110100110000000001000000000101001
00000000000001000000000111100010111010011001001
10000001100101110000110000000101000000000101001
00010000010001110100111000000001000000000101011
00101010000001000000010000000001000100000011000
10000001100101110000110000000101000000000101001
00101010000001000000000110000001000000000101011
00101010000001000000010000000001000100000011000
