//
segsites: 59
positions: 0.045680000000000 0.053520000000000 0.064860000000000 0.117100000000000 0.136280000000000 0.159020000000000 0.159500000000000 0.187240000000000 0.192080000000000 0.192700000000000 0.209760000000000 0.291480000000000 0.360420000000000 0.397720000000000 0.410760000000000 0.416140000000000 0.434400000000000 0.441440000000000 0.452840000000000 0.455600000000000 0.459620000000000 0.462760000000000 0.495500000000000 0.500000000000000 0.519120000000000 0.521320000000000 0.535780000000000 0.567340000000000 0.577600000000000 0.589100000000000 0.600520000000000 0.602100000000000 0.608720000000000 0.614740000000000 0.634000000000000 0.635280000000000 0.638920000000000 0.659560000000000 0.673800000000000 0.675780000000000 0.677440000000000 0.688540000000000 0.689680000000000 0.707040000000000 0.712080000000000 0.712360000000000 0.716100000000000 0.755600000000000 0.800960000000000 0.803320000000000 0.818960000000000 0.841540000000000 0.844300000000000 0.846760000000000 0.877160000000000 0.879500000000000 0.916340000000000 0.921080000000000 0.952560000000000
01001000000010001100100000000000000100010000001000000000010
10100000110000100000000000000000000001100001100011100000001
00000000000010010001000010000000000000001000010000000100100
01010010001111010001000000001000001000000000100111100000100
01010010001000000000010000110000010000010000001000001000000
00000101000000000000010000110000010000010000001000001000000
01010010001011010001000011000001001000000000010000000000010
01000010000011010010001000000110100010000110001000010010000
10101000000010001100100000001001001000000000000000000001000
01001000000010001100100100000000000001100001100011100000001
