//
segsites: 58
positions: 0.013080000000000 0.019200000000000 0.033940000000000 0.056020000000000 0.062800000000000 0.071220000000000 0.087240000000000 0.091720000000000 0.100380000000000 0.110340000000000 0.112640000000000 0.115140000000000 0.131920000000000 0.133460000000000 0.149960000000000 0.150420000000000 0.188900000000000 0.228200000000000 0.232060000000000 0.277180000000000 0.315360000000000 0.323060000000000 0.334340000000000 0.341700000000000 0.342160000000000 0.366460000000000 0.367180000000000 0.411260000000000 0.441780000000000 0.445060000000000 0.496080000000000 0.499780000000000 0.500140000000000 0.562460000000000 0.572360000000000 0.596400000000000 0.596860000000000 0.597600000000000 0.603960000000000 0.658040000000000 0.672700000000000 0.676380000000000 0.682060000000000 0.698920000000000 0.746560000000000 0.752140000000000 0.757800000000000 0.772380000000000 0.804500000000000 0.806760000000000 0.839640000000000 0.857680000000000 0.864980000000000 0.876340000000000 0.926280000000000 0.971620000000000 0.982480000000000 0.997860000000000
0100000001000010000000001000110000001001101000000001000000
0010010111100000010010000110101110010000010011001010000000
0010010111100000010010000110000000000000010011001010000000
0000000000000100000100011001001010000000000000010000110100
0000000000000001001001000001001010001001101000000001000000
0101001000010000000000111001000001000010000100100001000011
0000000000000001001000000000000000000000010011001110110000
0010010111100000010010000110101010010000010011001010000000
0010010111100000010010000110101110010000010011001010001000
1000100001001000100000001000000000100101101000000001000000
