//
segsites: 30
positions: 0.046460000000000 0.144460000000000 0.180060000000000 0.198860000000000 0.265280000000000 0.321380000000000 0.347240000000000 0.396040000000000 0.418860000000000 0.448040000000000 0.455060000000000 0.481760000000000 0.483940000000000 0.572960000000000 0.574900000000000 0.682900000000000 0.686960000000000 0.711580000000000 0.724960000000000 0.741360000000000 0.761700000000000 0.774080000000000 0.793940000000000 0.807480000000000 0.817760000000000 0.825940000000000 0.852300000000000 0.861640000000000 0.921060000000000 0.953920000000000
111010011100000001000100110000
111010011100000110010001000110
111010011100010110110000000110
111010111100011110110001000110
111010011100011110110001000110
111010111110010110010010000001
111010011100000110010000001101
111111011101100110010000000100
111010011100011110110001000110
111010111100011110111001000110
