//
segsites: 44
positions: 0.007320000000000 0.043520000000000 0.078400000000000 0.084960000000000 0.104360000000000 0.115700000000000 0.127620000000000 0.127880000000000 0.137320000000000 0.146060000000000 0.208200000000000 0.213100000000000 0.217940000000000 0.248960000000000 0.265500000000000 0.266520000000000 0.283920000000000 0.290960000000000 0.305460000000000 0.314320000000000 0.318420000000000 0.412260000000000 0.426060000000000 0.437760000000000 0.500000000000000 0.536860000000000 0.562860000000000 0.585580000000000 0.591540000000000 0.670540000000000 0.680220000000000 0.741040000000000 0.752520000000000 0.781380000000000 0.788240000000000 0.816180000000000 0.827100000000000 0.847680000000000 0.856480000000000 0.860280000000000 0.870740000000000 0.921440000000000 0.932180000000000 0.977180000000000
00010001011010000011111000010110000100110111
00010001011010000011111010010111000100110111
00010010000000010101100100110010010010000001
00100000100001101000000001010010101001000000
11010000000000010101100001010010101001000000
00010010000100010101100000110110000100100111
11010000000000010101100001010010101001000000
00011001011010000011111000011110000100110111
00010010000000010101100001010010101001001000
00010110000000010101100000110110101001000000
