//
segsites: 42
positions: 0.016440000000000 0.017060000000000 0.041000000000000 0.053460000000000 0.060460000000000 0.137760000000000 0.140760000000000 0.150340000000000 0.163960000000000 0.198900000000000 0.238540000000000 0.246920000000000 0.255700000000000 0.264300000000000 0.274100000000000 0.317360000000000 0.404280000000000 0.407060000000000 0.449780000000000 0.494320000000000 0.517560000000000 0.539280000000000 0.563520000000000 0.587040000000000 0.618920000000000 0.662780000000000 0.713740000000000 0.719200000000000 0.736200000000000 0.741540000000000 0.767120000000000 0.768600000000000 0.796980000000000 0.841560000000000 0.854560000000000 0.874960000000000 0.903680000000000 0.912860000000000 0.928400000000000 0.948140000000000 0.948820000000000 0.958280000000000
001000001000000110001101000000000110000000
101001101100001100110010110001010010010001
001100001001110001001011000100001011001010
101001101100001100110010110001010010010001
101001101100001100001001001000000000100100
101001101100001100110010110001010010010001
111000001010000100001001001000000000100100
101001101100001100110010010001010010010001
111010011000000100001001000010100010000001
111000001100001100110010010001010010010001
