//
segsites: 70
positions: 0.006380000000000 0.023500000000000 0.025520000000000 0.032520000000000 0.041580000000000 0.070240000000000 0.105760000000000 0.112460000000000 0.117580000000000 0.153340000000000 0.161260000000000 0.165700000000000 0.192140000000000 0.199060000000000 0.201820000000000 0.221460000000000 0.237440000000000 0.254560000000000 0.321760000000000 0.331660000000000 0.374800000000000 0.391760000000000 0.392820000000000 0.423260000000000 0.444540000000000 0.451580000000000 0.468640000000000 0.468860000000000 0.470400000000000 0.470900000000000 0.488520000000000 0.505840000000000 0.525180000000000 0.527880000000000 0.534140000000000 0.582820000000000 0.615800000000000 0.618360000000000 0.632000000000000 0.634460000000000 0.638640000000000 0.671380000000000 0.673800000000000 0.702540000000000 0.711560000000000 0.714060000000000 0.740340000000000 0.760840000000000 0.761160000000000 0.767140000000000 0.767600000000000 0.781020000000000 0.784120000000000 0.793920000000000 0.821200000000000 0.843600000000000 0.879540000000000 0.900400000000000 0.908720000000000 0.917180000000000 0.919680000000000 0.928560000000000 0.932240000000000 0.932280000000000 0.933680000000000 0.946000000000000 0.974020000000000 0.978100000000000 0.981460000000000 0.984880000000000
1101000100000011001001000000000001011000000101000000100010000100100001
0000100000100100000001010000010110000101001101011001010001001000011000
0000100000100100000001000000000000011000000101000000100010000100100000
0000100001100100000000000011001000000010010000000000011100000101000001
0000100000100100000001001010000000000000100000000110000001001000010000
0010011010011000110110111111001000000010010000000000011100000101000101
1000000100000011001001000000100000111000000101100000100010000100100001
1000000100000011001001000000100000111000000111100000100010110010000011
0010011010011000110110111111001000000010010000000000011100000101000101
0000100000100100000001001010000000000000100000000110000001001000010000
