//
segsites: 30
positions: 0.041860000000000 0.042020000000000 0.063580000000000 0.096440000000000 0.114800000000000 0.202540000000000 0.203960000000000 0.208580000000000 0.325860000000000 0.354320000000000 0.370080000000000 0.376580000000000 0.399380000000000 0.405440000000000 0.421660000000000 0.427580000000000 0.441640000000000 0.447280000000000 0.496180000000000 0.505160000000000 0.513640000000000 0.538420000000000 0.575820000000000 0.641940000000000 0.692840000000000 0.867220000000000 0.909320000000000 0.913540000000000 0.913540000000000 0.922380000000000
001000110001000001101000000110
110100000010101000010100100000
110101000000010011100000111001
110101001000000011100000111001
000001000000000001100000001010
110101000000000011100000111001
000010000100000001000001000000
110100000010101000010100100000
110101000000000111100010111001
110101000000000000010100100000
