//
segsites: 42
positions: 0.009240000000000 0.096200000000000 0.101400000000000 0.113920000000000 0.133920000000000 0.171440000000000 0.205620000000000 0.216620000000000 0.244340000000000 0.253320000000000 0.267760000000000 0.269800000000000 0.332540000000000 0.353720000000000 0.376580000000000 0.380580000000000 0.409120000000000 0.450900000000000 0.520460000000000 0.569720000000000 0.622420000000000 0.627980000000000 0.631420000000000 0.651120000000000 0.653300000000000 0.662140000000000 0.690740000000000 0.750840000000000 0.753680000000000 0.760500000000000 0.767700000000000 0.779720000000000 0.808560000000000 0.821040000000000 0.849960000000000 0.855840000000000 0.914500000000000 0.931460000000000 0.934140000000000 0.946840000000000 0.954000000000000 0.972440000000000
000001001000000001101100110000000000110100
100010100100100101111000110000000110110000
000010100100100101101010110000010110110000
100010100100100101101000110001000111110000
010001001000000000000001001100000000001010
000100011000000001101100110010000110110001
100010100101100101101000110000000110110000
000010100100101100000000110000101000110100
000010100100101100000000110000010110110000
001000000010010011101100110000000110110000
