//
segsites: 68
positions: 0.002140000000000 0.094060000000000 0.101500000000000 0.109180000000000 0.115780000000000 0.119340000000000 0.137280000000000 0.143160000000000 0.182540000000000 0.189600000000000 0.213920000000000 0.213980000000000 0.217300000000000 0.277480000000000 0.279900000000000 0.283780000000000 0.283980000000000 0.299640000000000 0.320480000000000 0.341720000000000 0.347940000000000 0.357320000000000 0.364620000000000 0.382980000000000 0.414120000000000 0.419840000000000 0.437540000000000 0.441900000000000 0.455400000000000 0.477600000000000 0.520260000000000 0.537220000000000 0.545660000000000 0.547480000000000 0.614280000000000 0.634520000000000 0.635660000000000 0.643320000000000 0.664720000000000 0.665300000000000 0.673840000000000 0.674620000000000 0.711680000000000 0.724760000000000 0.735060000000000 0.758180000000000 0.784680000000000 0.788100000000000 0.792240000000000 0.807860000000000 0.838540000000000 0.840800000000000 0.851360000000000 0.858000000000000 0.865680000000000 0.880180000000000 0.887420000000000 0.900080000000000 0.900700000000000 0.914240000000000 0.917740000000000 0.926560000000000 0.930940000000000 0.932880000000000 0.942760000000000 0.947880000000000 0.956720000000000 0.959420000000000
10000000100000000000100010100000010010000000100010000100000000100001
10000000100110000000100010100000011000010010001000010000010010010100
00000010011000001011011000011001100101001001000111000000000001010000
00011000000000110000000000100010000000100100000000001011101100011010
10100000100110000000100010100000011000010010001000010000010010010001
00000010011000001011011001011001100000000000000111000000000000010000
00000010011000001011011000011001100101001001000111000000000000010000
00000111000000001100000100011001100000000000110010000100000000100001
00000010011001001011001000011001100000000000100010100100000000100001
01000010011000001011011000011101100001001001000111000100000000100001
