//
segsites: 71
positions: 0.019040000000000 0.022960000000000 0.029000000000000 0.040440000000000 0.056200000000000 0.057600000000000 0.065840000000000 0.069220000000000 0.084120000000000 0.086440000000000 0.101600000000000 0.105580000000000 0.117840000000000 0.135400000000000 0.150400000000000 0.157960000000000 0.179800000000000 0.180200000000000 0.182680000000000 0.202280000000000 0.206320000000000 0.243160000000000 0.257080000000000 0.266280000000000 0.275620000000000 0.276260000000000 0.288760000000000 0.289620000000000 0.313580000000000 0.320560000000000 0.328660000000000 0.356220000000000 0.375320000000000 0.376500000000000 0.397760000000000 0.401320000000000 0.405300000000000 0.419100000000000 0.430440000000000 0.449220000000000 0.506200000000000 0.531380000000000 0.560040000000000 0.581600000000000 0.582640000000000 0.590840000000000 0.607240000000000 0.614140000000000 0.650940000000000 0.660660000000000 0.708640000000000 0.709220000000000 0.745660000000000 0.760060000000000 0.761240000000000 0.769460000000000 0.788240000000000 0.796340000000000 0.813560000000000 0.818220000000000 0.818540000000000 0.838740000000000 0.862680000000000 0.873120000000000 0.933900000000000 0.938160000000000 0.941940000000000 0.953320000000000 0.969740000000000 0.976960000000000 0.997540000000000
00000100000100000000010011000011000000000010001000110100010000000000000
00000010000010100101100000010000001000000000110001001000000110110100100
10100000010001000000000000000000110000001000000100110000000110110000000
10001000100010001010011011100011000000010000000010110000010000001010001
00000000010001010000000100000000110000100001000100110010100001000001010
10100000010001000000000100001000000011000000110001001001001000100010000
00000000010001010000000100000000110000100001000100110010100001000001010
00000000010001010000000100000000110100100001000100110010000001001010000
11110001010001000000000100001100000011000100110001001000000110110000000
10100000011001000000000100001000000011000000110001001000000110110000100
