//
segsites: 49
positions: 0.001240000000000 0.022180000000000 0.028500000000000 0.058900000000000 0.174580000000000 0.184020000000000 0.187680000000000 0.212160000000000 0.217620000000000 0.221260000000000 0.310260000000000 0.335140000000000 0.345760000000000 0.397500000000000 0.419300000000000 0.453720000000000 0.460040000000000 0.491300000000000 0.518360000000000 0.541360000000000 0.543120000000000 0.605040000000000 0.611080000000000 0.632480000000000 0.634340000000000 0.657640000000000 0.667060000000000 0.674200000000000 0.689480000000000 0.699600000000000 0.703120000000000 0.710560000000000 0.717460000000000 0.737500000000000 0.765520000000000 0.768220000000000 0.819060000000000 0.860120000000000 0.891680000000000 0.891700000000000 0.897220000000000 0.914140000000000 0.924140000000000 0.936540000000000 0.943460000000000 0.945860000000000 0.962180000000000 0.972420000000000 0.993180000000000
0111001111001000111010110000000011110001001000100
1000010000110000000001001000000110000100110101110
1011101111110000000000001000010110000000000000001
1000101111110000000000001000000110000000000000001
0111101111110000000000010100000011110001001000100
1000010000010111000100000011101000001010000100000
1000101111110000000000001000000110000000000000001
0111001111110000000000010000000011110000010101110
0111101111110000000000001000000011110000000010000
1000010000010111000100000011101000001010000100000
