//
segsites: 36
positions: 0.024820000000000 0.028200000000000 0.032160000000000 0.064820000000000 0.079060000000000 0.105360000000000 0.105720000000000 0.138980000000000 0.148580000000000 0.149400000000000 0.154680000000000 0.191300000000000 0.209940000000000 0.254840000000000 0.304380000000000 0.310220000000000 0.372660000000000 0.418440000000000 0.516100000000000 0.533180000000000 0.555120000000000 0.573920000000000 0.585520000000000 0.605440000000000 0.613300000000000 0.657620000000000 0.753760000000000 0.827260000000000 0.833260000000000 0.880180000000000 0.902480000000000 0.909520000000000 0.910400000000000 0.925760000000000 0.938660000000000 0.971000000000000
010001011000000010000110001010010111
101100000011110000111000100100000000
101100000011110001111000100100000000
101100000111111000111000100100000000
101110000011110000111000100101101000
101110000011110000111001100100001000
101100000011110001111000100100000000
101101110011110001111000100100000000
101110000011110100111000100100000000
010001011000000010000100011010010111
