//
segsites: 42
positions: 0.076700000000000 0.096400000000000 0.102860000000000 0.128900000000000 0.143340000000000 0.179540000000000 0.180020000000000 0.184680000000000 0.210860000000000 0.226000000000000 0.239000000000000 0.267800000000000 0.342420000000000 0.350340000000000 0.391960000000000 0.398580000000000 0.411720000000000 0.449640000000000 0.547460000000000 0.614060000000000 0.640500000000000 0.716880000000000 0.733900000000000 0.741220000000000 0.796800000000000 0.812480000000000 0.849240000000000 0.853200000000000 0.864400000000000 0.866180000000000 0.889800000000000 0.895520000000000 0.905380000000000 0.908540000000000 0.918200000000000 0.931460000000000 0.943720000000000 0.947660000000000 0.947980000000000 0.968720000000000 0.989160000000000 0.989460000000000
101010000000000011110100011000000110101000
000010000000010100001001000001101001000000
000010000010000011100011000011101001000000
101000000000000011100100011000010100101000
010101000100100010100100000100100001010000
000000110000011100001001100001101001000000
101010000000000011110100011000000110101000
000010000000011100001001100001101001000010
000101001101000010100100011000000100000101
000010000000011100001001100001101001000010
