//
segsites: 48
positions: 0.012740000000000 0.027620000000000 0.050860000000000 0.053400000000000 0.058120000000000 0.091620000000000 0.105200000000000 0.124860000000000 0.126620000000000 0.132100000000000 0.182980000000000 0.221460000000000 0.237740000000000 0.253160000000000 0.255700000000000 0.299100000000000 0.304760000000000 0.309580000000000 0.331040000000000 0.359120000000000 0.361640000000000 0.370880000000000 0.377620000000000 0.390820000000000 0.395200000000000 0.397100000000000 0.417620000000000 0.427160000000000 0.428120000000000 0.476980000000000 0.553240000000000 0.562680000000000 0.637540000000000 0.678280000000000 0.691660000000000 0.695880000000000 0.697640000000000 0.741720000000000 0.763620000000000 0.764180000000000 0.768660000000000 0.775780000000000 0.792100000000000 0.813280000000000 0.886760000000000 0.916760000000000 0.935680000000000 0.986980000000000
010100001001000101100000000010101000010010000101
100010010000110000100000001100000000100100000000
010100001101000101100000000010101000010000000101
101010010000110010100100011100000000100100000000
100001100011001001010000000001010010001001010010
010100001001000001000010000010101100000000000000
010100001001000001000010000010101001000000101100
100001100011001001010000000001010010001001010010
100001100011001001010001000001010010001001010010
010100001001000001101000100100000000100100000000
