//
segsites: 46
positions: 0.004260000000000 0.042200000000000 0.214160000000000 0.281500000000000 0.302260000000000 0.307480000000000 0.309260000000000 0.315720000000000 0.328220000000000 0.362120000000000 0.368460000000000 0.370660000000000 0.404640000000000 0.433200000000000 0.447020000000000 0.454180000000000 0.466100000000000 0.495720000000000 0.512880000000000 0.569280000000000 0.608460000000000 0.618020000000000 0.620540000000000 0.645720000000000 0.650620000000000 0.692280000000000 0.700440000000000 0.715320000000000 0.760840000000000 0.776760000000000 0.805220000000000 0.830380000000000 0.842940000000000 0.852960000000000 0.854020000000000 0.858600000000000 0.874920000000000 0.886520000000000 0.906220000000000 0.911440000000000 0.920100000000000 0.920620000000000 0.929400000000000 0.947240000000000 0.985580000000000 0.999320000000000
1000001111000000100010000100101000100000011000
1000001111000011010010010100101000000000001100
1000001111000010010010010100101000000000001010
1000000010100000000000100000010110010101000001
1000001111000010010010000100110111010000000000
1111001111000000101010011100101000000010001000
1000001111000010010010000100110111010000000000
1000110010001110010101000010000000001000000000
1000001111010010010010010100101000000000001000
1111001111000000101010000101101000000000101000
