//
segsites: 56
positions: 0.007700000000000 0.009560000000000 0.018100000000000 0.021360000000000 0.038800000000000 0.066220000000000 0.102400000000000 0.138060000000000 0.141960000000000 0.158000000000000 0.214800000000000 0.262940000000000 0.271120000000000 0.278800000000000 0.287800000000000 0.314320000000000 0.320500000000000 0.330420000000000 0.344980000000000 0.346820000000000 0.384560000000000 0.388680000000000 0.487860000000000 0.490500000000000 0.514120000000000 0.523760000000000 0.538220000000000 0.542060000000000 0.547740000000000 0.582800000000000 0.590860000000000 0.595660000000000 0.607940000000000 0.612420000000000 0.613560000000000 0.632040000000000 0.637060000000000 0.684000000000000 0.687700000000000 0.694900000000000 0.695920000000000 0.723540000000000 0.728540000000000 0.737580000000000 0.774340000000000 0.789920000000000 0.796680000000000 0.838740000000000 0.876060000000000 0.886140000000000 0.923620000000000 0.946540000000000 0.960800000000000 0.978400000000000 0.985360000000000 0.990860000000000
00100000010000000111000010011100000100001000010001000010
00100000010000000111001100000011010000001000010010100100
00000110000100000000110010011100000000001000010010100100
10100001010000100001110010011000000010010001000101000000
01011000100011011000000001100000100001100101100001000001
00100000010000000111001100000011010000010001000101000000
10100001011000100001110000000000001000000100000010100000
00100000010000000111001100000011010000010001000101000000
10100001011000100001110000000000000000000010001000011001
00100000010000000111001100100000100001100101100001000010
