//
segsites: 55
positions: 0.004960000000000 0.022960000000000 0.035380000000000 0.071740000000000 0.108160000000000 0.127260000000000 0.130500000000000 0.154280000000000 0.157500000000000 0.166840000000000 0.208900000000000 0.220640000000000 0.232540000000000 0.257120000000000 0.268240000000000 0.280020000000000 0.298880000000000 0.307900000000000 0.360140000000000 0.393860000000000 0.412620000000000 0.418860000000000 0.445720000000000 0.463240000000000 0.492360000000000 0.500000000000000 0.534320000000000 0.554620000000000 0.563780000000000 0.566700000000000 0.571000000000000 0.575640000000000 0.597060000000000 0.615780000000000 0.624700000000000 0.633900000000000 0.683540000000000 0.686620000000000 0.704200000000000 0.711080000000000 0.719460000000000 0.734480000000000 0.748560000000000 0.749440000000000 0.785920000000000 0.828480000000000 0.871320000000000 0.905800000000000 0.906000000000000 0.923480000000000 0.929340000000000 0.935200000000000 0.941840000000000 0.969640000000000 0.986280000000000
0000100100010000011000001001010010001000010010000101100
1000010001000000100000001101000010001000000101010000000
0000100100010000011000001000100001000000000100011000001
0000100100010000011000001001000010001000010010000101100
0000001000001000001101001001000000010010000100100000010
0000100000000000000000011001000010001100000101010000000
1100010001000011001001001000001100000000000100000010010
1100010001000011001010000000001000100001101100011000001
0011000010110100011000100010100001000000000100010000000
0000100100010000011000001001000010001000010010000101100
