//
segsites: 65
positions: 0.030180000000000 0.042060000000000 0.097220000000000 0.162940000000000 0.189640000000000 0.193540000000000 0.195500000000000 0.205100000000000 0.222280000000000 0.255600000000000 0.299560000000000 0.301580000000000 0.311280000000000 0.339900000000000 0.351720000000000 0.356860000000000 0.359680000000000 0.364960000000000 0.451420000000000 0.452220000000000 0.463780000000000 0.470420000000000 0.495780000000000 0.525560000000000 0.553460000000000 0.575780000000000 0.603580000000000 0.603940000000000 0.609200000000000 0.633220000000000 0.646800000000000 0.653900000000000 0.665580000000000 0.669620000000000 0.672640000000000 0.679560000000000 0.686380000000000 0.690160000000000 0.693380000000000 0.709220000000000 0.719360000000000 0.720040000000000 0.773540000000000 0.777280000000000 0.786200000000000 0.790860000000000 0.794340000000000 0.796440000000000 0.802060000000000 0.802740000000000 0.804920000000000 0.831700000000000 0.835240000000000 0.842460000000000 0.851520000000000 0.865700000000000 0.869640000000000 0.890000000000000 0.911600000000000 0.911620000000000 0.918760000000000 0.933600000000000 0.953120000000000 0.959780000000000 0.975540000000000
10010000000110101000000101000000100011000000000000001000110010000
10010001000000010100000000000110001010000000000101010010111000100
10010000000110101000000101000000100011000000000000001000110010000
10011110101001000011100000011000010100010000010000100010110000011
10110000000110001000000101000000100011000100000000001000110010000
10010000000000101000001001000000100010000000100010010100000100000
11010000000110001000010101000001000010000001000101010010111000100
10110000000000010100000000000110001000001010001000000001000001000
10010000010110101000000101000000100011000000000000001000110010000
10110000000110001000010111100001000010100000000101000000110100000
