//
segsites: 51
positions: 0.006620000000000 0.021680000000000 0.042160000000000 0.048480000000000 0.051360000000000 0.054860000000000 0.067900000000000 0.080480000000000 0.082120000000000 0.096460000000000 0.112260000000000 0.161380000000000 0.176060000000000 0.187900000000000 0.213740000000000 0.219700000000000 0.250740000000000 0.271660000000000 0.311080000000000 0.321440000000000 0.344480000000000 0.348620000000000 0.394840000000000 0.432920000000000 0.445460000000000 0.450180000000000 0.456640000000000 0.494060000000000 0.509040000000000 0.529000000000000 0.537820000000000 0.539680000000000 0.549120000000000 0.550380000000000 0.584820000000000 0.618040000000000 0.637840000000000 0.720500000000000 0.720880000000000 0.721520000000000 0.721940000000000 0.732000000000000 0.757680000000000 0.767340000000000 0.782260000000000 0.787080000000000 0.788560000000000 0.818180000000000 0.846980000000000 0.879260000000000 0.945960000000000
000000001000000001011000000110010000101010100010101
000000000100000010100101010000000011000101011101001
000000000100001010100101110000000011000100011101000
000000000100001010100101110000000011001010100010101
101111010000000000100101011010010000101010100010101
010000100000010000100101010001001011010000011101010
010000100011100000100110000000110100101010100010101
100000000100000110100101010000000011010000011101000
000000000100000010100101010000000011010000011101000
101111010000000000100101011010010000101010100010101
