//
segsites: 57
positions: 0.008080000000000 0.033060000000000 0.041520000000000 0.052320000000000 0.066020000000000 0.085920000000000 0.096880000000000 0.101520000000000 0.136560000000000 0.167260000000000 0.190380000000000 0.190680000000000 0.215220000000000 0.220280000000000 0.270720000000000 0.285160000000000 0.296300000000000 0.300740000000000 0.324240000000000 0.328940000000000 0.395460000000000 0.409180000000000 0.466320000000000 0.485800000000000 0.485860000000000 0.531480000000000 0.533160000000000 0.552260000000000 0.563780000000000 0.578840000000000 0.609640000000000 0.617100000000000 0.620960000000000 0.650640000000000 0.661100000000000 0.671360000000000 0.684460000000000 0.687840000000000 0.703540000000000 0.742380000000000 0.759780000000000 0.773500000000000 0.778040000000000 0.786800000000000 0.796700000000000 0.797960000000000 0.811700000000000 0.821280000000000 0.842360000000000 0.872920000000000 0.889840000000000 0.892260000000000 0.895080000000000 0.905000000000000 0.912140000000000 0.914000000000000 0.976820000000000
000100000001000000010000000000110000100010000000001000001
000000110010000001101101000000111000000000000001000100000
111000110000010000000000000000000110000000000000000000000
000000001000000000000010100011000000000101100000000010100
101000110010000100101101000000111000000000000000000001000
000001000100010000101000011100000110000000010100010001000
000000001000000000000010100011000000000101100000000010100
000000001000101010000000000000110000000000001010100100000
000000000001000000000010100000000001011000010100000001000
000011000000000000010000000000110000100010000000001000011
