//
segsites: 44
positions: 0.017120000000000 0.052120000000000 0.057180000000000 0.085140000000000 0.102940000000000 0.105100000000000 0.124480000000000 0.124540000000000 0.133600000000000 0.146100000000000 0.253340000000000 0.275780000000000 0.286040000000000 0.288980000000000 0.292040000000000 0.369440000000000 0.371000000000000 0.371920000000000 0.385360000000000 0.438400000000000 0.479560000000000 0.500000000000000 0.508660000000000 0.542820000000000 0.548140000000000 0.553560000000000 0.566260000000000 0.571640000000000 0.576040000000000 0.658020000000000 0.684520000000000 0.697560000000000 0.733780000000000 0.755460000000000 0.758100000000000 0.760780000000000 0.819700000000000 0.825860000000000 0.840400000000000 0.852560000000000 0.868200000000000 0.883240000000000 0.910600000000000 0.927240000000000
01000100011000101010100010000110000000111111
01000100011000100010100010010001011010111111
00110100011000100010100010010000100100111111
01000100011000100010001001101000000100111111
01001101111000100010100010010000000101111111
00110010000000110001000100000001011010111111
00110000000111000100001000101000000100111111
10110000000111000100011000101000000100111111
01000100011000100010100010000110000000000110
10110000000111000100011000101000000100111111
