//
segsites: 50
positions: 0.067720000000000 0.076100000000000 0.086000000000000 0.087140000000000 0.099580000000000 0.115400000000000 0.158420000000000 0.167420000000000 0.168520000000000 0.211180000000000 0.214920000000000 0.326240000000000 0.357120000000000 0.357740000000000 0.381400000000000 0.381500000000000 0.412000000000000 0.415580000000000 0.418600000000000 0.436820000000000 0.441920000000000 0.449180000000000 0.511640000000000 0.529560000000000 0.530620000000000 0.532740000000000 0.549880000000000 0.567300000000000 0.609240000000000 0.629400000000000 0.650920000000000 0.652240000000000 0.677660000000000 0.691240000000000 0.716060000000000 0.721960000000000 0.784040000000000 0.810180000000000 0.830520000000000 0.848340000000000 0.863480000000000 0.865400000000000 0.877960000000000 0.891780000000000 0.892280000000000 0.895360000000000 0.914120000000000 0.915060000000000 0.964180000000000 0.987660000000000
01010000000011010001100101000001101011000000011011
10101101001001000010010010110001100000110000100100
01010000000000110001100101000001101011000000011011
01010000000000110001100101000001101011000000011011
10101101000001000010010010110000010000110100100000
00000000110111001000010101000100000100110011100100
10101111000001000000000101001011101011000000011011
10101111000001001000010101000100000100111001100100
10101111000001000110010010110000000000110000100000
10101111000001000010011010110000000000110000100000
