//
segsites: 45
positions: 0.034620000000000 0.037580000000000 0.045480000000000 0.064160000000000 0.093460000000000 0.097260000000000 0.132860000000000 0.134100000000000 0.143560000000000 0.147120000000000 0.150460000000000 0.189640000000000 0.196140000000000 0.202780000000000 0.203660000000000 0.223900000000000 0.224860000000000 0.233480000000000 0.242920000000000 0.256760000000000 0.259500000000000 0.280660000000000 0.322920000000000 0.344080000000000 0.367540000000000 0.372540000000000 0.383840000000000 0.392780000000000 0.426380000000000 0.498260000000000 0.527380000000000 0.536540000000000 0.538880000000000 0.542920000000000 0.636700000000000 0.646960000000000 0.718700000000000 0.733000000000000 0.767500000000000 0.809800000000000 0.828080000000000 0.832860000000000 0.883120000000000 0.915380000000000 0.974940000000000
011000000001100000000000010000000000000010011
010000101010000000000000011100000010110101100
010000101010000000000000011100000011110101100
011010010000100000001001100011100010110101100
011010000000100000001001100011100000000010010
010000001000000000000000011100010000110101100
100101000000000011110010010000000000000010010
100101000000111100000100000000001100100010010
010000101010000000000000011100000010110101100
010000101110000000001001100011000010111101100
