//
segsites: 38
positions: 0.005020000000000 0.045160000000000 0.073060000000000 0.129540000000000 0.158700000000000 0.178080000000000 0.179140000000000 0.195580000000000 0.237780000000000 0.254380000000000 0.268320000000000 0.285800000000000 0.342500000000000 0.369320000000000 0.375000000000000 0.378800000000000 0.384900000000000 0.385180000000000 0.471000000000000 0.497240000000000 0.517940000000000 0.561940000000000 0.564140000000000 0.590740000000000 0.601660000000000 0.603980000000000 0.614560000000000 0.629080000000000 0.644680000000000 0.673000000000000 0.747960000000000 0.753660000000000 0.799520000000000 0.851320000000000 0.861380000000000 0.906620000000000 0.923200000000000 0.965300000000000
01000001110100000000100010110110111101
01100010001011000000000000110110111101
01000000010100010010010110111100101010
11010010000011100000000000110110100000
01010010000011100000000000110110100000
01000001110100000000100010110110111101
01101010000011000101100010111100101010
01100010001011000000000000110110111101
01000100110100000000101100000010111101
01100010000011001000000001110111111101
