//
segsites: 62
positions: 0.044980000000000 0.071340000000000 0.102300000000000 0.124000000000000 0.124500000000000 0.125040000000000 0.149920000000000 0.156320000000000 0.159540000000000 0.188340000000000 0.197040000000000 0.209580000000000 0.223840000000000 0.240960000000000 0.241100000000000 0.287840000000000 0.288860000000000 0.296580000000000 0.315560000000000 0.316640000000000 0.321860000000000 0.432360000000000 0.433480000000000 0.463020000000000 0.482200000000000 0.487140000000000 0.500000000000000 0.506200000000000 0.511280000000000 0.566840000000000 0.568660000000000 0.569580000000000 0.590920000000000 0.591500000000000 0.593200000000000 0.601940000000000 0.613660000000000 0.619840000000000 0.620560000000000 0.659620000000000 0.666760000000000 0.681140000000000 0.685560000000000 0.697720000000000 0.701640000000000 0.723780000000000 0.724320000000000 0.749660000000000 0.769100000000000 0.848860000000000 0.853820000000000 0.874040000000000 0.879740000000000 0.901060000000000 0.913560000000000 0.919180000000000 0.939360000000000 0.965700000000000 0.969000000000000 0.976460000000000 0.979240000000000 0.984980000000000
00010000010000000010010011000000111000100000110010000000000000
00010000110101100010010000001100000001000100000001000000100000
00010000110101100110010000100000000001000000000001000000100000
00010000110111100010010000000010000000000000010011000010100000
00010000010000000010010011000000111000100000110110010000000000
10010100010111100010010000000001000001000000000001000001100000
00010000110101100110010000100000000001000100000001000000100000
00010000110101100110010000100000000001000000000001100000100100
10010100010110000010010011000000111000100000110010000000000000
00010000110101100110010000100000000001000000000001000000100000
00010000111101100010010000000000000001000000000001000000100000
00010000110111100010010000000000000001001010000001000000100000
00010000110111100010010000000000000001000000000010000000000000
00010000110101100110010000100000000001000000000001000000100000
00010010110101100010010000010010000000000000001001000110100001
00010000110111100010010000000010000000000000010011000010100000
00010000110111100010010000000000000001000010000001000000100010
00010000110101100110010000000000000001000000000001000000100000
00010000110101100110010000100000000001000000000001000000100000
00010000110101100010010011000000000001000000000001000000100000
00010000010000000010010011000000111001000000000001000000100000
00010000110101100110010000100000000001000000000001000000100000
00010000010000000010010011000000111000100000110010000000000000
01110001010101011001110100010000000011000000000001000000100000
00010000110101100010010000000000000001000000000001000000100000
00010000110101100110010000100000000001000000000001000000100000
00011000110101100110010000100000000001000000000001000000100000
00010000110101100110010000100000000001000000000001000000100000
00010000110101100110010000100000000001000000000001000000100000
00010000110101100110011000100000000001000000000001000000100000
00010000110101100010010000000000000001000000000001000000100000
00010000110101100110010000100000000001000000000001000000100000
00110001010101011001110100010000000011000000000001000000100000
00010000010000000010010011000000111100100000000001000000100000
00010000110101100110010000100000000001000000000001000000100000
00010000010000000010010011000000111000100000110010000000000000
00010000110101100110010000100000000001000000000001000000100000
00010000110101100010010000000000000001010001000000001000011000
00010000110101100110010000100000000001000000000001000000100000
00010000110101100110010000100000000001000000000001000000100000
