//
segsites: 73
positions: 0.014800000000000 0.017500000000000 0.032560000000000 0.047060000000000 0.053140000000000 0.073220000000000 0.093600000000000 0.112060000000000 0.114040000000000 0.121380000000000 0.143260000000000 0.151880000000000 0.189100000000000 0.231380000000000 0.243640000000000 0.266220000000000 0.272160000000000 0.273940000000000 0.281800000000000 0.293680000000000 0.312280000000000 0.312340000000000 0.330700000000000 0.342240000000000 0.343220000000000 0.346180000000000 0.399300000000000 0.435280000000000 0.439160000000000 0.455020000000000 0.468520000000000 0.486920000000000 0.500000000000000 0.513320000000000 0.515200000000000 0.536440000000000 0.567120000000000 0.573360000000000 0.591700000000000 0.604520000000000 0.635840000000000 0.664820000000000 0.666680000000000 0.678420000000000 0.679400000000000 0.680460000000000 0.708700000000000 0.731360000000000 0.739040000000000 0.751700000000000 0.761860000000000 0.763940000000000 0.765580000000000 0.774000000000000 0.778240000000000 0.792800000000000 0.830880000000000 0.841860000000000 0.864860000000000 0.865800000000000 0.866040000000000 0.879180000000000 0.907800000000000 0.912820000000000 0.930380000000000 0.936480000000000 0.945680000000000 0.948960000000000 0.977500000000000 0.979380000000000 0.987740000000000 0.992340000000000 0.997640000000000
0100100000000100101000000000100011010110100010100000100010000010000001010
1000010110100100000001000001000000010001111001010110000001001000010010000
0100100000000100101000000000110011010110100010100000100010000010000000010
0100100000000100101000000000100011010110100010100000101010000010000000010
0110100000000100101000000000100001010110100010100000100010000010000000010
0100100000000100101000000000100011010110100010100000100010000010000000010
0100100000000100101000000000100011010110100010100000100010000010000000010
0100100000000100101000000000110011010110100010100000100010000010000000010
1000010000000100101000000000100011010110100010100000100010000010000000010
0000010110100110001000000000100001000000100000000110000001001000000000010
0100100000000100101000000000100011010110100010100000100010000010000000010
0100100000000100101000000000100011010110100010100000100010000010000000010
0100100000000100101000000000100001000000100000000110000001001000001000110
0000010110100110001100000010100001000000100000000110000001000100000100001
0000010110100110001000000000100011010110100010100000100010000010000000010
1000010110100100000001000000000100100000100000001000100010100000000000010
0100100000000100101000000000100011010110100010100000100010000010000000010
0100100000000100101000000000100011010110100010100000100010000010000000010
0100100000000100101000000000100011010110100010100000100010000010000000010
0100100000000100101000000000100011010110100010100000100010000010000000010
0000010110100111010000101100000000001000100100000001010110000010000000010
0100100000000100101000000000100011010110100010100000100010000010000000010
0000011111100100000010000000100001000000100000000110000001001001001000100
0100100000000100101000000000100011010110100010100000100010000010000000010
0100100000000100101000000000100011010110100010100000100010000010000000010
0100100000000100101001000001000000010001111001010110000001001000010010000
0000011111100100000000000001001000000000100000000000000000000100000100001
0001010110101100000000010001001000000000100000001000100010100000000000010
0100100000000100101000000000100011010110100010100000100010000010000000010
0000010110110111010000101100000000001000100100000001010100010010100000010
0100100000000100101000000000100011010110100010100000100010000010000000010
0100100000000100101000000000100011010110100010100000100010000010000000010
0100100000000100101000000000100011010110100010100000100010000010000000010
0000011111100100000000000001001000000000100000000000000000000100000100001
0100100000000100101000000000100011010110100010100000100010000010000000010
0100100000000100101000000000100011010110100010100000100010000010000000010
0000010110100110001000000000100001000000100000000110000001001000000000010
0100100000000100101000000000100011010110100010100000100010000010000000010
0100100000000100101000000000100011010110100010100000100010000010000000010
0000010110100110001000000000100001000000100000000110000001001000001000100
