//
segsites: 79
positions: 0.004380000000000 0.018980000000000 0.039940000000000 0.049440000000000 0.065880000000000 0.081900000000000 0.092660000000000 0.098960000000000 0.109580000000000 0.110320000000000 0.123860000000000 0.128760000000000 0.163400000000000 0.176760000000000 0.177960000000000 0.192180000000000 0.208380000000000 0.216380000000000 0.225380000000000 0.233080000000000 0.243920000000000 0.250420000000000 0.260520000000000 0.287720000000000 0.304060000000000 0.327720000000000 0.329160000000000 0.336040000000000 0.343680000000000 0.379680000000000 0.385620000000000 0.399320000000000 0.411860000000000 0.412060000000000 0.418800000000000 0.420940000000000 0.468600000000000 0.476480000000000 0.500000000000000 0.508520000000000 0.509160000000000 0.520100000000000 0.535160000000000 0.553260000000000 0.569720000000000 0.570860000000000 0.571060000000000 0.577340000000000 0.583560000000000 0.598740000000000 0.618040000000000 0.628520000000000 0.639580000000000 0.692600000000000 0.718200000000000 0.726560000000000 0.750900000000000 0.757380000000000 0.771300000000000 0.774480000000000 0.779560000000000 0.779940000000000 0.781340000000000 0.811700000000000 0.820520000000000 0.826000000000000 0.841540000000000 0.848620000000000 0.861340000000000 0.873160000000000 0.878500000000000 0.896800000000000 0.905320000000000 0.908040000000000 0.909920000000000 0.915880000000000 0.936020000000000 0.947980000000000 0.997140000000000
0001000001100000000000010010000110010010011000001001000100100010001000000010001
0000000000001100000100000100000010000000010000000000000111001011100000000000100
1010000001100000000000010001000000000001000010100000101100000111000000001100100
0001000001100000000000010010000110010010011000001001000100100010001000000010001
0001000001100000000000010010000110010010011000001001000100100010001000000010001
0001000001100000000000010010000110010010011000001001000100100010001000000010001
0001000001100000000000010010000110010010011001001001000100100010001000000010001
0001000001100000000000010010000110010010011000001001000100100010001000000010001
0001000001100000000000010010000110010010011000001001000100100010001000000010001
0010001000010011000000100100000000000001000010100000101100010011000000000000100
0010001000000000001000000100010000000000010000000000001100000110001000000010001
0010001000000000001000000100010001000000010000000100000110001011110000000000100
1110000001100000000000010001000000001001000010110000101100000111000000000000100
0001000001100000000000010010000110010010011000001001000100100010001000000010001
0001000001100000000000010010000110010010011000001001000100100010001000000010001
1010000001100000000000100100000000000001000010100000101100000011000000000001100
0001000001100000000000010010000110010010111000001001000100100010001000000010001
1010000001100000000000010001000000000001000010100000101100000111000000000100100
0001100001100000000000010010000110010010011000001001000100100010001000000010001
0000001000010000000000001100000000000001000010100010100100000011000010100000100
1010000001100000000000100100000000000001000110100000010000000000000101010010001
0001000001100000000000010010000110010010011000001001000100100010001000000010001
0000010110000000000100000100100010000100010000000000000110001011100000000000001
0001000001100000000000010010000110010010011000001001000100100010001000000010001
0001000001100000000000010010000110010010011000001001000100100010001000000000100
0010001000000000001000000100010000000000010000000000001100000110001000000010001
0001000001100000000000010010000110010010011000001001000100100010001000000010001
0001000001100000000000010010000110010010011000001001000100100010001000000010001
0000001000010000000001000100000000000000010000000000000110001011110000000000110
1010000001100000000000010001000000000001000010100000101100000111000000000100100
0001000001100000000000010010000110010010011000001001000100100010001000000010001
0001000001100000000000010010000110010010011000001001000100100010001000000010001
0000010110000000100110000100000010000000010000000000000110001011100000000000001
0000000000001100010100000100000010000000010000000000000110001011100000000000100
0001000001100000000000010010000110010010011000001001000100100010001000000010001
0001000001100000000000010010000110010010011000001001000100100010001000000010001
0000001000010000000000100100001000100001000010100000010000000000000101000010001
0001000001100000000000010010000110010010011000001001000100100010001000000010001
0001000001100000000000010010000110010010011000001001000100100010001000000010001
0001000001100000000000010010000110010010011000001001000100100010001000000010001
