//
segsites: 61
positions: 0.026080000000000 0.048440000000000 0.054540000000000 0.060800000000000 0.073220000000000 0.076720000000000 0.085660000000000 0.094540000000000 0.104240000000000 0.136360000000000 0.137480000000000 0.139480000000000 0.183580000000000 0.194980000000000 0.204580000000000 0.210020000000000 0.213420000000000 0.218580000000000 0.244880000000000 0.285680000000000 0.294420000000000 0.298060000000000 0.304000000000000 0.319380000000000 0.320500000000000 0.325720000000000 0.333400000000000 0.339980000000000 0.344700000000000 0.345540000000000 0.367180000000000 0.377800000000000 0.379200000000000 0.390900000000000 0.405880000000000 0.412880000000000 0.430980000000000 0.431460000000000 0.476800000000000 0.488660000000000 0.490000000000000 0.500000000000000 0.553620000000000 0.570680000000000 0.582320000000000 0.593660000000000 0.609360000000000 0.643980000000000 0.689980000000000 0.713920000000000 0.717040000000000 0.764420000000000 0.768980000000000 0.789480000000000 0.807560000000000 0.842660000000000 0.889620000000000 0.889860000000000 0.941920000000000 0.979700000000000 0.981260000000000
0000000001000110100000000001000000101000010000000110011000010
0100000000000000000001100100010001000000000000000111000000010
0000000010010000001000000001000000101000010000000110011000010
0000000010010000001000000001000000101000010000000110011000010
0000000101000010100100000000000000001000000000000110111000010
0000000001000010100110001000000110000100000010001100000000000
0000000010010000001000000001000000101000010000000110011000010
0000000010010000001000000001000000101000010000000110011000010
0000000010010000001000000001000000111000010000000110011000010
0000000010010000001000000001000000101000010000000110011000010
0000000010000000001000000000000000001000000001000111000000000
0000000010010000001000000001000000101000010000000110011000010
0000000010000000001000000000000000001000000000000110010000100
0000000101000010100100001000000110000100000010001100000000000
0001001011000010100100001000100110000100000010001100000000000
0000000010010000001000000001000000101000010000000110011001010
0100000000000000000001000000000000001000000000000110011000000
0000000010010000001000000001000000101000010000000110011000010
0000000010010000001000000001000000101000010000000110011000010
0000000010000000001000000000000000001000000000000110011000010
0000000010000000011000000000000000001000000000010110011000011
0000000010000000001000000000000000001010000000000110011000010
0000000010010001001000000001000000101000010000000110011000010
0000000010000000001000000000000000001000000000000110011000010
0000000010010000000001100100000001000000000000000111000000000
0000000010010000001000000001000000101000010000100110011000010
0000000010010000001000000001000000101000010000000110011000010
0000100010000000001000000000000000001001000000000110011110010
0000000010010000001000000001000000101000010000000110011000000
0000100010000000001000000000000000001000000000000110011000010
0000100010000000001000000010000000001000001000000110011000010
0000000010010000001000000001000000101000010000000110011000010
1000000010000000001000010000000000101000110100000110011000010
0010010000001000001000100000001001000000000000000110011000010
0000000010000000001000000000000000001000000001000111000000000
0000100010100000001000000000000000001000000000000110011000000
0000000010010000001000000001000000101000010000000110011000010
0000000010010000001000000001000000101000010000000110011000010
0000000010010000001000000001000000101000010000000110011000010
0000100010000000001000000000000000001001000000000110011110010
