//
segsites: 80
positions: 0.023260000000000 0.024060000000000 0.032060000000000 0.036320000000000 0.043200000000000 0.067120000000000 0.072500000000000 0.078200000000000 0.086560000000000 0.122540000000000 0.122880000000000 0.132840000000000 0.197120000000000 0.204380000000000 0.213580000000000 0.214780000000000 0.215220000000000 0.244980000000000 0.286800000000000 0.287900000000000 0.323660000000000 0.325060000000000 0.327580000000000 0.327780000000000 0.331460000000000 0.358680000000000 0.359100000000000 0.364060000000000 0.367120000000000 0.382360000000000 0.425460000000000 0.428660000000000 0.446980000000000 0.447620000000000 0.472040000000000 0.472300000000000 0.474720000000000 0.476660000000000 0.494380000000000 0.500000000000000 0.507540000000000 0.520500000000000 0.551260000000000 0.551560000000000 0.563340000000000 0.573100000000000 0.575260000000000 0.602520000000000 0.611680000000000 0.617100000000000 0.630700000000000 0.631360000000000 0.636820000000000 0.641440000000000 0.665980000000000 0.703020000000000 0.742360000000000 0.747980000000000 0.763600000000000 0.806580000000000 0.807660000000000 0.813540000000000 0.825180000000000 0.832560000000000 0.834020000000000 0.862820000000000 0.867680000000000 0.905280000000000 0.910000000000000 0.910220000000000 0.917420000000000 0.923160000000000 0.923220000000000 0.926240000000000 0.931120000000000 0.932440000000000 0.940100000000000 0.963860000000000 0.981560000000000 0.988580000000000
00000100100001010101100000000000011000110001000000000000010110101000000000100001
00000100100001010101100000000000011000110001000000000000010110101000000000110001
00000100100001010101100000000000011000110001000000000000010110101000000000100001
00000100100001010101100000000000011000110001000000000000000110101000000000100001
11011010000000000000010000000010101000100000100000000001001001000100100000100010
00000100100001010101100000000000011000110001000000000000010110101000000000100001
00000100100001010101100000000000011000110001000000000000010110101000000000100001
00011011000000000000000101110000000100001000010000000100001000000000001011001000
00000100100001010101100000000000011000001000010000000100001000000000001001001000
00000100100001010101100000000000011000110001000010000000010110101000000000100001
10011010010000000000010000000000001000100000100000000000001000000100100000100010
11011010000010000000000101110000000100000000010000000100001000000000001001001000
00000100100001010101100000000000011000110001000000010000010110101000000000100001
11011010010000101000100000000001001000100001000000000000000110101000000000100101
11011010000000000000000101110000000100000000010000000100001000000000000000100010
00000100100001010101100000000000011000110001001000000000010110101000000000100001
00011010000000000000001101110000000100000000010000000100001000000000011101001000
00000100100001010101100000000000011001110001000000000000010110101000000000100001
11011010000000000000000101110000000100000000010000000100001000000000001001001000
11011010001000000000010010000000001000100000100000000000001000000100100000100010
00000100100001010101100000000000011000110001000000000000010110101000000000100001
00000100100001010101100000000000011000110001000000000000010110101000001001001000
00000100100001010101100000000000001000100000000001001010001000010000001001001000
11011010000000000010000101110000000100000000010000000100001000000000001001100101
00100100100001010101100000000000011000110001000000000000010110101000000000100001
00000100100001010101100000000000011000110001000000000000010110101000000000100001
00000100100001010101100000000000011000110001000100000000010110101000000000100001
11011010000000000000010000000000001000100101000000100000100110101000001001001000
00000100100001010101100000000000011000110001000000000000010110101000000000100001
11011010000000000000000100000000001000100000000001001010001000010000001001001000
11011010000001010101100000000000011000110001000000000000010110101000000000100001
11011010000000000000000100000000001000100000000001001010001000010000001001001000
11011010000000000000001101111000000110000000010000000100001000000000011001001000
00000100100001010101100000000000011000110001000000000000010110101000000000100001
00000100100001010101100000000000011000110001000000000000010110101000000000100001
10011010000101000001100000000100001000100001000000000000000110101001000000100001
00000100100001010101100000000000011000110001000000000000010110101000000000100001
11011010000000000000000100000000001000100010000001001010001000010010001001001000
00000100100000000000000101110000000100000000010000000100001000000000001001001000
00000100100001010101100000000000011000110001000000000000010110101000000000100001
