//
segsites: 61
positions: 0.009440000000000 0.047220000000000 0.052900000000000 0.057620000000000 0.076140000000000 0.122620000000000 0.123640000000000 0.153620000000000 0.158480000000000 0.177420000000000 0.205520000000000 0.217560000000000 0.237180000000000 0.296100000000000 0.324080000000000 0.340020000000000 0.361180000000000 0.380840000000000 0.391020000000000 0.404240000000000 0.406660000000000 0.409480000000000 0.446860000000000 0.454060000000000 0.472760000000000 0.486660000000000 0.500000000000000 0.504120000000000 0.505020000000000 0.511200000000000 0.524260000000000 0.526500000000000 0.559060000000000 0.559100000000000 0.603920000000000 0.662440000000000 0.691420000000000 0.709020000000000 0.718300000000000 0.736260000000000 0.766540000000000 0.796020000000000 0.796520000000000 0.818200000000000 0.818260000000000 0.818780000000000 0.836000000000000 0.852400000000000 0.861560000000000 0.867280000000000 0.876000000000000 0.904980000000000 0.918040000000000 0.934080000000000 0.934340000000000 0.938260000000000 0.954380000000000 0.957200000000000 0.959260000000000 0.960520000000000 0.983400000000000
0010100101010100000000100000000000000000001000000000000100000
1000000010000001100010000000010100000000001000000000000100000
1000000010001010000000000010000000000000000000111000000100000
1000000010001010000000000010000000000000000000111000001100000
1000000010101010000000000010000000000000000000111000000100000
1000000010001010010000000010000000000000001000000000000100000
1000000010000001100010000000010100000000001000000000000100000
1000000010001010000000000010000000000000000000111000000100000
1000000010001010000000010000000000000000000000101000000100000
1000000010101010000000000010000000000000000000111000000100000
0010101101000000000000100000000011000001010001000000010010000
0010100101010000000000000010000000000000001000000010010000011
1000000010001010000000000010000000000000000000111000000100000
1001000010000000000000100101000000000010001000000000000101000
1000000010001010000000000010000000000000000000111000000100000
0010100101010000000000100000000000000000001001000010010000011
1000000010001010000000000010000000000000000000111000000100000
1000000010001010000000000010000000000000001000000000000100000
0010100101010000001000100000100000000000001000000000000100000
0010100101010000000001100000000000010000101000000000100100000
1000010010000001100010000000010100001001010001000000010010000
0010100101010000000100101000000000000000001000000000000100000
1000000010001010000000000010000000000000001000000000000100000
0010100101010000000000100000000000000000001000000000000100000
1000000010001010000000000010000000000000000000111000000100000
1000000010001010000010000000011100001001010001000000010010000
1000000010001010000000000010000000000000000000111000000100000
1010100101010000000000100000000000000100000000000101000101000
1000000010001010000000000010000000000000001000000000000100000
1000010010000000000000100000000000000000001000000000000100000
1000000010001010000000000010000000000000000000111000000100000
1000000010001010000000000010000000000000000000111000000100000
1000000010001010000000000010000000000000000000111000000100000
0010100101010000000000100000000000000000001011000010010000011
0100000010001010000000000000000000100000000000100000000100000
1000010010000001100010000000010100001001010001000000010010000
1000000010001010000000000010000000000000001000000000000100000
1000000010001010000000000010000000000000000000111000000100000
1000000010001010000000000010000000000000000100111000000100000
1000000010000001100010000000010100000000001000000000000100100
