//
segsites: 72
positions: 0.004440000000000 0.017700000000000 0.043640000000000 0.044220000000000 0.049940000000000 0.057840000000000 0.060240000000000 0.077860000000000 0.084620000000000 0.114740000000000 0.117640000000000 0.132900000000000 0.138420000000000 0.157540000000000 0.159300000000000 0.163000000000000 0.224040000000000 0.230720000000000 0.255560000000000 0.283140000000000 0.289980000000000 0.340680000000000 0.341020000000000 0.360180000000000 0.374360000000000 0.377060000000000 0.381220000000000 0.384800000000000 0.386940000000000 0.394760000000000 0.403640000000000 0.418500000000000 0.421860000000000 0.423280000000000 0.423880000000000 0.424040000000000 0.432400000000000 0.451220000000000 0.451680000000000 0.454580000000000 0.464180000000000 0.500000000000000 0.528860000000000 0.546980000000000 0.568800000000000 0.576600000000000 0.580920000000000 0.596040000000000 0.617400000000000 0.620540000000000 0.624920000000000 0.626900000000000 0.633200000000000 0.636380000000000 0.666120000000000 0.684380000000000 0.685280000000000 0.689240000000000 0.695220000000000 0.744520000000000 0.845780000000000 0.848300000000000 0.849320000000000 0.859300000000000 0.901240000000000 0.904960000000000 0.911640000000000 0.920000000000000 0.951120000000000 0.952860000000000 0.957920000000000 0.962480000000000
000001100000010001001101100000000000010010101000100000001010010010100001
000010000000001100100000010110100000001000101000100000000010010000100001
000010010000001100001000101000000000000001010100010000110100110000111001
000010010000001100001010101000000000000001010100010000110100110000111001
000010010000001100001000101000000000000001010100010000110100110000111001
000010010000001100001000101000000000000001010100010000110100010000111001
000010000000001100100000010110100000001000101000100000000011010000111001
000010010000001100100000010110100000001000101000100000000010010000111001
000001100000010001001101100000010000010010101010100000001010010000100001
000000000010000101011101100000000000010010101000100000000010010000111001
000001100000000000001000000001001101010100000001000101000000001101000001
000010010000001100001000101000000000000001010100010000110100110000111001
010110000000001110100000000110100000001000101000100000000010010000110001
000010010000001100001000101000000000000001010100010000110100110000111001
000010000000001100100000010110100000001000101000100000000010010000111001
000010000000001100100000010110100000001000101000100000000010010000111001
000010010000001100001000101000000000000001010100010000110100110000111001
000000000010000101001101100000000000010010101000100000000010010000100001
000000000010000101001101100000000000010010101000100000000010010000111001
000010000000001100100000000110100000001000101000100000000010010000100001
000010000000001100100000010110100000001000101000100000000010010000100001
000000000010000101001000101000000000100001010100010000110100110000111001
010110000001101100100000000110100000001000101000100000001010010000100101
000010000000001100100000010110100000001000101000101000000011010000111001
000010000000001100100000010110100000001000101000100000000010010000111001
000010010000001100001000101000000000000001010100010000110100110000111001
000010010000001100001000101000000000000001010100010000110100110000111001
000010010000001100001000101000000000000001010100010010110100110000111001
000010010000001100001000101000000000000001010100010000110100110000111001
000010010000001100001000101000000000000001010100010000110100110000111001
001010000000001100100000010110100000001000101000100000000010010000111011
000010010100001100001000101000000000000001010100010000110100110000111001
000010010000001100001000101000000000000001010100010000110100110000111001
010110001000001110100000000110100000001000101000100000000010010000100001
100010010000001100001000101000000010000001010100010000110100110000111001
000010010000001100001000101000000000000001010100010000110100110000111001
000010010000001100001000101000000000000001010100010000110100110000111001
000010010000001100001000101000000000000000010100010000000011010000111001
000010010000001100001000101000000000000001010100010000110100110000111001
000010010000001100001000101000000000000001010100010000110100110000111001
