//
segsites: 72
positions: 0.004720000000000 0.005200000000000 0.024860000000000 0.058820000000000 0.060620000000000 0.064060000000000 0.085840000000000 0.100120000000000 0.114820000000000 0.140600000000000 0.164180000000000 0.166780000000000 0.172040000000000 0.175300000000000 0.181800000000000 0.181880000000000 0.181960000000000 0.189980000000000 0.193040000000000 0.196440000000000 0.196700000000000 0.197000000000000 0.245780000000000 0.275320000000000 0.288440000000000 0.312020000000000 0.321600000000000 0.321960000000000 0.327880000000000 0.337440000000000 0.386060000000000 0.391320000000000 0.393060000000000 0.425760000000000 0.432540000000000 0.470040000000000 0.486040000000000 0.493220000000000 0.493560000000000 0.500000000000000 0.536380000000000 0.549040000000000 0.569060000000000 0.576280000000000 0.592960000000000 0.611420000000000 0.627620000000000 0.628340000000000 0.643160000000000 0.653540000000000 0.679100000000000 0.687400000000000 0.701580000000000 0.721520000000000 0.729180000000000 0.753580000000000 0.772400000000000 0.779320000000000 0.787020000000000 0.820260000000000 0.823380000000000 0.825660000000000 0.861460000000000 0.875460000000000 0.914700000000000 0.935720000000000 0.940980000000000 0.941720000000000 0.944040000000000 0.952320000000000 0.959100000000000 0.999500000000000
000001010000110000000000000000000000110101001000100000010100100100010000
000010000100000000000100001010000111010001001010100000010100000000010000
000000000000001010000000110000101000010001001000000000010000000000010000
010001010000110000000000000000000000110101001000100000010100000000010000
000001010000110000000000000000000000110101001000101000010100000000010000
000010000100000000000000001010000111010001011010000001010000000000010000
000000000000001010000000110000101000010001001000000000010000000001000000
000001010000110000000000000000010000110101001000100000010100000000010000
000001010001000000111000010001001000010001100100000000000000000000010011
001000001000000100000011010100000101010001001010000000011001000000001000
000001010000110000000000000000000000110101001000100000010100010000010000
000001010000110000000000000000000000110101001000100000010100000000010000
000010000100000000000000001010000111010001001010000001010000000000000000
000001010000110000000000110000000000110001101001000110010100000000110000
000001010000110000000000000000000000110101001000100000010100000000010000
000001010000110000000000000000000000110101001000100000010100000000010000
000001010000110000000000000000000000110101001000100000010100010000010000
000100100011000000110000000000000000111001001010000001010000000000000000
000001010001000000111000010000001000010001100100000000000000000010010011
000001010000110000000000000000000000110101001000100000010100000000010000
000001010000110000000000000000000000110101001000100000010100000000010000
000001010001000000111000010000001000010001100100000000000000000000010011
000001010000110000000000000000000000110101001000100000010100000000010000
000001010000110000000000000000000000110011001000110000010100000000010000
000001010000110000000000000000000000110101001000100000010100010000010000
000001010000110000000000000000000000110101001000100000010100000000010000
000001010000110000000000000000000000110101001000100000010100000000010000
000001010000110000000000000000000000110101001000100000010100000000010000
000001010000110000000000000000000000110101001000100000010100000000010000
000001010000110000000000000000000000110101001000100000010100000000010000
000001010000110000000000000000000000110101001000100000010100000000000111
000001010000110000000000000000000000110101001000100000010100010000010000
000010000100000000000000001010000111010001001010000001010000001000010000
000001010000110000000000000000000000110001001000000000010000000000010000
000100100011000000110000000000000000110001001000100000010100000000000000
100001010000110000000000000000000000110101001000100000010100010000010000
000010000100000000000000001010000111010001001010000001010000000000010000
000001010000110000000000000000000000110101001000100000010100000000010000
000001010000110000000000000000000000110101001000100000010110000000010000
000010000100000001000000001010000111010001001010000000110100000000000000
