//
segsites: 61
positions: 0.011560000000000 0.011640000000000 0.015140000000000 0.015180000000000 0.065900000000000 0.074680000000000 0.098580000000000 0.114800000000000 0.124280000000000 0.133520000000000 0.179860000000000 0.212060000000000 0.212860000000000 0.231840000000000 0.244500000000000 0.265540000000000 0.275440000000000 0.305300000000000 0.364620000000000 0.389960000000000 0.394760000000000 0.407660000000000 0.426260000000000 0.440900000000000 0.443760000000000 0.463200000000000 0.471440000000000 0.482600000000000 0.485600000000000 0.493200000000000 0.500000000000000 0.502320000000000 0.505240000000000 0.515540000000000 0.519720000000000 0.520100000000000 0.521840000000000 0.550420000000000 0.553800000000000 0.578860000000000 0.582840000000000 0.643720000000000 0.648760000000000 0.667720000000000 0.698320000000000 0.708040000000000 0.710120000000000 0.713700000000000 0.713860000000000 0.726180000000000 0.788740000000000 0.798800000000000 0.817500000000000 0.830420000000000 0.860940000000000 0.888140000000000 0.907260000000000 0.912620000000000 0.926380000000000 0.931660000000000 0.979480000000000
0100101000000000000010010010001010000000000000001100011110000
0100101000000000000010010010001010000000000000001100011110000
0100101000000000000001000000000000000010000000001100011110000
0100101000000000000010010010001010000000000010001100011110000
1011000100000000000000000000010000000000000100001100011110000
0000000010000000000000110000000010000000100001001100011110000
0100111000000000000010010000000010000000000000001100011110000
0100101000010000000010010010001010000000000000001100011110000
0100101000000000000010010010001010000000000000001100011110000
0000000000000000000000000000000010000100010000110001000000000
0100111000000000000110010000000010000000100001001100011111000
0100101000000000000010010010001010000000000000001100011110000
0100101000000000000010010010001010000000000000001100011110000
0100101000000000000010010010001010000000000000001100011110000
0000000011000000000010010010001010000000000000001100011110000
0100101000000000000010000000001010000000000000001100011110000
0100111000000000000010000000010000000000000000001100011110000
0100101000000000000010010010001010000000000000001100010000001
0100101000000000000010010000000010000000100001001100011110000
0000000000000000001000000000010000000000000000001100011110000
0100101000000000000010010010001010000000000000001100011110000
1001000100000000000000000001000001010001001000100000000000000
0100101000000000000010010010001010000000000000001100011110000
0000000000000000000010010010001010000000000000001100011110000
0100101000000000000001000000000000000010000000001100011110000
0100101000000000000010010010001010000000000000001100011110000
0100101000000000000010010010001010000000000000001100011110100
0100101000000000000010010010001010000000000000001100011110000
0100101000000000000010010010001010000000000000001100010000000
0100101000000000000010000100000000000010000000001100000000000
0100101000000000000010010010001010000000000000001100011110000
0000000000000000100000000000110000100000000000001100011110000
0100101000000000000010010010001010000000000000001100011110000
0100101000000000000010010010001010000000000000001100011110000
0100101000000000000010010010001010000000000000001100011110000
0100111000000010000010010000000010000000000000001100011110000
1001000100101101010000001000000100001010000000000010100000010
0100111000000000000000100000010000000000000000001100011110000
0100101000000000000010010010001010000000000000001100011110000
0100101000000000000010010010001010000000000000001100011110000
