//
segsites: 93
positions: 0.005520000000000 0.042240000000000 0.056520000000000 0.068800000000000 0.077840000000000 0.099140000000000 0.109560000000000 0.172860000000000 0.174560000000000 0.178060000000000 0.222780000000000 0.229840000000000 0.232220000000000 0.236300000000000 0.244540000000000 0.254980000000000 0.277740000000000 0.284780000000000 0.294300000000000 0.301000000000000 0.314180000000000 0.331200000000000 0.332360000000000 0.333840000000000 0.357000000000000 0.370000000000000 0.377140000000000 0.380400000000000 0.389560000000000 0.395960000000000 0.401040000000000 0.434440000000000 0.437280000000000 0.465000000000000 0.469420000000000 0.500000000000000 0.518120000000000 0.521400000000000 0.522980000000000 0.540840000000000 0.544220000000000 0.545160000000000 0.550440000000000 0.559120000000000 0.560020000000000 0.568600000000000 0.576980000000000 0.578340000000000 0.596520000000000 0.600140000000000 0.604480000000000 0.611940000000000 0.614600000000000 0.615540000000000 0.619040000000000 0.641620000000000 0.647380000000000 0.647420000000000 0.648520000000000 0.652040000000000 0.654140000000000 0.670420000000000 0.677400000000000 0.677880000000000 0.678520000000000 0.698420000000000 0.702840000000000 0.710440000000000 0.740980000000000 0.746920000000000 0.748200000000000 0.753820000000000 0.757420000000000 0.775960000000000 0.788200000000000 0.791880000000000 0.807080000000000 0.807680000000000 0.808000000000000 0.839800000000000 0.857460000000000 0.878340000000000 0.883020000000000 0.887920000000000 0.891540000000000 0.897680000000000 0.900220000000000 0.903240000000000 0.938440000000000 0.948440000000000 0.970540000000000 0.989180000000000 0.992980000000000
000000001010101001000000000001000000001000100001000100000100000000000000001000000000010000110
000000000010101001000000000001000001100001010001000100000100000000000000001000000000010000110
000000000010101001000000000001000001100001010001000100000100000000000000001000000000010000110
000000000010101000000000000001110000000000001000001110010000010100000000000001100100000010001
000000000010101001000000000001000000001000000000000001100010000100000000100100100000001000001
000000000010101001000000000001000001000100000010100000001001000100010100000000101000100000000
000000000010101000000000000001000000001000000000000001000000000100000000100100100000001000001
000000000010101001000000000001000001100001010001000100000100000000000000001000000000010000110
100001000010000000000001000000001000100001010001000100000100000000000000001000000000010000110
000000000010101001010000000001000001100001010001000100000100000000000000001000000000010000110
000000000010101000000001000001000000001000000000000001000000000100000001100010010000001000001
100001000010000000000001000001000000001000000100000001000000000100000001100100100000000101001
000000000010101001000000000001000000001000000000000001000000000100000001100100100000001000000
000000000010101001000000000001000000100001010001000100000100000000000000000100100000000101000
100010100100010000100000000010010000001000000000000001000000000100000001100100100001000101001
000000000010101001000000000001000001100001010001100000001001001100010100001000000000010000110
000000000010101001000000000001000001100001010001000100000100000000000000001000000000010000110
000000000010101001000000000001000001100001010001000100000100000000000000001000000000010000110
000000010010101010000000000001000001100001010001000100000100000000000000001000000000010000110
010000000000010100000001000000000100000010000000010000000000000010100010010000000000000010001
000000010010101010000000000001000001100001010001000100000100000000000000001000000000010000110
000000000010101001000000000001000001100001010001000100000100000000000000001000000000010000110
100001000010000000000001000000001000100001010001000100000100000000000000001000000000010000110
000000000010101001000000000001000000001000000000000001000000000100000001100100100001000101001
000000000010101001000000000001000001100001010001000100000100000000000000001000000000010000110
000000000010101001000000001001010000000000000000001000000000000101001000000010010010000000100
000000000010101001001000000001000001100001010001000100000100000000000000001000000000001000001
001000000010101001000000001001010000000000000000001000000000000101001000000010010010000000100
000000000000010000000000000000001000000000000000001000000000000100000000000000100000010000000
100010100100010000100000000010010000000000001000001000000000000101000000000010010000000000100
000000000010101001000000000001000001100001010001000100000100000000000000001000000000010000110
000000000010101001000000000001000001100001010001000100000100000000000000001000000000010000110
000000000010101001000000000001000001100001010001000100000100000000000000001000000000010000110
000000000010101001000000000001000001100001010001000100000100000000000000001000000000010000110
000000000011101001000000000001000001100001010001000100000100000000000000001000000000010000110
000000000010101001000000000001000001100001010001000100000100000000000000001000000000010000110
100001000010000000000001000001000000001000000000000001000000000100000001100100100000001000001
000000000010101001000000000001000001100001010001000100000100000000000000001000000000010000110
000000000010101001000000000001000001100001010001000100000100000000000000001000000000010000110
100110100110000000000111110100000010010000000000000000000000100100000000000000100000000000000
