//
segsites: 93
positions: 0.014220000000000 0.055580000000000 0.072560000000000 0.075520000000000 0.088400000000000 0.092820000000000 0.104940000000000 0.105240000000000 0.118520000000000 0.132920000000000 0.151200000000000 0.151540000000000 0.158380000000000 0.160800000000000 0.196320000000000 0.198080000000000 0.198280000000000 0.201640000000000 0.214300000000000 0.233160000000000 0.233320000000000 0.233620000000000 0.237500000000000 0.258920000000000 0.269760000000000 0.270640000000000 0.277140000000000 0.280500000000000 0.284900000000000 0.296060000000000 0.301180000000000 0.324220000000000 0.339820000000000 0.346320000000000 0.367340000000000 0.371520000000000 0.401920000000000 0.416060000000000 0.416360000000000 0.428580000000000 0.436120000000000 0.445160000000000 0.462400000000000 0.471180000000000 0.473940000000000 0.474700000000000 0.475580000000000 0.493100000000000 0.499360000000000 0.500000000000000 0.502800000000000 0.524220000000000 0.536420000000000 0.540900000000000 0.543620000000000 0.551920000000000 0.557700000000000 0.567020000000000 0.581400000000000 0.610340000000000 0.621580000000000 0.635060000000000 0.653700000000000 0.657880000000000 0.663760000000000 0.664460000000000 0.688640000000000 0.707140000000000 0.726940000000000 0.727980000000000 0.738560000000000 0.758480000000000 0.783740000000000 0.791820000000000 0.794220000000000 0.799760000000000 0.806600000000000 0.808940000000000 0.814800000000000 0.815360000000000 0.815880000000000 0.831580000000000 0.838760000000000 0.860940000000000 0.872360000000000 0.878440000000000 0.917200000000000 0.928340000000000 0.937280000000000 0.968720000000000 0.969820000000000 0.985880000000000 0.988160000000000
000000001100000000000001011010010000000010000000001000011010100011000100000000010000100100000
000001010010001000000100100000101100000000000000001000011010100011000100000000010000100100000
010001010001011000100100000010010000100001000000001000111010000011000100000000011000000010000
000001010010001000000100100000101110010000000100010000000000011011001000000011000000000000000
000001010001011000000100000010010000000000000000001010010100000000010000001000000000010000000
000001010010001000000100100000101110010000000100010000000000001011001000000011000000000000000
100100001000000110000000000010010000000000010000100000000101000000000000100000000110000000011
000001010001011000000100000010010000000000000000001010010100000000010000001000000000010000000
000001010010001000000100100000101110010000000100010000000000100011000100000000010000100010000
000001010010101000000100100000101110010000000100010000000000001011001000000011000000000000000
000011010010001000000100100010010001010000000100000000000000000000100010000000010000100010000
010001010010001000000100100000101110000000000000001000011010100011000100010000010000100100001
000001010010001000000100100000101110010000000100010000000000001011001000000011000000000000000
010001010001011001101100000010010000100101000000001000111010000011000101000000011000000010000
000001110010001000000100100000101110000000000000001001011010000011000000000000000000000000000
000001010010001000000100100000101110010000000100010000000000001011001000000011000000000000000
100100001000000100000000001011010000000010000000001001011010000011000000000000000000001000000
000001010010001000000100100000101110010000000100010000000000001011001000000011000000000000000
000001010010001000000100100000101110010000000100010000000000001011001000000011000000000000000
000001010010001000000100100000101110010000000100010000000000001011001000000011000000000000000
000001010010001000000100100000101110010000000100010000000000001011001000000011000000000000000
000001010010001000000100100000101110010000000100010000000000001011001000000011000000000000000
000000001100000000000000001110010000010000000100000000000000000100000000000000011000000010000
100100001000000100000000000010010000000000010000100000000101000000000000100000000110000000011
000000001100000000000010000010010000011000000110000100000000000000000000000000100001000000101
100100001000000100000000000010010000000000010000100000000101000000000000100000000110000000011
000000000000001000010100000000100100000001100001001000111010000000010000001000000000010000000
010001010001011000100100000010010000100000000000001000011010100011000100000000010000100100001
001001010010001000000100100000101110010000000000001000011010100011000100000000010000100100000
000001010010001000000100100000101110010000000100010000000000001011001000000011000000000001000
000001010010001000000100100000101110010000000100010000000000001011001000000011000000000000000
000001010010001000000100100000101110010000000100010000000000001011001000000011000000000000000
000001010010001000000100100000101110000000010000100000000010000011000000000000000000000000000
000001010010001000000100100000101110010000000100010000000000001011001000000111000000000000000
000001010010001000000100100000101110010000000100010000000000001011001000000011000000000000000
000001010010001000000100100000101110010000000100010000000000001011001000000011000000000000000
000001010010001000000100100000101110010000001100010000000000001011001000000011000000000000000
000001010010001000000100100000101110010000000100010000000000001011001000000011000000000000000
000001010010001000000100100000101110010000000100010000000000001011001000000011000000000000000
000001010010001000000100100000101110010000000100010000000000001011001000000011000000000000000
