//
segsites: 79
positions: 0.009600000000000 0.021020000000000 0.037280000000000 0.048360000000000 0.103940000000000 0.107360000000000 0.137900000000000 0.163140000000000 0.167140000000000 0.172000000000000 0.178760000000000 0.180740000000000 0.195920000000000 0.211140000000000 0.213060000000000 0.223020000000000 0.255800000000000 0.270520000000000 0.294120000000000 0.301060000000000 0.310280000000000 0.330480000000000 0.350160000000000 0.351260000000000 0.358880000000000 0.363540000000000 0.368720000000000 0.370600000000000 0.372200000000000 0.381520000000000 0.396120000000000 0.408720000000000 0.412780000000000 0.415160000000000 0.428260000000000 0.430820000000000 0.456840000000000 0.463340000000000 0.469620000000000 0.470040000000000 0.471100000000000 0.484540000000000 0.485360000000000 0.500000000000000 0.531240000000000 0.536600000000000 0.539080000000000 0.545360000000000 0.546600000000000 0.555360000000000 0.558880000000000 0.560760000000000 0.578760000000000 0.589860000000000 0.598340000000000 0.599140000000000 0.605200000000000 0.631320000000000 0.643380000000000 0.657420000000000 0.667340000000000 0.673260000000000 0.693920000000000 0.694400000000000 0.696480000000000 0.718420000000000 0.720800000000000 0.722100000000000 0.740420000000000 0.747900000000000 0.805420000000000 0.810640000000000 0.857160000000000 0.866780000000000 0.886860000000000 0.901140000000000 0.932840000000000 0.946740000000000 0.975560000000000
1000001000001010000001000010000000000000000110001011100001111000000000000010111
1000001000001010000001000010000000000000000110001011100001111000000000000010111
0111000000001101001010000000110000001000110001000100010000000101001100010000000
1000001000001010000001000010000000000000000110001011100001111000000000000010111
0111000000001101001010000000110000001000100001000100010000000101001100010000000
1000001000001010000001000010000000000000000010001011100101101000000000000011111
1000001000001010000001000010000000000000000110001011100001111000000000000010111
0000000100010000000000110001000000000000000000100000011000000101000010100000000
1000001000001010000001000010000000000000000110001011100001111000000000000010111
0111000000001000000010000000100000001001100001000100010000000101000000000010111
1000001000001010000001000010000000000000000110001011100001101000000000000011111
1000001000001010000001000010000000000000000010001011100001101000100000000011111
0111000000001000000100000000001101110100000000100000010000000101000000101000000
1001100000100000000100000000001101110100000000100000010010000111000000100000000
1000001000001010000001000010000000000000000110001011100001111000000000000010111
1000001000001010000001000010000000000000000110001011100001111000000000000010111
1000001000001010000001000010000000000000000110001011100001111000000000000010111
1000001000001010000001000010000000000000000110001011100001111000000000000010111
1000001000001010000001000010000000000000000010001011100001101000000000000011111
1000001000001010000001000010000000000000000110001011100001111000000000000010111
1000001000001010000001000010000000000000000110001011100001111000000000000010111
0000000100010000000000111101000000000000000010000011100001101000000000000010111
1000001000001010000001000010000000000000000110001011100001111000000000000010000
1000001000001010000001000010000000000000000110001011100001111000000000000010111
1000001000001010000001000010000000000000000110001011100001111000000000000010111
0111000000001101001010000000100000001000100001000100010000000101001100010000000
0000000010000000000010000000100010000000000110001011100001111000000000000010111
1000001000001010000001000010000000000000000110001011100001111000000000000010111
1000001000001010000001000010000000000000000110001011100001111000000000000010111
1000001000001010000001000010000000000000000110001011100001111000000000000010111
1000001000001010000001000010000000000000000010011011100001101000000000000011111
0111000000001000000100000000001101110100000010001011100001101000000000000011111
1000001000001010000001000010000000000000000110001011100001111000000000000010111
0000010100010000000000110001000000000000100001000100010000000101010000100000000
0001100000100000110100000000001101110100000000100000010010000111000000100000000
1000001000001010000001000010000000000000000110001011100001111000000000000010111
0111000001001000000100000000001101111010001010001011100001101000000000100100000
1000001000001010000001000010000000000000000110001011100001111000000000000010111
1000001000001010000001000010000000000000000110001011100001111000000000000010111
0000000100010000000000111101000000000000000000100000010000000101000001100000000
