//
segsites: 56
positions: 0.024080000000000 0.056580000000000 0.058120000000000 0.077000000000000 0.081320000000000 0.133520000000000 0.137080000000000 0.191200000000000 0.202140000000000 0.203560000000000 0.205500000000000 0.206940000000000 0.251160000000000 0.259580000000000 0.272780000000000 0.282180000000000 0.286860000000000 0.294660000000000 0.309360000000000 0.326560000000000 0.351380000000000 0.371160000000000 0.393260000000000 0.402520000000000 0.407300000000000 0.413760000000000 0.451700000000000 0.457040000000000 0.463840000000000 0.470240000000000 0.470520000000000 0.478560000000000 0.484060000000000 0.491740000000000 0.499980000000000 0.500000000000000 0.515220000000000 0.517000000000000 0.538100000000000 0.586360000000000 0.591760000000000 0.594520000000000 0.603180000000000 0.661680000000000 0.662820000000000 0.690180000000000 0.721000000000000 0.775180000000000 0.797220000000000 0.829060000000000 0.857720000000000 0.924120000000000 0.927200000000000 0.990260000000000 0.992240000000000 0.993260000000000
00000100010000000001000001001100000010100010000000011011
00000100000000000000100000000000000000010000000001011011
00000100000000000000100000000000000000010000000000011011
00100000100000000001000100000010001101100000000000100100
00100000100000000001000100000010001101100000000000100100
00100100010000000001000000001000000010100010000000011100
00100000100000000001000100000010001101100000000000100100
00100000100000000001000100000010001101100000000000100100
00000000000001000000000000000001100000000001000000011011
00000000000101000100000000000000000000010000000000011011
00100000101000000001000100000010001101100000000000100100
00100000100000000001000100000010001101100000000000100100
01100000100000000001000100000010001101100000000000100100
00000000100000000001000100000000000000010000000000011011
00100000100000000001000100000010001101100000000010100100
10100000100000000001000100000010001101100000000000100100
00000100000000000000100000000000000000010000000000011011
00100000100000000001000100000010001101100000000000100100
00100001100000000001000100000010001101100000000000100100
00000100010000000001000000001000000010100010000000011011
00100000100000000001000100000010001101100000000000100100
00100000100000000001000100000010001101100000000000100100
00101010000000000001000100000010001101100000000000100100
00000000000101000100000000000000000000010000000000011011
00100000100000000001000100000010001101100000000000100100
00100000100000000001000100000010001101100000000000100100
00000000100000000001000100000000000000010000000000011011
00010010000000111001001110100000010000110000010000000000
00100000110000000001000000011000000010100010000000011011
00100000100000000001000100000010001101100000000000100000
00000100000011000001010100000000000000110000000000011011
00000000100000000001000100000000000000110000000001011011
00000100010000000001000000001000000010100010000000011011
00100000100000000001000100000010001101100000000000100100
00000100000011000001010100000000000000110000000000011011
00000100000000000010100000000000010000110000111000000000
00100000100000000001000100000000000000111000000000011011
00000100000001000000000000000000100000000101000100000100
00100000100000000001000100000010001101100000000000100100
00100000100000000001000100000010001101100000000000100100
