//
segsites: 77
positions: 0.008780000000000 0.011240000000000 0.017880000000000 0.017980000000000 0.020460000000000 0.031380000000000 0.040600000000000 0.047340000000000 0.058280000000000 0.061240000000000 0.079940000000000 0.093100000000000 0.099840000000000 0.101120000000000 0.102860000000000 0.110100000000000 0.126400000000000 0.135920000000000 0.187340000000000 0.200740000000000 0.232040000000000 0.232100000000000 0.238820000000000 0.245680000000000 0.250640000000000 0.254680000000000 0.257060000000000 0.276700000000000 0.286280000000000 0.287260000000000 0.307420000000000 0.326640000000000 0.345440000000000 0.358060000000000 0.360240000000000 0.392860000000000 0.410460000000000 0.428960000000000 0.431380000000000 0.434060000000000 0.440540000000000 0.444580000000000 0.456100000000000 0.458380000000000 0.460760000000000 0.488960000000000 0.500000000000000 0.509140000000000 0.559140000000000 0.604900000000000 0.609260000000000 0.620600000000000 0.632420000000000 0.635480000000000 0.654680000000000 0.662100000000000 0.668220000000000 0.677740000000000 0.707140000000000 0.713540000000000 0.777960000000000 0.780240000000000 0.782260000000000 0.802060000000000 0.803000000000000 0.822600000000000 0.825020000000000 0.831740000000000 0.855380000000000 0.859060000000000 0.868240000000000 0.869480000000000 0.913680000000000 0.926320000000000 0.937340000000000 0.949240000000000 0.981860000000000
00000100000100001110010000001000000101001001000000000000001000011000000000000
00110000001000001001100000000000000000000010000100000000001000011000000000000
00000000000100001110010000001000000100001000000010000000001000000000000001010
10000011100000000000000011000011111100000100001000010000100011000001000000101
00000100000100001110010000001000000100001000000000000000100011000001000000101
00001000000110001110011000001000000100111000000000100101000011000001100000101
10000011100000000000000011000011111100000100001000010000100011000001000000101
10000011100000000000000011000011111100000100001000010000100011000001000000101
10000011100000000000000011000011111100000100001000010000100011000001000000101
00000100000100001110010000001000000100000100001000010000100011000001000000101
10000011100000000000000011000011111100000100001000010000100011000001000000101
00000100000000000000000011000011011100000100000000010000100011000001010000101
10000011100000000000000011000011111100000100001000010000100011000001000000101
10000011100000000000000011000011111100000100001000010000100011000001000000101
10000011100000000000000011100011111100000100001000010000100011000001000000101
10000011110000000000000011000011111100000100001000010000100011000001000000101
10000011100000000000000011000011111100000100001000010000100011000001000000101
10000011100000000000000011000011111100000100001000010000100011000001000000101
10000011100000000000000011000011111100000100001000010010100011000001000000101
10000011100000000000000011000011111100000100001000010000100011000001000000101
10000011100000000000000011000011111100000100001000010000100011000001000000101
01000100000100001110010000001000000100001000000001100101010011000101000110000
00000100000100001110010000001000000100001000000000000000100011000001000000101
10000011100000000000000011000011111100000100001000010000100011000001000000101
10000011100000000000000011000011111100000100001000010000100011000001000000101
10000011100000000000000011000011111100000100011000010000100011000011000000101
10000011100000000000000011000011111100000100001000010000100011000001000000101
10000011100000000000000011000111111100000100001000010000100011000001001000101
10000011100000000000000011000011111100000100101000010000100011000001000000101
10000011100000000000000011000011111100000100001000010000100011000001000000101
00000000000000110000010000001000000100001000000000101001010000100000000000000
00000100000100001110010000001000000100001000000000000000100111000001000000010
00000000000100001110010000001000000100001000000010000000001000000000000001010
00000000000100001110010000001000000100001000000010000000001000000000000001010
00000100000100001110010000001000000100001000000000000000100011000000000000000
00000000000001110000000100010010000110011000000000100101011000000000000001010
10000011100000000000000011000011111100000100001000010000100011000001000000101
10000011100000000000000011000011111100000100001000010000100011000001000000101
00000000000100001110010000001000000100001000000010000000001000000000000001010
00000100000100001110010000001000000100001000000000000000100011000001000000101
