//
segsites: 105
positions: 0.002620000000000 0.016220000000000 0.029140000000000 0.029480000000000 0.038600000000000 0.043380000000000 0.064360000000000 0.085560000000000 0.111160000000000 0.116840000000000 0.140420000000000 0.166220000000000 0.190520000000000 0.209020000000000 0.226460000000000 0.238100000000000 0.257180000000000 0.257300000000000 0.264540000000000 0.265680000000000 0.268160000000000 0.284860000000000 0.289580000000000 0.301620000000000 0.305580000000000 0.309920000000000 0.319060000000000 0.335360000000000 0.336380000000000 0.337380000000000 0.355920000000000 0.363740000000000 0.365220000000000 0.366060000000000 0.366280000000000 0.372220000000000 0.378940000000000 0.389460000000000 0.418880000000000 0.442620000000000 0.444200000000000 0.464640000000000 0.467820000000000 0.487300000000000 0.493640000000000 0.500000000000000 0.504260000000000 0.505200000000000 0.510280000000000 0.515360000000000 0.516760000000000 0.519840000000000 0.520080000000000 0.530760000000000 0.534340000000000 0.553600000000000 0.558080000000000 0.572100000000000 0.581560000000000 0.595900000000000 0.611620000000000 0.611980000000000 0.612480000000000 0.615600000000000 0.616700000000000 0.620300000000000 0.626760000000000 0.651080000000000 0.672780000000000 0.683220000000000 0.684280000000000 0.695040000000000 0.702720000000000 0.703020000000000 0.703600000000000 0.715700000000000 0.730640000000000 0.734360000000000 0.739020000000000 0.747980000000000 0.760960000000000 0.763440000000000 0.782620000000000 0.790140000000000 0.808960000000000 0.811680000000000 0.815560000000000 0.815840000000000 0.816080000000000 0.836200000000000 0.838160000000000 0.860760000000000 0.873360000000000 0.873700000000000 0.934900000000000 0.936700000000000 0.954040000000000 0.955580000000000 0.973280000000000 0.980160000000000 0.982100000000000 0.983900000000000 0.986840000000000 0.986860000000000 0.992400000000000
000010000000010000001010011000000000000000001010100000100001001000100000001000000000100010000001010010000
000001000001000010010000000110100100000000000100000100000000000100001000010001000110001100000010000001000
000000000000000000000000111000000000000100000000010001000000010000001000100110010000000001000000001100001
000010000010010010000000000010100100000000000000000000000000000100000010000000000000000010000110000001010
000001000001000010010000000110100100000000000100000100000000000100000010000000101000000010000000100000000
000001000001000010010000000110100100000000000100000100000000000100000010000000101000000010000000100000000
000001000001000010010000000110100100000000000100000100000000000100000010000000101000000010000000100000000
100100000000100010010000000110100100000000000100000100000000100100000010000000101000000010000000100000000
000000010000000001000001000000010000000001000000001000000010000000100000000000000000100010000001000010000
000001000001000010010000000110100100000000000100000100000000000100000010000000101000000010000000100000000
000001000001000010010000000110100100000000000100000100000000000100000010000000101000000010000000100000000
000010100000010000000100000000000000000010000000010001000000010000001000010001000110001100000010000001000
000001000001000010010000000110100100000000000100000100000000000100000010000000101000000010000000100000000
000001000001000010010000000110100100000000000100000100000000000100000010000000101000000010000000100000000
000001000001000010010000000110100100000000000100000100000000000100000010000000101000000010000000100000000
000010000000010000010000000110100100000000000000000000000000000100000010000000101000000010000000100000000
100100000000100000000000000001000000000000000000000010000100010000000010000000101000000010000000100000000
000001000001000010010000000110100100000000000100000100000000000100000010000000101000000010010000100000000
000001000001000010010000000110100100000000000100000100000000000100000010000000101000000010000000100000000
000001000001000010010000000110100100000000000100000100000000000100000010000000101000000010000000100000000
000001000001000010010000000110100100000000000100000100000000000100000010000000101000000010000000100000000
000001000001000010010000000110100100000000000100000100000000000100000010000000101000000010000000100000000
000001000001000010010000000110100100000000000100000100000000000100000010000000101000000010000000100000000
000000010000000000000100000000000000000010000000010001000000010001001000010001000110001100000010000001000
000001000001000010010000000110101100000000000100000100000000000100000010000000101000000010000000100000000
000001000001000010010000000110100100000000000100000100000000000100000010000000101000010010000000100000000
000001000001000010010000000000000011000000000001000000000000010000010000000000000001100010000001010010100
000001000001000010010000000110100100000000000100000100000000000100000010000000101000000010000000100000000
000001000001000010010000000110100100000000000100000100000000000100000010000000101000000010000000100000000
011000000000000100000000011000000000000000000000000010000100010000000100000000000000000010001000000000000
000001000001000010010000000110100100000000000100000100000000000100000010000000101000000010000000100000000
000000011000000000000100000000000000000010000000010001000000010001001000010001000110001100000010000001000
000001000001000010010000000110100100000000100100000100000000000100000010000000101000000010000000000010000
000001000001000010010000000110100100000000000100000100000000000100000010000000101000000010000000100000000
100100000000001000100000000001000000000000010000000010000100010000000100000000000000000010001000000000000
000001000000000100000000011000000000000000000000000010000100010000000100000000000000000010001000000000000
000001000000000010000000000010100100101000000000000000010000000100000011000000101000000010000000100000000
000001000100000000000001000000010000010001000000001000001010000010100000000000000000100010100001000010000
000001000001000010010000000110100100000000000100000100000000000100000010000000101000000010000000100000000
000001000001000010010000000110100100000000000100000100000000000100000010000000101000000010000000100000000
