//
segsites: 78
positions: 0.008780000000000 0.016560000000000 0.033220000000000 0.035720000000000 0.039260000000000 0.043660000000000 0.044940000000000 0.051220000000000 0.056220000000000 0.068360000000000 0.101240000000000 0.101500000000000 0.116860000000000 0.126480000000000 0.143000000000000 0.165680000000000 0.204180000000000 0.206500000000000 0.219300000000000 0.247320000000000 0.288220000000000 0.333480000000000 0.333580000000000 0.341140000000000 0.364840000000000 0.372900000000000 0.380840000000000 0.416360000000000 0.419540000000000 0.432580000000000 0.446740000000000 0.465660000000000 0.481000000000000 0.490660000000000 0.492600000000000 0.495080000000000 0.497480000000000 0.500000000000000 0.501640000000000 0.508700000000000 0.522060000000000 0.557740000000000 0.558380000000000 0.561060000000000 0.579700000000000 0.584160000000000 0.597680000000000 0.620120000000000 0.634900000000000 0.640940000000000 0.663500000000000 0.675920000000000 0.704540000000000 0.719380000000000 0.729620000000000 0.769260000000000 0.794000000000000 0.800740000000000 0.820160000000000 0.821620000000000 0.830060000000000 0.846400000000000 0.880080000000000 0.891000000000000 0.908340000000000 0.909580000000000 0.926280000000000 0.927480000000000 0.934340000000000 0.934720000000000 0.936240000000000 0.944960000000000 0.948620000000000 0.974320000000000 0.986980000000000 0.993940000000000 0.996040000000000 0.999420000000000
010010000000000110100100000000000000010100100000000001000000010000010000001000
010010000000000110100000000000000000010100100000000001000000010000010000001000
010010000000000110100000000000000000010100100000000001000100010000000000000000
000011000000001010001000000000000010000010001001000010000010010000100001010001
010010000000100010100000000011000000000100100000000001001000010100010000001000
010010000000000110100000000000000000010100100000000001000010010000100000010001
010010000010000010100000000000001101000001100000100000000010010000000000000000
010010000000000110100000000000000000010100100000100000000010010000010000001100
010010000000000010100000000000000000000100100000000000000001010000000010000000
010010000000000010010000000000000010000010000001010000000010010000100000010001
010010000000000110100000000000000000010100100000000001000000010000010000001000
010010000000001010001000001000000010000010001001000010000010010001100001010001
000011000000001010001000000100000000000000010100000000000001010000000010000000
010010000000000110100000000000000000010100100000000001000100010000000000000000
010010000000000110100000000000000000010100100000000001000000010000010000001000
010010000000000110100000000000000000010100100000000001000000010000010000001000
010010000000000110100000000000000000010100100000000001000000010000010000001000
010010000000000110100000000000000000010100100000000001000000010000010000001000
010010000000000110100010000000000000010100100000000001000000010000010000001000
010010000000000110100000000000000000010100100000000001000000010000010000001000
100100000100000010001000100100000000000000010100000000000001010000000010000000
010010000000000110100000000000000000010100100000000001000000010000010000001000
100100000100000010001000100100000000000000010100000000000001010000000010000000
000011000000001010001001000000000010000010001001001010000010010000100001010001
010010000000000110100000000000000000010100100000010000000010010000100000010001
010010000000000110100000000000000000010100100000000001000000010000010000001000
010010100000000110100000000000000000010100100000010000000010010000100000010001
010010000000000110100000000000011101000001100000100100000010010010000000000010
010010000000000010100000000000000000000100100000000000000001010000000010000000
011010000000000110100000000000000000010100100000000001000000010000010000001000
010010000000010110100000000000000000010100100000000001000000110000010000001000
010010000000000110100000000000000000010100100000000001000000010000010000001000
010010000010000010100000000000001101000001100000100000000010010000000000000000
000011000000001010001000000100000000000000010100000000000001010000000010000000
010010000000000110100000000000000000010100100000000001000000010000010000001000
010010000001000110100000000000000000010100100000000001010000001000001100100000
010010000000000110100000000000000000010100100000000001000000010000010000001000
010010000000000110100000000000000000010100100000000001000000010000010000001000
000010011000000010000000010000100000001100100010000001100000010000010000001000
010010000000000011100000000000001101100001100000100000000010010000000000000000
