//
segsites: 75
positions: 0.020740000000000 0.026620000000000 0.039400000000000 0.040340000000000 0.075860000000000 0.120140000000000 0.188080000000000 0.219000000000000 0.252360000000000 0.260360000000000 0.264580000000000 0.276360000000000 0.305260000000000 0.318460000000000 0.331400000000000 0.348520000000000 0.369040000000000 0.370140000000000 0.378840000000000 0.445360000000000 0.453560000000000 0.458680000000000 0.468340000000000 0.468460000000000 0.481240000000000 0.483460000000000 0.484360000000000 0.500000000000000 0.516380000000000 0.517780000000000 0.542060000000000 0.555800000000000 0.556160000000000 0.561380000000000 0.574260000000000 0.595800000000000 0.598040000000000 0.602000000000000 0.618260000000000 0.619000000000000 0.623860000000000 0.625280000000000 0.631140000000000 0.634460000000000 0.640540000000000 0.643180000000000 0.653520000000000 0.666320000000000 0.666500000000000 0.671780000000000 0.686980000000000 0.718760000000000 0.721660000000000 0.731500000000000 0.748680000000000 0.762460000000000 0.775180000000000 0.798940000000000 0.837200000000000 0.847840000000000 0.858060000000000 0.881700000000000 0.883600000000000 0.889600000000000 0.893060000000000 0.904340000000000 0.906380000000000 0.956700000000000 0.961480000000000 0.963620000000000 0.970260000000000 0.970300000000000 0.973420000000000 0.973880000000000 0.977560000000000
000101000000101000000001000000000000100011001100000101000110100010110000000
000101100010100000000000000100001000000000000000000000000000100000000010100
000000100010100000000000000100001000000000000000000000000000110000000010100
000101100010100000000000000100001000000000000000000000000000100000000010100
001101000000000000000100010000000000010000000001000000001010100100001011010
000000100010100000000000000100001000000000000000000000000000100000000010100
000101100010100000000000000001001000000000000000000000001010100000010000000
000101100010100000000000000100001000000000000000000000000000100000000010100
010101000000000100100000010000000000000000000000000000001010100100010000000
000101100010100000000000000100001000000000000000000000000000100000000010100
000101100010100000000000000100001000000000000000000000000000100000000010100
010101000000000001000000110000000100010000000000010010010001000001000000001
000101100010100000000000000000001000000100000000000000001010100000000010100
000101100010100000000000000100001000000000000000000000000000100000000010100
000111100010100000000000000000001000000000000000000000000000100000000010100
000101100010100000000000000100001000000000000000000000000000100000000010100
000101100010100000000000000100001000000000000000000000000000100000000010100
000101100010100000000000000100001000000000000000000000000000100000000010100
010101000000000000000000010000000000000000000000000000001010100100010000000
010101000000000100000000010000000000000000000000000000001010100100010000000
000101100010100000000000000100001000000000000000000000000000100000000010100
010101000000000000000000010000000000000000010000000000001010100100010000000
010101000000000000000000010000000000000000000000000000001010100100010000000
000101100010100000000000000100001000000000000000000000000000100000000010100
000101100010110000000000000000001000000000000000000000001010100000010000000
000000100110100000000000001000110011000001000000001100000000100000000010100
000101100010100000000000000000000000100011001110000101000110100000010000000
000101100010100000000000000100001000000000000000000000000000100000000010100
001101000000000000000100010000000000010000000001000000000000100000010100000
001101000000000010010000010000000000001001100000100100000010101000001011010
100001001000000000001010010000000000010000000000010010110001000001000000001
000101100010100000000000000000001000000000000000000000001010100000010000000
000000010001000000000000001000100010000001000000001100000000100000000010100
000101100010100000000000000001001000000000000000000000001010100000010000000
010101000000000000000000010000000000000000000000000000000000100000000010100
000101100010100000000000000100001000000000000000000000000000100000000010100
000101100010100000000000000000001000000000000000000000000000100000000010100
000101100010100000000000000100001000000000000000000000000000100000000010100
000101100010100000000000000100001000000000000000000000000000100000000010100
000101000000000000000000010010000000010000000000010010010001000001000000001
