//
segsites: 86
positions: 0.007760000000000 0.009020000000000 0.012640000000000 0.015620000000000 0.017580000000000 0.028800000000000 0.031300000000000 0.032640000000000 0.041660000000000 0.043700000000000 0.047020000000000 0.051760000000000 0.056180000000000 0.077620000000000 0.108020000000000 0.115080000000000 0.126860000000000 0.137060000000000 0.138680000000000 0.139480000000000 0.145900000000000 0.171180000000000 0.194960000000000 0.197120000000000 0.203880000000000 0.205980000000000 0.207360000000000 0.236000000000000 0.246740000000000 0.259600000000000 0.277740000000000 0.280380000000000 0.281060000000000 0.297560000000000 0.302680000000000 0.322020000000000 0.356860000000000 0.358400000000000 0.359700000000000 0.371480000000000 0.384720000000000 0.389720000000000 0.401720000000000 0.410040000000000 0.416860000000000 0.419640000000000 0.431580000000000 0.451280000000000 0.463680000000000 0.479180000000000 0.498420000000000 0.500000000000000 0.509700000000000 0.536080000000000 0.538460000000000 0.558780000000000 0.563080000000000 0.567940000000000 0.593660000000000 0.599600000000000 0.599840000000000 0.662620000000000 0.696300000000000 0.704040000000000 0.717880000000000 0.738140000000000 0.740600000000000 0.756560000000000 0.758460000000000 0.766460000000000 0.778340000000000 0.787280000000000 0.812360000000000 0.822880000000000 0.847260000000000 0.864260000000000 0.874340000000000 0.881640000000000 0.893580000000000 0.930580000000000 0.944500000000000 0.952400000000000 0.986940000000000 0.990340000000000 0.992260000000000 0.997220000000000
00000000000010100000000000000000010000100101000000001000001001000100000100011000000001
01000011000000010000010000010011000100000000000000110000100010000000000100001000001000
00010000000010000000010000000010000001001000000000000000010000001000010000011000000001
01000011000000010000010000010011001100000000000000110000100010000000000100001000001000
01000011000000010000010000010011000000000000000000100100100000000000000100000011010010
00000000101000000000000000010011000100000000000000110000100010000000000100001000001000
00010000000010000000010000000010000001001000000000000000010000001000010000011000000001
00001000000110000101100000001000100010110000000010100000100000000000000100011000000001
01000011000000010000010000010011000100000000000000110000100010000000000100001000001000
01000011010000010000010000010011000100000000000000110000100010000000000110001000001000
00001000000110000101100000001000100010110000000010100000100000000000000100011000000001
01000011000000010000010000010011000100000000000000110000100010000000000100001000001000
01000011000000010000010000010011000110110000000000110000100010001000010000011000000001
00000000000010100000000000000000010000100100000000001000001001000000000100011000000001
00000000000010100000000100000000010000100100000000001001001001000000000100011000000101
01000011000000010000010000010011000100000000000000110000100010000000000100001000001000
01000011000000010000010000010011000100000000000000110000100010000000000100001000001000
00000000000010010000010000010011000100000000100000110000100010000000000100001000001000
01000011000000010000010000010011000100000000000000110000100010000000000100011000000001
01000011000000010000010000010011000100000000000000110000100010000000001100001000001000
01000011000000010000010000010011000100000000000000110000100010000000000100001000001000
00000000000010100000000100000000010000100100000000001000001001000000000100011000000001
00001000000110000101100000001000100010110000000010100000100000000000000100011000000001
00001000000110000101100000001000100010110000000010100000100000000000000100011000000001
01000011000000010000010000010011000100000000000000110000100010000000000100001000001000
10000100001001000000001000100000100000000000000000100000100100000000000100001000000000
01000011000000010000010000010011000100000000000000110000100010000000000100001000001000
01000011000000010000010000010011000100000000000000110010100010000000000100001000001000
01000011000000010000010000001000010000100100010000001000001001000000000100011000000001
00001000000110000101100000001000100010110000000010100000100000000000100100011000000001
10000100001001000000001000000000100000000000000000100100100000000000000100000011010010
01000011000000010000010000010011000100000000000000110000100010000000000100001000000001
01000011000000010000010000010011000100000000000000110000100010000000000100001000001000
01000011000000011000000110000010000001001000000100000000010000001000010000011000100001
01000011000000010000010000010011000100000000000000110000100010000000000100001000001000
01000011000000010000010000010011000100000000000000110000100010000000000100001000001000
00100000000010000010010000000100100000000010001001001000000000110010000001001100000000
00000000000010100000000110000000010000100100000000001000001001000000000100011000000001
01000011000000010000010000010011000100000000000000110000100010000000000100001000000001
00001000000110000101100001001000100010110000000000100000100000000001000100101000000001
