//
segsites: 75
positions: 0.038200000000000 0.041800000000000 0.059600000000000 0.060880000000000 0.069760000000000 0.070060000000000 0.113140000000000 0.115080000000000 0.117760000000000 0.130140000000000 0.135460000000000 0.137240000000000 0.175000000000000 0.175080000000000 0.197260000000000 0.201560000000000 0.202400000000000 0.206860000000000 0.213560000000000 0.215380000000000 0.221260000000000 0.228980000000000 0.229140000000000 0.242140000000000 0.245080000000000 0.245940000000000 0.246520000000000 0.254700000000000 0.267300000000000 0.281060000000000 0.281760000000000 0.294440000000000 0.330460000000000 0.342660000000000 0.365440000000000 0.380840000000000 0.396940000000000 0.407920000000000 0.444180000000000 0.450740000000000 0.451080000000000 0.451280000000000 0.482120000000000 0.487160000000000 0.500000000000000 0.506300000000000 0.533340000000000 0.536600000000000 0.571760000000000 0.597040000000000 0.600960000000000 0.638840000000000 0.639540000000000 0.666740000000000 0.680740000000000 0.691580000000000 0.726780000000000 0.738720000000000 0.761440000000000 0.789560000000000 0.816860000000000 0.819540000000000 0.830300000000000 0.847980000000000 0.869020000000000 0.874120000000000 0.876700000000000 0.880020000000000 0.904160000000000 0.910640000000000 0.912320000000000 0.914900000000000 0.950340000000000 0.977460000000000 0.998140000000000
001001100100000000000000000010100001100010010000100101100010000001001000100
000000100010000000001111010110001001000100000000000100000001110010001000100
000000100000010000000000001010000010011001001000011000000100000000000000000
100111100011000000001111010010000010011001000000011000000000000000000011000
001001100000000000000000000010000001100010010000100101100010000001001000100
000000100000010000000000001010000010011001000000011000000100000000000000000
000000100000010000000000001010000010011001001000011000000100000000000000000
000000100000010000000000001010000010011001001000011000000100000000000000000
000000100000010000000000001010000010011001001000011000000100000000000000000
000000100000010000000000001010000010011001001000011000000100000000000000000
001001010010100000110000000000000101000100000000011000000100000000000000001
011001010010100000110000000000000101000100000010011000000000000000000000000
001001010010100000110000000000000101000100000010000100101000000100000100000
001001010010100000110000000000000101000100000010000100101000000100000100000
100111100010000000001111010010000010011001000000011010000000000000000000000
000000100000010000000000001010000010011001001000011000000100000000000000000
000000100010000000001111010110000001000100000000000100000001110010001000100
000000100000000000000000000001010001000100000100000100110000001000101000100
001001010010100000110000000000000101000100000010000100101000000100000100000
100111100010000000001111010010000010011001000000011000000000000000000000000
000000100010001000001111010110000001000100000001100000000000000000000000000
000000100000010000000000001010000010011001001000011000000100000000000000000
001001010010100100110000000000000101000100000010000100101000000100000100000
000000100000010000000000001010000010011001001000011000000100000000000000000
001001010010100000110000000000000101000100000010011000000000000000000100000
100111100010000000001111010010000010011001000000011000000000000000000011000
000000100000010000000000001010000010011001001000011000000100000000000000000
000000100000010000000000001010000010011001001000011000000100000000000000000
000000100000010000000000101010000010011001001000011000000100000000000000000
001001100000000001000000000010000001100010010000100101000000000000010000000
000000100000010000000000001010000010011001001000011000000100000000000000000
000000100000010000000000001010000010011001001000011000000100000000000000000
000000100000010000000000001010000010011001001000011000000100000000000000000
000000100000010000000000001010000010011001001000011000000100000000000000000
000000100000010000000000001010000010011001001000011000000100000000000000000
000000101000000000000000000010000001100010010000100100101000000100000100010
000000100000010000000000001010000010011001001000011000000100000000000000000
000000100000010010000000001010000010011001001000011000000100000000000000000
000000100000010000000000001010000010011001101000011000000100000000000000000
100111100010000000001111010010000010011001000000011000000100000000000000000
