//
segsites: 64
positions: 0.010620000000000 0.031540000000000 0.051740000000000 0.066360000000000 0.086640000000000 0.154740000000000 0.154920000000000 0.156440000000000 0.177420000000000 0.187340000000000 0.189240000000000 0.191800000000000 0.194860000000000 0.196360000000000 0.205460000000000 0.221760000000000 0.234440000000000 0.238440000000000 0.257780000000000 0.260640000000000 0.282760000000000 0.338980000000000 0.368720000000000 0.396600000000000 0.402600000000000 0.418300000000000 0.427640000000000 0.429260000000000 0.456920000000000 0.465820000000000 0.468680000000000 0.472000000000000 0.473600000000000 0.488540000000000 0.500000000000000 0.504660000000000 0.507060000000000 0.541400000000000 0.549920000000000 0.574480000000000 0.658500000000000 0.680500000000000 0.687760000000000 0.701960000000000 0.704380000000000 0.731520000000000 0.764740000000000 0.764740000000000 0.783020000000000 0.794600000000000 0.803080000000000 0.806920000000000 0.808660000000000 0.816560000000000 0.840700000000000 0.851380000000000 0.873920000000000 0.910460000000000 0.926340000000000 0.953000000000000 0.957340000000000 0.957920000000000 0.977480000000000 0.987580000000000
0000100100001000010000000000100101100010001110100010100000010000
0000100100001000010000000010000101000010000000010100000000000000
0000100100001000010000000000000101100010001110100010100000010000
0000000010010000000001100000010000000100000000000001000100001000
0000100100001000010000000000000101100010001110100010100000010000
0000000000010000000001100000010000000100000000000001000100001000
0000100100001000010000000000000101100010001110100010100000010000
0000100100001000010000000000000101101010001110100010100000010000
0000100100001000010000000000000101100010001110100010100000010000
0000100100001000010000000000000101100010001110100010100000010000
0001000000000000010010000000000010010000100001010100000000000100
0000000000001000010000000000000101000010001110100010100001000000
0000000000001000010000000000000101000010001110100010100000010000
0000100100001000010000000000000101100010001110100010100000010000
0000100100001000010000000000000101100010001110100010100000010000
0000100100001000010000000000000101100010001110100010100000010010
0000100100001000010000000000000101100010001110100010100000010000
0000100100001000010000000000000101100010001110100010100000010000
0001000000000000010010000000000010000000100000010100000000000000
0000100100001010010000000000000101100010001110100010100000010000
0000100100001000010000000000000101100010001110100010100000010000
0000100100001000010000000000000101100010001110100010100000010000
0001000000000000010010000001000010000000100000010100000000000001
1010100101001000010000000000000101000010001110100010100000010000
0000100100001000010000000000000101100010001110100010100000010000
0001000000000000010010000000000010000000100000010100000000000000
0000000000010000000001100000010000000100000000000001010100001000
0000100100001000010000000000000101100011001110100010100000010000
0001000000000000010000000000000101000010001110100010100000000000
0100000000000000010000000000000101000010011110100010100000000000
0000100100001000010000000000000101100010001110100010100000010000
0000100100001000010000000000000101100010001110101010100010010000
0000100100001000010000000000000101100010001110100010100000010000
0000101000100101101100001100000101000010001110100010100000100000
0100010000000000010000000000000101000010001110100010101000000000
0000100100001000010000000000001101100010001110100010100000010000
0000100100001000010000000000000101100010001110100010100000010000
0000100100001000010000000000000101100010001110100010100000010000
0000100100001000010000010000000101100010001110100010100000010000
0000100100001000010000000000000101100010001110100010100000010000
