//
segsites: 67
positions: 0.019480000000000 0.019680000000000 0.020640000000000 0.076400000000000 0.086020000000000 0.097100000000000 0.101060000000000 0.115960000000000 0.158300000000000 0.203440000000000 0.204820000000000 0.207680000000000 0.212740000000000 0.222540000000000 0.237880000000000 0.250000000000000 0.253180000000000 0.294960000000000 0.295940000000000 0.320860000000000 0.325420000000000 0.331220000000000 0.351720000000000 0.352860000000000 0.371600000000000 0.378720000000000 0.388540000000000 0.415280000000000 0.421640000000000 0.434040000000000 0.437400000000000 0.441800000000000 0.462180000000000 0.480960000000000 0.488420000000000 0.500000000000000 0.554840000000000 0.558360000000000 0.576560000000000 0.587120000000000 0.604740000000000 0.625480000000000 0.626760000000000 0.634560000000000 0.653740000000000 0.658560000000000 0.706500000000000 0.739760000000000 0.744400000000000 0.786420000000000 0.789440000000000 0.794440000000000 0.800040000000000 0.808440000000000 0.811600000000000 0.842380000000000 0.863620000000000 0.878460000000000 0.882280000000000 0.891380000000000 0.894820000000000 0.912120000000000 0.923460000000000 0.936960000000000 0.942020000000000 0.953980000000000 0.991440000000000
0101000000000101010111110000000000010000101010001010000000001010000
0101000000000101010111110000000000010000101010001010000000001000000
0101000000000101010111110000000000010000101010001010000000001000000
0101000000000101010111110000000000010000101010001010000000001000000
0101000000000101000100001010000000001100000000001010100001011000000
0100011010000000001000110001110000000000010100001010000000001000000
0101000000000101010111110000000000010000101010001010000000001000000
0001000000000101010111110000000000110000101010001010000000001000000
0101000000000101010111110000000000010000101010001010000001011000000
0101000000000101010111110000000000010000101010001010000000001000000
0101000000000101010111110000000000010000101010001010000000001000000
0101000000000101010111110000000000010000101010001010000000001000000
0101000000000101000100110000000000010000101010001010000000001000000
0000000001100000000100001010000000001100000000001010100001011000000
0101000000000101000100110000000100000000101010001010000000001001001
0101100000000101100100110000000001000000101010100100010000100000010
1000000001100000000100001010000000001100000000001010100001011000000
0101000000000101010111110000000000010000101010001010000000001000000
0101000100000101010111110000000000000000101010100100010000100000010
0101000000000101010111110000000000000000101010001010000000001000000
0101000000000101010111110000000000010000101010001010000000001000000
0101000000000101010110110000000000000000101010100100010000100000010
0101000000000101010111110000000000010000101010001010000000001000000
0101000000000101000100110000000000000010101010100100010000100000010
0101000000000101000100001010000000001100000000100100010000100000010
0101000000000101010111110000000000010000101010001010000000001000000
0101000000000111000100110000000000000000000010011011000100001000000
0101000000000101010111110000000010010000101010001010000010001000000
0101000100000101010111110000000000000000101010100100010000100000010
0101000000000101010111110000000000010000101010001010000000001000000
0101000000000101010111110000000000000000000010011011000000100100100
0101000000000101010111110000001000010000101010001010000000001000000
0101000000000101010111110000000000010000101010001010000000001000000
0111000010000000001000000000000000000001010100001010000000001000000
0101000000000101010111110100000000010000101011001010001000001000000
0111000010011001000100110000000000010000101010001010000000001000000
0101000000000101010111110000000000001100000000001010100001011000000
0101000000000101010111110000000000010000101010001010000000001000000
0000000000000101010110110000000000000000010100001010100001011000000
0000000000000101010110110000000000000000010100001010100001011000000
