//
segsites: 70
positions: 0.024100000000000 0.028700000000000 0.031680000000000 0.037500000000000 0.059660000000000 0.071180000000000 0.072500000000000 0.086760000000000 0.119560000000000 0.128660000000000 0.160000000000000 0.168680000000000 0.170460000000000 0.191160000000000 0.199220000000000 0.199400000000000 0.205200000000000 0.210560000000000 0.258820000000000 0.269900000000000 0.270420000000000 0.275520000000000 0.279740000000000 0.286680000000000 0.292620000000000 0.299820000000000 0.303420000000000 0.309600000000000 0.309980000000000 0.325440000000000 0.332840000000000 0.354900000000000 0.393080000000000 0.421840000000000 0.435940000000000 0.470600000000000 0.472840000000000 0.475040000000000 0.484140000000000 0.489960000000000 0.495880000000000 0.500000000000000 0.501360000000000 0.527600000000000 0.615840000000000 0.616420000000000 0.641300000000000 0.663780000000000 0.664740000000000 0.670260000000000 0.679000000000000 0.680200000000000 0.732020000000000 0.741740000000000 0.752520000000000 0.777700000000000 0.784400000000000 0.847200000000000 0.857860000000000 0.878820000000000 0.891400000000000 0.903400000000000 0.907180000000000 0.915240000000000 0.915580000000000 0.947940000000000 0.949380000000000 0.959780000000000 0.960420000000000 0.974460000000000
0000000100001000100001000100100111001000001000101001000001100000010000
0000000000000000000001010100100110000000011000101001000010000010100000
0000000000000000000001010100100110000000001000101001000100000000100100
0000000011110000000000100000011000010000000000101101000010010000010000
0000000000000000000001010100100110000000011000101001000010000010100000
1100000000100000010000100000010000000010000111000000000110000100001000
0000000000000000000001010110100110000000011000101001000010000010100000
0000000000000000000001010100100110000000011000101001000010000011100000
0000000000000000000001010100100110000000001000101001000010010000010000
0000000000000000000001010100100110000000011000101001010010000010100000
0000000000000000000001010100100110000000011000101001000010000010100000
0000000011110000000000100000011000010000000000010010101001100000000000
0000000000000000000001010100100110000100001000101001000010010000010000
0000000000000000000001010100100110000000011000101001000010000010100000
1100000001000000000000000000010000010000000000101001000010010000000000
0000000011110000000000100000011000010000000010000000000010011000010000
0000000000000001000001010100100100010000000000010010101001100000000000
0000000000000000000001010100100110000000011000101001000010000010100000
0000000000000000000001010100100110000000011000101001000010000010100000
0000000000000000000001010100100110000000011000101001000010000010100000
0001011000000000000110000001000110000000011000101001000010000010100000
0000000100001000100001000100100110001000001000101001000001100000000100
0000000000000000000001010100100110000000011000101001000010000010100000
0000000000000000000001011100100110000000001000101001000010010000010000
0000000000000000000001010100100110000000011000101001000010000010100000
0000000000000000000001010100100110000000011000101001000010000010100000
0000000000000000000001010100100110000000011000101001000010000010100000
0000000000000000000001010100100110000000011000101001000010000010100000
0000000000000000000001010100100110000000011000101001000010000000100011
0000000000000000000001010100100110000000011000101001000010000010100000
0000000000000100000001010100100110000000011000101001000010000010100000
0000000000000000000001010100100110000000001000101001000010010000010000
0000000000000000000001010100100110000000011000101001000010000010100000
0010000000000000000000000000010000010000000000101001000100000000100100
0000000000000000000001010100100110000000011000101001000010000010100000
0000000000000000000001010100100110000000011000101001000010000010100000
0000000000000000000001010100100110000000011000101001000010000010100000
0000000100001000100001000100100110001000101000101001000001100000000100
0000000000000010000001010100100110000000011000101001000010000010100000
0000100000000000001000000000000000100001000100101001000010011000010000
