//
segsites: 79
positions: 0.007520000000000 0.014640000000000 0.023620000000000 0.048340000000000 0.061000000000000 0.114240000000000 0.116080000000000 0.119580000000000 0.150680000000000 0.156080000000000 0.158040000000000 0.159940000000000 0.163400000000000 0.176620000000000 0.185820000000000 0.192700000000000 0.199280000000000 0.204740000000000 0.213220000000000 0.226380000000000 0.235640000000000 0.262600000000000 0.271260000000000 0.274920000000000 0.322060000000000 0.341980000000000 0.359860000000000 0.372340000000000 0.374980000000000 0.418060000000000 0.418180000000000 0.426020000000000 0.426500000000000 0.428680000000000 0.431040000000000 0.438860000000000 0.449380000000000 0.460660000000000 0.471640000000000 0.472180000000000 0.482860000000000 0.487440000000000 0.500000000000000 0.514300000000000 0.544880000000000 0.579980000000000 0.582780000000000 0.584660000000000 0.584980000000000 0.591020000000000 0.623400000000000 0.638120000000000 0.665100000000000 0.678160000000000 0.686460000000000 0.706080000000000 0.710700000000000 0.736500000000000 0.747580000000000 0.755680000000000 0.780340000000000 0.801580000000000 0.812900000000000 0.814600000000000 0.857700000000000 0.862820000000000 0.870580000000000 0.900680000000000 0.919320000000000 0.925280000000000 0.926240000000000 0.931800000000000 0.941180000000000 0.943320000000000 0.960920000000000 0.962100000000000 0.963940000000000 0.973100000000000 0.977880000000000
0001010000011110100010010000000000000000000000000000000001100010000000100001000
0001001000000001000000000100000000000000000000000010100000001010001000000000011
0001010010011110010000011010000000001001010011100100000001000010000000100000100
0110001000100001000000000000000011000000100000010001000000000010010000001000000
0001110000011110010000000100000000001111010001100100000000001010001000000000011
0001010000011110001001110010100000010000001000000010000000001010001000000000011
0001010000011110001001110010100000010000001000000010000010001010001000000000011
0001010000011110000010010001001100000000010100001000000000010110000001000010000
0001010000011110001001110010100000010000001000000010000000001010001000000000011
0001010000011110001001110010100000010000001000000010000000001010001000000000011
0001010000011110001001110010100000010000001000000010000000001010001000000000011
0001010000011110001001110010100000010000001000000010000000001010001000000000011
0001010010011110010000011010000000001001010011100100000001000010000000100000100
0001010000011110001001110010100000010000001000000010000000001011001000000000011
0001010000011110000000011010000000001001010011100100000001000010000000100000100
0001010000011110000000011010000000101001010001100100000001000010000000100000011
0001010000011110001001110010100000010000001011100100000001000010000000100000100
0001010000011110001001110010100000010000001000000010000000001010001000000000011
0001010000011110001001110010100000010000001000000010000000001010001000000000011
0001010000011110001001110010100000010000001000000010000000001010001000000000011
1001010100011110010000010010000000000000000000000000000000000010000000100000100
0001010000011110010000010010000000000000000000000000000000000010000000100000100
0001010000011110000000011100010000001011010001100100010100000010000100010100000
0001010000011110010000010010000000000000000000000000000000000010000000100000100
0001010000011110001001110010100000010000001000000010000000001010001000000000011
0001010000011110001001110010100000010000001000000010000000001010001000000000011
0001010000011110001001110010100000010000001000000010000000001010001000000000011
0001010010011110010000011010000000001001010011100100000001000010000000100000100
0001010000011110010000010010000000000000000000000000000000000010000000001000000
0001010000011110001001110010100000010000000000000000000000000010000000100000100
0110001000100001000000000000000011000000100000010001000000000010010000001000000
0001010001011110000000011010000000001001010001100100001001000010100010100000100
0001010000011110010000010010000000000000000000000000000000000010000000001000000
0001010000011110001001110010100000010000001000000010000000001010001000000000011
0001110000011110010000000100000000001011010001100100000000001010001000000000011
0001010000011110001001110010100000010000001000000010000000001010001000000000011
0001010000011110000000011010000000001001010000000010000000001010001000000000011
0001010000011110001001110010100000010000001000000010000000001010001000000000011
0001010000011110010100010010000000001001010001100100000001000010000000100000000
0001010000011110001001110010100000010000001000000010000000001010001000000000011
