//
segsites: 75
positions: 0.014480000000000 0.018080000000000 0.035260000000000 0.062160000000000 0.064040000000000 0.072280000000000 0.120120000000000 0.129180000000000 0.131040000000000 0.142020000000000 0.192840000000000 0.224700000000000 0.241720000000000 0.249380000000000 0.258240000000000 0.282740000000000 0.283340000000000 0.304200000000000 0.308340000000000 0.332420000000000 0.340900000000000 0.348940000000000 0.350720000000000 0.386200000000000 0.407640000000000 0.435160000000000 0.446540000000000 0.472100000000000 0.477580000000000 0.481140000000000 0.481340000000000 0.498880000000000 0.500000000000000 0.522860000000000 0.535820000000000 0.537000000000000 0.550920000000000 0.556900000000000 0.565600000000000 0.567580000000000 0.577860000000000 0.607180000000000 0.636840000000000 0.641300000000000 0.667220000000000 0.667280000000000 0.694560000000000 0.701260000000000 0.722080000000000 0.724640000000000 0.737180000000000 0.742780000000000 0.755640000000000 0.756600000000000 0.761560000000000 0.777700000000000 0.778120000000000 0.792640000000000 0.796480000000000 0.799600000000000 0.805580000000000 0.815320000000000 0.844780000000000 0.851980000000000 0.869700000000000 0.874700000000000 0.877100000000000 0.909020000000000 0.930400000000000 0.939320000000000 0.945640000000000 0.948300000000000 0.963840000000000 0.979020000000000 0.981820000000000
011010010001001010000000100000011000100000000000000000001100000001000100000
011010010001001010000000100000011000100000000000000000001100000001000100000
011010010001001010000010100000010000100000000000000000001000011000110010110
000000001000000101000100010000010010000001000001000100001100000000010010110
011010010001001010000000100000011000100000000000000000001100000001000100000
011010010001001010000010100000010000000000000001000100001100000000000000000
000010010101001010000000100000010010000000110010000001000001000100000001000
011010010001001010000000100000011000100000000000000000001100000001000100000
011010010001001010000000100000011000100000000000000000001100000001000100000
100000001000000101000100011001010000110000000000100000001100000000000000000
011010010001001010000000100000010000100000000001000110001100000000001000000
000000001000000101000101011001010000101000000000100000001100000000000000000
011010010001001010000000100000011000100000000000000000001100000001000100000
011010010001001010100000100000011000100000000000000000001100000001000100000
000101100010110000001000010011010100000000001100011000000010100000000000001
011010010001001010000000100000011000100000000000000000001100000001000100000
011010010001001010000000100000011000100000000000000000001100000001000100000
011010010001001010000000100000010000100000000000000000001000011000110010110
011010010001001010000000100000011000100000000000000000001100000001000100000
011010010001001010000000100000010000100000000000000000001000011000110010110
011010010001001010000000100000011000100000000000000000001100000001000100000
011010010001001010000000100000011000100000000000000000001100000001000100000
011010010001001010000000100000011000100000000000000000001100000001000100000
100000001000000101000100011001010000110000000000100000001100000000000000000
000000001000000101000101011001010000101000000000100000001100000000000000000
011010010001001010000000100000011000100000000000000000101100000001000100000
011010010001001010000000100000010000100000000000000001000001000000000000000
000000001000000101000100010000010010000001000001000100001100000000010010110
100000001000000101000100011001110000100000000000100000001000000100000001000
011010010001001010000010100000010000000000010000000001000001010000000000000
000010010001001010010000100100010010000000000000000000011100000001000100000
011010001001001010000000100000010000000100010000000001000001000000000000000
011010010001001010000000100000010010000001000001000100001100000000000000001
000010010001001010000010100000010001000000010000000001000001000000000000000
011010010001001010000000100000010000100000000000000000001000011000100000000
100000001001001010000000100000011000100000000000000000001100000001000100000
011010010001001010000000100000011000100000000000000000001100000001000100000
011010010001001010000000100000011000100000000000000000001100000001000100000
000101100010110000001000010011010100000000001100011000000010100000000000001
000101100000110000001000010011010100100010010001000000001100000010000000000
