//
segsites: 80
positions: 0.024820000000000 0.042160000000000 0.051980000000000 0.057960000000000 0.066880000000000 0.071180000000000 0.085380000000000 0.094940000000000 0.097500000000000 0.110860000000000 0.112520000000000 0.113580000000000 0.121280000000000 0.148340000000000 0.155560000000000 0.163940000000000 0.173820000000000 0.179000000000000 0.192620000000000 0.192640000000000 0.200660000000000 0.226080000000000 0.240580000000000 0.250160000000000 0.264740000000000 0.285840000000000 0.291560000000000 0.325020000000000 0.341060000000000 0.346100000000000 0.356740000000000 0.375160000000000 0.383540000000000 0.386960000000000 0.424880000000000 0.436840000000000 0.463700000000000 0.479340000000000 0.479860000000000 0.489980000000000 0.500000000000000 0.501380000000000 0.507820000000000 0.509360000000000 0.529680000000000 0.535260000000000 0.543340000000000 0.553760000000000 0.563680000000000 0.577920000000000 0.583940000000000 0.597620000000000 0.602600000000000 0.609780000000000 0.626180000000000 0.658520000000000 0.685300000000000 0.713100000000000 0.738640000000000 0.751760000000000 0.760780000000000 0.767480000000000 0.784440000000000 0.792720000000000 0.799540000000000 0.807800000000000 0.819880000000000 0.869000000000000 0.879400000000000 0.881480000000000 0.890740000000000 0.895540000000000 0.898800000000000 0.902540000000000 0.904760000000000 0.924640000000000 0.946660000000000 0.965340000000000 0.969000000000000 0.981360000000000
10000000000000000000000010100011001000001011001000000000000000000000000000000010
01100010001100000001000000000101000001000000001000000000100010110011010000000000
00000001001000110000001000000000001000000011000000000001000000000000000000000010
01100010001100000001000000000101000001000000001000000000000000000000000000000010
10000000000000000000000010100011001000001011001000000000000000000000000000000010
00000000100000000000000010100011001000000011000000000001000101000000000000000000
01100000011000010010000001001000010001000000001000000000100010110011010000000100
00000000000000000000000010100101000001000000001100010000000000000000000000000000
10000000000000000000000010100011001000001011001000000000000000000000000000000010
10000000000001000000000010100011001000001011001000000000000000000000000000000000
10000000000000000000000010100011001000001011001000000000000000000000000000000010
10000000000000000000000110100011001000001011001000000000000000000000000100000010
00010100000000000000000010100011000010000100100001000000000000000000000000100010
10000000000000000000000010100011001000001011001000000000000000000000000000000010
01100010000010010000000000000000010101000000000000100001000101000000000001000000
10000000000000000000000110100011001000001011001000000000000000000000000100000010
01100010001100000001000000000101000001000000001000000100000000000000000000010000
01100010001100001001100000000101000001000000010100011000001000000100100010000001
10000000000000000000000010100011101000001011001000000000000000000000000000000010
10000000000000000100000010100011001000001011001000000000000000000000000000000010
10000000000000000000000010100011001000001011001000000000000000000000000000000010
10000000000000000000000010100011001000001011001000000000000000000000000000000010
10000000000000000000000010100011001000001011001000000000000000000000000000000010
10000000000000000000000010100011001000001011001000000000000000000000000000000010
00000000000000000000010010100011001000010011000110010000000000001000000001001000
10000000000000000000000110100011001000001011001000000000000000000000000000000010
10000000000000000000000010100011001000001011001000000000000000000000000000000010
00000000000000000000000010100011001000000000001100010010010000000000001000000000
10000000000000000000000010100011001000001011001000000000000000000000000000000010
01100000011000010010000001011000010001000000001000000000100010110011010000000000
10000000000000000000000010100011001000001011001000000000000000000000000000000010
10000000000000000000000010100011001000001011001000000000000000000000000000000010
10000000000000000000000010100011001000101011001000000000000000000000000000000010
00000000000000000000000010100011001000000011001000000000000000000000000000000010
00000001001000000001000000000101000001000000001000000000000000000000000000000010
00000000000000000000000010100011001000000011000000000001000100000000000000000010
10000000000000000000000010100011001000001011001000000000000000000000000000000010
00001000000000000000000010100011001000000011001000000000000000000000000000000010
10000000000000000000000010100011001000001011001000000000000000000000000000000010
00000000000000000000000010100011001000001011001000000000000000000000000000000010
