//
segsites: 55
positions: 0.010740000000000 0.011480000000000 0.023600000000000 0.038180000000000 0.043220000000000 0.081580000000000 0.081600000000000 0.092960000000000 0.095620000000000 0.118480000000000 0.123240000000000 0.135140000000000 0.160380000000000 0.173660000000000 0.189040000000000 0.237560000000000 0.238500000000000 0.247860000000000 0.255940000000000 0.257200000000000 0.270680000000000 0.325440000000000 0.327800000000000 0.333660000000000 0.352040000000000 0.355020000000000 0.390680000000000 0.408840000000000 0.410360000000000 0.423560000000000 0.434580000000000 0.447000000000000 0.475720000000000 0.494240000000000 0.498820000000000 0.500000000000000 0.501380000000000 0.533000000000000 0.535920000000000 0.587100000000000 0.661360000000000 0.678740000000000 0.679120000000000 0.735220000000000 0.740040000000000 0.756820000000000 0.841020000000000 0.883500000000000 0.902920000000000 0.909440000000000 0.913900000000000 0.925960000000000 0.930160000000000 0.948060000000000 0.961960000000000
1001100000000000000010001010100010100010000100010100001
1001100000000100010010001000100010100000000100010100001
0000000101010010000010000000000010100001010100010100001
1001100000000100010010001000100010110000000100010101001
0000000101010010000010000000000010100000000100010100001
0000000101011010000010000000010010100000000101011100001
1001100000000100010010001000100010110000000100010101001
1001100000000100010010001000100010110000000100010101001
0000000101010010000010000000000010100001010100010100001
1001100000000100010010001000100010110000000100010101001
1001100000000100010010001000100010110000000100010101001
1001100000000100010010001000100010110000000100010101001
1101100000000000000010001000100010100000000100010100001
0000000101010000000010001000100010100000000100010100001
1001100000000100010010001000100010110000000100010101001
1001100000000100010010001000100010110000000100010101001
0000000101010011000010000000000011100000000100010100001
1001100010000100010010001000100010110000000100010101001
1001100000000100010010001000100010110000000100010101001
1101100000000000000010001000100010100000000100110100001
1001100000000100010010001000100010110000000100010101001
0000000101010010000010000000000010100000000100010101001
1001100000000000000011001000100010101100000000010100001
0000000101010010010010001000100010110000000100010101001
1001100000000000000011001000100010101100000010010100001
0000001101010010000110000000000010100000000100010100011
1001100000000100010010001000100010110000000100010101001
1001100000000100010010001000100010100000000100010101001
0010010000100000101000111101101010100000101000000100100
1001100000000100010010001000100010110000000100011100001
1001100000000000000010001000100010100000000100010100001
1001100000000000000010001000100010100000000100010100001
1001100000000100010010001000100010110000000100010101001
0000000101010010000010000000000010100000000100011100001
1001100000000100010010001000100010110000000100010101001
0000000101010010000010000000000110100000000100010100011
0010010000100000101000111101101010100000101000000100100
1001100000000100010010001000100010110000000100010101001
1001100000000100010010001000100010110000000100010101001
1001100000000100010010001000100010110000000100010111001
