//
segsites: 72
positions: 0.016320000000000 0.018920000000000 0.033940000000000 0.037920000000000 0.043520000000000 0.060020000000000 0.073880000000000 0.099340000000000 0.153880000000000 0.159960000000000 0.198200000000000 0.211100000000000 0.256420000000000 0.258600000000000 0.274840000000000 0.284000000000000 0.292760000000000 0.308620000000000 0.315320000000000 0.339020000000000 0.346200000000000 0.349940000000000 0.358780000000000 0.371200000000000 0.375640000000000 0.390060000000000 0.437320000000000 0.452160000000000 0.453040000000000 0.472340000000000 0.476520000000000 0.500000000000000 0.527360000000000 0.531340000000000 0.545820000000000 0.558980000000000 0.560460000000000 0.565540000000000 0.607760000000000 0.620500000000000 0.630820000000000 0.639400000000000 0.648160000000000 0.648320000000000 0.664860000000000 0.671300000000000 0.684120000000000 0.684880000000000 0.686980000000000 0.688580000000000 0.732840000000000 0.762520000000000 0.772780000000000 0.773520000000000 0.797160000000000 0.802400000000000 0.817220000000000 0.819600000000000 0.830800000000000 0.850280000000000 0.863240000000000 0.869240000000000 0.869380000000000 0.880780000000000 0.894920000000000 0.905320000000000 0.917820000000000 0.939380000000000 0.942520000000000 0.946960000000000 0.948460000000000 0.998240000000000
100000000000001101101010001000001110000001010100001100000100000001010000
000011100000000000000001010001000000110001010000000100000100000001010000
000010110000111100010000000110010000000010000011000001100001011100000000
000011101000000000000101010000000000000110000011100010100001011100000000
000000000000001101100010000000101010000001010000000100001010100001010000
000010110000111100010000000110010000000010000011000001100001011100000000
000010110000111100010000000110010000000010000011000001100001011100000000
100000000000001101101010001000001110000010000011000001100001011100000000
100000000000001101100010001000001111000001010000000100000100000001010000
000010110000111100010000000110010000000010000011000001100001011100000000
011000000000001101100010001000001110000001010000000100000100000001010000
000011100000000000000001010000000000000110000011100000110000000001010000
000010110000111100010000000110010000000010000011000001100001011100000000
000011100000000000000001010000000000000110000011100000110000000000001000
000010110000111100010000000110010000000010000011000001100001011100000000
000011100000000000000001010000000000000110000011100000110000000001010000
000010110000111100010000000110010000000010000011000001100001011100000100
000110100010000000000001110000000000000110000011110000110000000000000001
000010110000111100010000000110010000000010000011000001100001011100000100
000010110000111100010000000110010000000010000011000001100001011100000000
000011100000000000000001010000000000001110100011100000110000000010001000
000000000100001101100010000000101010000001010000000100001010100001010000
000011101000000000000101010000000000000110000011100000100001011100000000
000010110000111100000000000110000000000010000011000001100001011100000010
000010110000111100010000000110000000000010000011000001100001011100000000
000010110000111100010000000110010000000010000011000001100001011100000000
000011101000000000000101010000000000000110000011100000100001011100000000
000010110000111100010000000110010000000010000011000001100001011100000000
000010110000111100010000000110010000000010000011000001100001011100000000
000011110000111100010000000110010000000010000011000001100001011100000000
000010110000111100010000000110010000000010000011000001100001011100000000
000010110000111100010000000110010000000010000011000001100001011100000000
000011100000000000000001010000000000000010000011000001100001011100000000
000010110001101100000000000001000000000010000011000001100001011100000000
000010110000111100010000000110010000000010000011000001100001011100000000
000011100000000010000001010000000000001110001011100000110000000000101000
000010110000111100010000000110010000000010000011000001100001011100000000
000010110000111100010000000110010000000010000011000001100001011100000000
000010110000111100010000000110010000000010000011000001100001011100000000
000010110000111100010000000110010000000010000011000001100001011100000100
