//
segsites: 78
positions: 0.001780000000000 0.010580000000000 0.010820000000000 0.014480000000000 0.058900000000000 0.085860000000000 0.091880000000000 0.100660000000000 0.122640000000000 0.146560000000000 0.151500000000000 0.158280000000000 0.171980000000000 0.176200000000000 0.180340000000000 0.188300000000000 0.192960000000000 0.214060000000000 0.247240000000000 0.250280000000000 0.255380000000000 0.263780000000000 0.277940000000000 0.283820000000000 0.285500000000000 0.286780000000000 0.294760000000000 0.323620000000000 0.327640000000000 0.332540000000000 0.405620000000000 0.419000000000000 0.424260000000000 0.429620000000000 0.448340000000000 0.449080000000000 0.477860000000000 0.495580000000000 0.500000000000000 0.502400000000000 0.509180000000000 0.525640000000000 0.536860000000000 0.551120000000000 0.554740000000000 0.557120000000000 0.572780000000000 0.642420000000000 0.656780000000000 0.674880000000000 0.688320000000000 0.694000000000000 0.713060000000000 0.722920000000000 0.763940000000000 0.771660000000000 0.779200000000000 0.787580000000000 0.813820000000000 0.818760000000000 0.821380000000000 0.835920000000000 0.841020000000000 0.854540000000000 0.856180000000000 0.877220000000000 0.891060000000000 0.906500000000000 0.928900000000000 0.933160000000000 0.935480000000000 0.948100000000000 0.951920000000000 0.953960000000000 0.958680000000000 0.974380000000000 0.984560000000000 0.994980000000000
000000011000001000101000000000000011101000100001100100000000000010000000010000
000000110100100010100001001000010000000000000000000100000110011101000100001000
010011011000001000101000000000000011101000100001100100000000000000000000010000
000000000001001001000000110000000000000000000000000100000001000000100010010000
000000010110100010000000100001101000000000100001000110110000100000000000100100
000000010100100010100011001000010000000000000001100100000000000000000000010000
000000000001001001000000110000000000000000000000000100000001000000100010010000
000010010000011000111000000000000011000001100001101100000000000000000000010000
000000010100100010100011001000010000000000000001100100000000000000000000010000
010010011000001000101000000000000011101000100001100100000000000000000000010100
010010011000001000101000000000000011101000100001100100001000000000000000010000
000000010100100010100011001000010000000000000001100100000000000000000000010000
010010011000001000101000000000000011101000100001100100000000000000000000010000
000110010000100010100011001000010001010100000000000100000000000000000000000001
001000010000001100100000000100010001010100000000000100000000000000000000000001
010010011000001000101000000000000011101000100001100100000000000000010000010000
010010011000001000101000000000000011101000100001100100000000000000000000010000
010010011000001000101000000000000011101000100001110100000000000000000000010000
010010011000001000101000000000000011101000100001100100000000000000000001010000
010010011000001000101000000000000011101000100001100100000000000000000000010000
010010011000001000101000000000000011101000100011100100000000000000000000010000
000000010100100010100011001000010000000000000001100100000000000000000000010000
000010010000011000111000000000000011000001100001101100000000000000000000000011
000010011000000000100000000000000011100000100001100100000000000000000000010100
010010011000001000101000000000000011101000100001100100000000000000000000010000
010010011000001000101000000000000011101000100001100100000000000000000001010000
000010010000011000111100000000000011000000100001000111110000100000000000100100
000010010000011000111100000010000011000000100001000110110000100000001000100100
000000010100100010100011001000010100000010010001100100000000000000000000010000
000000000001001001000000110000000000000000000000000100000000000000100010010000
010010011000001000101000000000000011101000100001100100000000000000000000010000
001000010000001100100000000100010001010100000000000100000000000000000000000001
010010011000001000101000000000000011101000100001100100000000000000000000010000
010010011000001000101000000000000011101000100001100100000000000000000000010000
010010011000001000101000000000000011101000100001100100000000000000000000010000
100000010100100010100011001000010000000000000000000100000110011101000000001000
100000010100100010100011001000010000000000001101100100000000000000000000010000
000000010100100010100011001000010000000000000001100100000000000000000000010000
010010011000001000101000000000000011101000100001100100000000000000000000010000
010010011000001000101000000000000011101000100001100100000000000000000000010000
