//
segsites: 76
positions: 0.000460000000000 0.002640000000000 0.003100000000000 0.009840000000000 0.030580000000000 0.031600000000000 0.041200000000000 0.045160000000000 0.047780000000000 0.057260000000000 0.069440000000000 0.075840000000000 0.081700000000000 0.141000000000000 0.157500000000000 0.161520000000000 0.168820000000000 0.175860000000000 0.185400000000000 0.186240000000000 0.199980000000000 0.205920000000000 0.216460000000000 0.236860000000000 0.238360000000000 0.242860000000000 0.267080000000000 0.282100000000000 0.287660000000000 0.305040000000000 0.314060000000000 0.323600000000000 0.324520000000000 0.334860000000000 0.368060000000000 0.408720000000000 0.422220000000000 0.428560000000000 0.460580000000000 0.500000000000000 0.500800000000000 0.544240000000000 0.572280000000000 0.595060000000000 0.606620000000000 0.615140000000000 0.657380000000000 0.662760000000000 0.663120000000000 0.667880000000000 0.669680000000000 0.675420000000000 0.692780000000000 0.719360000000000 0.724040000000000 0.737240000000000 0.766480000000000 0.768440000000000 0.782660000000000 0.806400000000000 0.808920000000000 0.828560000000000 0.829600000000000 0.846740000000000 0.853440000000000 0.857000000000000 0.858640000000000 0.891140000000000 0.897960000000000 0.906160000000000 0.979880000000000 0.981060000000000 0.991200000000000 0.997140000000000 0.997880000000000 0.998200000000000
1100110000000000000000000000000000001111001100000000000011000010000000000110
1100110000000000000000000000000000001111001100000000000001000010000000000110
1000010000001110100000010001010000010000100000011000000000000000010001001000
1100110000000000000000000000000000001110001100000000000001000010000000010000
0001001000010000001110100000100010100000000001000100000000010110000000000010
1100110000000000000000000000000000001111001100000000000001000010000000000110
1100110000000000000000000000000000001111001100000000000001000010000000000110
1100110000000000000000000000000000001111001100000000000001000010000000000110
1010010000001100000000000000000000010000100000011000000101000010000001010000
0000000010001001010000001100000000000000100000011000000001000011001001010000
1100110000000000000000000000000000001111001100000000000001000010000000000110
1100110000000000000000000000000000001111001100100000000001000010000000000110
1000010000001100000000000000000000001111001100000000000001000010000000000110
1100110000000000000000000000000000001111001100000000000001000010000000000110
1100110000000000000000000000000000001111001100000000001001000010000000000110
1100110000000000000000000000000000001111001100000000000001000010000000000110
1000010000001100000000000011000000010000100000011000000001000110000000000000
1100110000000000000001000000000000001111001100000000000001000010000000000110
1100110000000000000000000000000000001111001100000000000001000010000000000110
1000010000001110000000010001000001010000110010011000000001000010000001010000
0000000010001001010000001100001000000000100000011000000001000010001001010000
0000000100001001010000001100000000000000001100000001000000001000010001000000
1100110000000000000000000000000000001111001100000000000001000010000000000110
1000010000001100000000000011000000010000100000011000000001000010000001010000
1100110000000000000000000000000000001111001100000000000001000010000000000110
0001001000010000001110100000100010000000001100000010000001000010000000000000
1000010001001110000000010001000000010000110000011000000001100010000000000110
0000000000001001010000001100000000000000000001000100010000010110000000000010
1100110000100000000000000000000000001110001100000000000001000010000000000010
1100110000000000000000000000000000001110001100000000000001000010000000000110
1100110000000000000000000000000000001111001100000000000001000010000000000110
1100110000000000000000000000000000001110001100000000000001000010000000000110
1100110000100000000000000000000000001110001100000000000001000010000000000010
1100110000000000000000000000000000001111001100000000000001000010100001010000
1100110000000000000000000000000000001111001100000000000001000010000001010000
1100110000000000000000000000000000001111001100000000000001000010000000000110
0000000010001001010000001100001000000000100000011000000001000010001001010000
1000010000001110000000010001000001010000110000011000000001000010000001010000
1000010000001001010000001100000100000000001100000000100001000010000010100001
0000000010001001010000001100000000000000100000011000000001000010001101010000
