//
segsites: 72
positions: 0.019780000000000 0.025380000000000 0.048380000000000 0.049260000000000 0.053640000000000 0.056520000000000 0.067740000000000 0.072580000000000 0.073700000000000 0.074380000000000 0.075380000000000 0.086760000000000 0.116260000000000 0.116400000000000 0.121480000000000 0.131880000000000 0.142360000000000 0.151420000000000 0.152780000000000 0.161120000000000 0.190040000000000 0.190960000000000 0.201460000000000 0.210300000000000 0.211940000000000 0.213420000000000 0.222020000000000 0.232980000000000 0.236780000000000 0.241560000000000 0.248620000000000 0.311840000000000 0.318940000000000 0.323800000000000 0.366140000000000 0.366480000000000 0.379900000000000 0.391020000000000 0.419480000000000 0.421560000000000 0.428680000000000 0.441440000000000 0.459820000000000 0.471160000000000 0.500000000000000 0.519920000000000 0.536840000000000 0.547400000000000 0.548540000000000 0.549240000000000 0.561660000000000 0.581400000000000 0.621220000000000 0.648420000000000 0.660580000000000 0.670900000000000 0.713620000000000 0.748280000000000 0.761400000000000 0.780980000000000 0.820140000000000 0.823660000000000 0.830400000000000 0.830900000000000 0.877140000000000 0.879080000000000 0.883080000000000 0.912700000000000 0.944960000000000 0.992840000000000 0.993180000000000 0.999020000000000
010010000100100000000100000010000000010000101100011100001000000110100100
010010000100100000000100000010000000010000101100011100001000000110100100
010010000100100000000100000010000000010000101100011100001000000110100100
010010000100100000000100000010000000010000101100011100001000010110100100
010010000100100000000100000010000000010000101100011100001000000110100100
010010000100100000000100000010000000010000101100011100001000000110100100
010010000100100000000100000010000000010000101100011100001000000110100100
000100000000001100001000101001100000101100010000000000011010000000001100
100001010110110000001000100001100000001100010000000000001000000110100011
010010000100100000000100000010000000000001010001000011000000001001000100
010010000100100000000100000010000000010000101100011100001000000110100100
011010000100100000000100000010000000010010100100010100001000000110100100
000001010111100000010010000000000100000001010000000000001000000001000011
000100000000001000001000100001110000010000101100011100001000000110100100
010010000100100000000100000010000000010000101100011100001000000110100100
100001010111100000010010000000000100000001010000000000001100000110100100
010010000100100000000100000010000000010000101100011100001000000110100100
010010000100100000000100000010000000010000101100011100001000000110100100
010010000100100000000100000010000000010000101100011100001000000110100100
010010000100100000000100000010000000010000101100011100001000000110100100
010010000100100000000100000010000000010000101100011100101000100010100100
010010000100100000000100000010000000010000101100011100001000000110100100
010010000100100000000100000010000000010000101100011100001000000110100100
000010000100000001000001000000001000010000000110000100101000100010100100
000000100000000001100001010000001000010000100100110110000000001001000011
010010000100100000000100000010000000010000101100011100001000000110100100
100001010111001100001000100001100000001100010000000000001000000000001100
100001010111001010001000100101100000000001010001000010000000001001000011
010010000100100000000100000010000010010000101100011100001000000110100100
100001010111100000010010000000000101000001010001000010000000000001000011
010010000100100000000100000010000000010000101100011100001000000110100100
010010000100100000000100000010000000010000101100011100001000000110100100
010010000100100000000100000010000000010000101100011100001000000110100100
010010000100100000000100000010000000010000101100011100001000000110100100
010010000100100000000100000010000000010000101100011100001000000110100100
010010000100100000000100000010000000010000101100011100001000000110100100
010010000100100000000100000010000000010000101100011100001000000000001100
010010001100100000000100000010000000010000101100011100001001000110100100
010010000100100000000100000010000000010000101100011100001000000110100100
100001010111100000010010000000000100000001010000000000001000000110110100
