//
segsites: 70
positions: 0.000080000000000 0.009900000000000 0.010840000000000 0.019740000000000 0.028960000000000 0.033200000000000 0.046280000000000 0.058480000000000 0.059840000000000 0.066080000000000 0.072340000000000 0.082220000000000 0.091640000000000 0.093820000000000 0.122060000000000 0.162360000000000 0.162620000000000 0.165440000000000 0.168740000000000 0.192620000000000 0.258440000000000 0.278540000000000 0.281060000000000 0.287600000000000 0.341580000000000 0.355260000000000 0.358280000000000 0.360300000000000 0.379540000000000 0.380640000000000 0.393000000000000 0.395820000000000 0.411520000000000 0.411840000000000 0.415820000000000 0.417340000000000 0.423480000000000 0.435360000000000 0.440940000000000 0.467420000000000 0.468780000000000 0.481040000000000 0.500000000000000 0.526420000000000 0.542700000000000 0.581940000000000 0.587600000000000 0.588500000000000 0.603160000000000 0.642540000000000 0.655040000000000 0.670180000000000 0.683200000000000 0.719860000000000 0.749800000000000 0.772940000000000 0.778440000000000 0.779300000000000 0.780080000000000 0.802160000000000 0.812420000000000 0.828420000000000 0.840640000000000 0.844600000000000 0.861940000000000 0.880620000000000 0.929300000000000 0.946700000000000 0.977220000000000 0.985200000000000
0000000000000000000000000100000001001010010000011100010000011101110001
0010101001000000001000100010010100000000001001000000100111100000000100
0010101001000000001000100010011100000000001001000000100111100000000100
0010101001000000001000100010010100000000001001000000100111100000000100
0010001001000000001000100010010100000000000001000000100111000000000100
0010101001000000001000100010010100000000001001000000100111100000000100
0000000100010110011000110010010100000000000001100000100111000000000001
0010101001000000001000100010010100000000001001000000100111100000000100
0010101001000000001000100010010100000000001001000000100111100000000100
0010101001000000001000100010010100000001001001000000100111100000000100
0010101001000000001000100010010100000000001001000000100111100000000100
0010101001000000001000100010010100000000001001000000100111100000000100
0010101001000000001000100010010100000000001001000000100111100000000100
0010101001000000001000100010010100000000001001000000100111100000000100
0000000000000000001010001100100010100100000000001000001000000000000001
0010101001000000001000100010010100000000001001000000100111100000000100
0010101001000000001000100010010100000000001001000000100111100000000101
0010101001000000001000100010010100000000001001000000100111100000000100
0010001001000000001000100010010100000000000001000000100111100000000100
0010101001000000001000100010010100000000001001000000100111100000000100
0010101001000000001000100010010100000000001001000000100111100000000100
0010101001000000001000100010010100000000001001000000100111100000000100
0010001001100001101000100010010100000000000001000000100111000000000100
0010001001000000001011001101100000100100000000001000001000000000000001
1001000000000000001010000100000001001010010000011110010000001001000001
0000000000000000000000000100000001011010010010011100010000001001000001
0110001000001000001010000010000001001010010000011110010000001011000001
0000010010000000001000000100000000000000100000001111010000001001000011
0010001001000000001000100010010100000000000001000000100111000000001100
0010101001000000001000100010010100000000001001000000100111100000000100
0010101001000000001000100010010100000000001001000000100111100000000100
0010101001000000001000100010010100000000001001000000100111100000000100
0000000000000000000000000100000001001010010100011000100111000000000100
0010001001000000001000100010010100000000001001000000100111100000000100
0000000100010110011100110010010100000000000001100000100111000000000100
0010101001000000001000100010010100000000001001000000100111100000000100
0010101001000000001000100010010100000000001001000000100111100000000100
0010101001000000001000100010010100000000001001000000100111100000000100
0010101001000000001000100010010100000000001001000000100111100000000100
0000000000000000000000000100000001001010010100011000100111000000000100
