//
segsites: 71
positions: 0.006500000000000 0.036200000000000 0.044000000000000 0.053640000000000 0.059700000000000 0.075420000000000 0.083940000000000 0.095640000000000 0.121800000000000 0.168140000000000 0.189220000000000 0.190540000000000 0.201200000000000 0.244940000000000 0.245820000000000 0.279060000000000 0.282860000000000 0.285240000000000 0.291180000000000 0.316000000000000 0.327700000000000 0.332520000000000 0.362580000000000 0.380500000000000 0.406660000000000 0.423480000000000 0.470520000000000 0.475340000000000 0.480920000000000 0.483260000000000 0.483620000000000 0.500000000000000 0.512440000000000 0.526660000000000 0.534880000000000 0.537100000000000 0.560160000000000 0.562920000000000 0.573960000000000 0.574200000000000 0.586100000000000 0.611920000000000 0.624620000000000 0.653420000000000 0.684060000000000 0.687600000000000 0.698100000000000 0.698360000000000 0.708160000000000 0.712160000000000 0.729720000000000 0.731000000000000 0.740980000000000 0.784980000000000 0.800780000000000 0.808380000000000 0.822740000000000 0.833300000000000 0.844340000000000 0.879060000000000 0.891000000000000 0.894380000000000 0.895500000000000 0.900240000000000 0.908900000000000 0.912660000000000 0.914440000000000 0.920660000000000 0.934840000000000 0.967560000000000 0.984780000000000
00000100000010000010010000000111010001111100000000001010000100011000100
00000100000010000010010000000111010001111100000000001010000100011000100
00000010000000000100101001000100000010000010110100001110000110000000000
00000100000010000010010000000111010001111100000000001010000100011000100
00000100000010000010010000000111010001111100000000001010000100011000100
00000100000010000010010000000111010001111100000000001010000100011000100
00000010000000000100101000000111010001111100000000001010000100011000100
00000100000010000010010000000111010001111100000000001010000100011000100
00000100000010000010010000000111010001111100000000001010000100011000100
00000100000010000010010000000111010001111100000000000000000000000010010
00000100000010000010010000000111110001111100000000001010000100011000100
00000100000010000010010100000111010001111100000000001010000100011000100
00000100000010000010010000000111010001111100000000001010000100011000100
00000010000000000100101001000100000000000010110000000010010000000111010
00000100000010000010010000000111010001111100000000001010000100011000100
00100010000000000100101001000100000100000010110000000010010000000110010
00000100000010000010010000000111010001111100001000001010000100011000100
00000100000010000010010000000111010001111100000000001010000100011000100
00000100000010000000101001010100000000000010110000000010010000000110010
00000010000000000100101001010100000000000010110000000010010000000110010
11011001100100000100101000001110010001110100000000001011000100111000100
00000100010010000011010000000110010000000010110001000010010000000110000
00000100000010111010010000000111010001111100000000001010000100011000101
00000100000010000100101001000100000000000010110000000010011000000110010
00000010000000000100101001000100000000000010110000100010110001000010000
00000100000010000010010000000111011001111100000000001010000100011000100
00000100000010000010010000000111010001111100000000001010000100011000100
00000100000010000010010000000111010001111100000000001010000100011000100
11011001100101000100101001100100000000000010110001000010010000000110000
00000100000010000010010000000111010001111100000000001010000100011000100
00000100000010000010010000000111010001111100000000001010000100011000100
00000010000000000100101001000100000000000010110000010010010000000110010
00000100000010000010010000000111010001111100000000001010000100011000100
00000100000010000010010000000111010001111100000000001010000100011000100
11011001101100000100101011000000000000000001000010000000010000000010010
00000100000010000010010000000111010001111100000000001010000100011000100
00000100000010000010010000000111010001111100000000001010000100011000100
00000010000000000100101001000100000010000010110100001010010000000010010
00000100000010000010010000000111010001111100000000001010000100011000100
00000100000010000010010000000111010001111100000000001010000100011000100
