//
segsites: 76
positions: 0.005720000000000 0.007360000000000 0.016460000000000 0.023060000000000 0.025080000000000 0.025320000000000 0.028940000000000 0.032260000000000 0.095320000000000 0.095920000000000 0.100340000000000 0.123860000000000 0.130560000000000 0.152780000000000 0.228820000000000 0.234900000000000 0.235120000000000 0.237020000000000 0.254180000000000 0.271660000000000 0.289400000000000 0.291780000000000 0.295320000000000 0.302000000000000 0.312400000000000 0.322600000000000 0.336320000000000 0.356640000000000 0.357820000000000 0.363860000000000 0.439800000000000 0.477540000000000 0.485640000000000 0.500000000000000 0.506200000000000 0.522460000000000 0.548300000000000 0.574060000000000 0.602820000000000 0.612360000000000 0.618640000000000 0.640140000000000 0.663220000000000 0.687680000000000 0.692560000000000 0.711760000000000 0.712960000000000 0.713620000000000 0.713720000000000 0.720620000000000 0.732160000000000 0.734260000000000 0.744460000000000 0.746100000000000 0.748860000000000 0.758540000000000 0.760340000000000 0.761860000000000 0.778220000000000 0.788200000000000 0.788860000000000 0.793160000000000 0.803640000000000 0.862460000000000 0.874860000000000 0.891820000000000 0.907820000000000 0.908660000000000 0.909680000000000 0.925500000000000 0.965940000000000 0.969840000000000 0.972540000000000 0.974020000000000 0.983100000000000 0.989680000000000
0000010000000100000010101011010001010011010100000000001001000100000000000000
0000010000000100000010101011010001110011010100000000001001000100000000000000
0000010000000100000010101011010001010011010100000000001001000100000000000000
0000010000000100000010101011010001010011010100000000001001000100000000000000
1000001111100101010000000000110000000011110000000000000001000000000000000000
1000001111100100000110101011010001010011010100000000001001000100000000000000
0000010000000100000010101011010001010011010100000000001001000100000000100000
0000010000011100000000011110011000000011010100000000001001000100000000000000
1000001111100101010000000000110000000011110000000000000001000000000000000000
0000010000000100000010101011010001010011010100000000001001000100000000000000
0000010000000100000010001011010000000011000000100000000001000000000000001000
0000010000000100000010101011010001010011010100000000001001000100010001000100
0000010000011100000000011110011000000011000010000010000000001001101000010010
1000001111100111011000000000010000000100001000011000000000000000000000000001
0000010000011100000000011110011000000011000010000010000000001001100010010010
0000010000000100000010101011010000000011010000000000001001000100000000000000
0000100000000101110000000000010100001000000000000100010010000010000100000000
0000010000000100000010101011010001010011010100000000001001000100000000000000
0000010000000100000010101011010001010011010100000000001001000100000000000000
1000001111100111011000000000010010000011000010000010000000001001100000010010
1010001111100101011000000000010000000100000000011000000000001001100000010010
0000100000000101110000000000010100001000000000000100010010000010000100000000
0000010000000100000010101011010001010011010100000000001001000100000000000000
1000001111100101010000000000110000000011110000000000000001100000010001000100
0000010000000100000010001011010000000011000000100000001101000100000000000000
0000010000000100000010101011010001010011010100000000001001000100000000000000
1000001111100101010000000000110000000011110000000000000001000000010001000100
1100001111100101010000000000110000000011110000000001000001000000000000001000
0000010000000100000010101011010001010011010100000000001001000100000000000000
0000010000000100000010101011010001010011010100000000001001000100000000000000
1000001111100101010000000000110000000011110000000000000001000000000000001000
0000010000011100000000011110011000000011000010000010000000001001101000010010
0000010000000100000010101011010001010011010100000000001001000100000000000000
0000010000000100000010101011010001010011010100000000001001000100000000000000
1000001111100101010000000000110000000011110000000000000001000000010001000100
0000010000000100000010101011010001010011010100000000001001000100000000000000
0000010000000100000010101011010001010011010100000000001001000100000000000000
0000010000000100000010101011010001010011010100000000001001000100000000000000
1011001111100101011001000000010000000100000001011000100000010000000000000000
0000010000000100000010101011010001010011010100000000001001000100000000000000
