//
segsites: 75
positions: 0.014500000000000 0.039320000000000 0.045240000000000 0.057240000000000 0.063280000000000 0.072680000000000 0.090960000000000 0.094940000000000 0.097280000000000 0.108980000000000 0.109220000000000 0.118660000000000 0.120560000000000 0.121580000000000 0.127400000000000 0.136340000000000 0.143120000000000 0.207260000000000 0.219000000000000 0.244240000000000 0.255440000000000 0.293880000000000 0.294260000000000 0.304360000000000 0.325840000000000 0.354600000000000 0.355140000000000 0.356820000000000 0.376160000000000 0.379000000000000 0.382860000000000 0.391360000000000 0.421420000000000 0.425800000000000 0.426240000000000 0.426340000000000 0.427260000000000 0.433240000000000 0.447260000000000 0.471560000000000 0.489300000000000 0.500000000000000 0.518840000000000 0.536020000000000 0.538960000000000 0.547000000000000 0.549140000000000 0.551220000000000 0.551340000000000 0.553300000000000 0.591580000000000 0.636960000000000 0.653740000000000 0.666320000000000 0.676640000000000 0.688460000000000 0.704680000000000 0.742180000000000 0.753260000000000 0.763860000000000 0.770440000000000 0.780220000000000 0.816160000000000 0.832940000000000 0.835680000000000 0.845100000000000 0.885320000000000 0.908280000000000 0.948980000000000 0.950860000000000 0.958020000000000 0.958480000000000 0.966700000000000 0.971820000000000 0.975360000000000
100000110000000010010000000000001000000001001000001100110011000111000100000
110000110100001110010100000000000000000010000000100001000000000000100000110
100010110100001110011100000000000000000000001000001100110011000111000001000
100100000000000010000000101100000101000000000000010000101000011000000001000
100000110000000010010000000000001000000001001000001100110011000111000100000
100010110110001110110000000000000000000100000000100001000000000111000100000
100000110000000010010000000000001000000001001000001100110011000111000100000
100000110000000010010000000000001000000001001000001100110011000111000100000
100000110000000010010000000000001000000001001000001100110011000111000100000
100010110110001110110000000000000000000000000000000011000000000000100010111
100010110100001110000000000001110010101000100101000000000000000110000001000
100000110000000010010000000000001000000001001000001100110011000111000100000
100000110000000010010000000000001000000001001000001100110011000111000100000
100010110100001110010100000000000000000100000000100001000000000111000100000
100011110100011110010000000000000000000000000000100001000000000111000100000
100000110000000010010000000000001000000001001000001100110011000111000100000
100100000000000010000000101100000101010000001010000000100010000110000100000
100000110000000010010000000000001000000001001000001100110011000111000100000
100000110000000010010000000000001000000001001000001100110011000111000100000
100000110000000010010000000000001000000001001000001100110011000111000100000
100000110000000010010000000000001000000001001000001100110011000111000100000
100000110000000010010000000000001000000001001000001100110011000111000100000
100100001000000010000000101100000101000000000000010000101000011000000001000
100000110000000011000001000010000000000000000000100001000000000000010100000
100000110000000010010000000000001000000001001000001100110011000111000100000
100000110000000010010000000000001000000001001000001100110011000111000100000
100000110000000010010000000000001000000001001000001100110011000111100000110
100000110000000010010000000000001000000001001000000000000000000110000001000
100100000000000010000000101100000101000000000000010000101000011000000001000
100100000000000010000000101100000101000000000000010000101000011000000001000
100000110000000010010010000000000000000000000000100001000100100110001000000
100000110000000010010000010000001000000000001000001100110011000100100000110
101100000000100010000000000001110010101000100101000000000000000110000001000
100000110000000010010000000000001000000001001000001100110011000111000100000
100000110001000010010000000000001000000001001000001100110011000111000100000
100000110000000010010000000000001000000001001000001100110011000111000100000
100100001000000010000000101100000101000000000000010000101000011000000001000
100010110100001110011100000000000000000000000000100001000000000000100001000
100100000000000010000000101100001000000000011000001100110011000111000100000
100100000000000010000000101100000101000000000000010000101000011000000001000
