//
segsites: 70
positions: 0.054660000000000 0.066740000000000 0.099720000000000 0.111020000000000 0.115060000000000 0.119340000000000 0.146200000000000 0.160860000000000 0.202360000000000 0.212640000000000 0.215540000000000 0.223380000000000 0.227360000000000 0.256380000000000 0.258800000000000 0.280180000000000 0.288000000000000 0.289040000000000 0.291420000000000 0.306740000000000 0.319820000000000 0.350960000000000 0.355720000000000 0.383360000000000 0.390060000000000 0.401980000000000 0.437320000000000 0.442520000000000 0.474600000000000 0.480300000000000 0.485440000000000 0.487260000000000 0.488580000000000 0.500000000000000 0.522520000000000 0.522960000000000 0.531320000000000 0.534960000000000 0.535520000000000 0.545340000000000 0.552340000000000 0.560240000000000 0.563320000000000 0.573420000000000 0.579480000000000 0.584860000000000 0.593580000000000 0.620760000000000 0.633220000000000 0.640900000000000 0.648040000000000 0.659480000000000 0.665640000000000 0.665780000000000 0.687820000000000 0.704120000000000 0.708980000000000 0.718200000000000 0.723160000000000 0.755460000000000 0.800880000000000 0.807620000000000 0.817920000000000 0.842280000000000 0.881300000000000 0.890600000000000 0.924400000000000 0.963840000000000 0.970540000000000 0.988540000000000
0000000010000000100001000000000001000010000010010100110110000010000000
0100100010100000100001010101010110001000010100000100000000001101000000
0000000010000000100001000000000001000010000011100000001010000010000001
0100100010100000100001010101010110001000010100000100000001001101000000
0000000110010000100001000000000001000010000011100000001010000010000001
0000000000001101000010100010100000000101000000000100110010010010000000
0100000010000000100001000000000001000010000011100000001010000010000001
1001000010100000100001010101000000000101001000000100110010010010001010
0000000010000000100001000000000001000010000011100000001010000010000001
0000000010000000100001000000001000000010000011100000000010000010000001
0000000010000000100001000000000001000010000011100001001010000010000001
0000000010001100000010100010100000000101100000000100110010010010000010
0000000010000000100001000000000001000010000011100000001010000010000001
0100100010100000100010100010100000010101000000000100110010010010000010
0000000010000000100001000000000001000010000011100000001010000010000001
0000000010001100000010100010100000000101000000000100110010010010000010
1000001000001100110100100010100000100101000000000110110010110010000010
1001000010100000100001010110100000000101000000000100110010010010000000
0100100010100000100010100010100000010101000000000100110010010010000010
0000000010010000100001000000000001000010000011100000001010000010000001
0000001000001100110100100010001000000010000011100000000010000010000001
0000000010001100000010100010100000000101000000000100110010010010000010
0000000010000000100001000000000001000010000011100000001010000010000001
0000010010001100000010100010100000000101000000001100110010010010000010
1001000010100000100001010101000000000101001000000100110010010010001010
0110000000000010100001000000001000000010000011100000110010010010000000
0100100010100000100010100010100000010101000000000100110010010010000010
0000000000001101000010101010100000000101000000000100110010010010101010
0000000010000000100001000000000001000010000011100000001010000010000001
0000000010000000100001000000000001000010000011100000001010000010000001
0100100010100000100010100010100000010101000000000100110010010010010010
0000000010000000100001000000000001000101000000000110110010110010000001
0000000010000000100001000000000001000010000011100000001010000010000001
0000000010010000100001000000000001000010000011100000001010000010000001
0000000010001100000010100010100000000010000011100000000010000010000001
0000000010001100000010100010100000000101000000000100110010010010000010
0110000001001101001010100010010110001000010100000100000000001001000100
0000000010001100000010100010100000000010000011100000000010000010000001
0000000010000000100001000000000001000010000011100000001010000010000001
0000000000001101000010100010100000000101000000000100110010010010000000
