//
segsites: 74
positions: 0.017680000000000 0.025300000000000 0.115840000000000 0.129860000000000 0.165300000000000 0.177460000000000 0.192560000000000 0.193700000000000 0.208600000000000 0.225240000000000 0.239700000000000 0.254580000000000 0.259500000000000 0.273440000000000 0.284880000000000 0.286500000000000 0.303380000000000 0.314720000000000 0.325020000000000 0.334040000000000 0.352760000000000 0.383320000000000 0.390160000000000 0.422420000000000 0.469120000000000 0.471920000000000 0.479400000000000 0.482320000000000 0.490500000000000 0.495920000000000 0.500000000000000 0.504060000000000 0.515420000000000 0.529760000000000 0.544500000000000 0.550680000000000 0.555000000000000 0.555000000000000 0.559800000000000 0.573340000000000 0.583380000000000 0.586200000000000 0.593720000000000 0.599660000000000 0.600840000000000 0.612860000000000 0.625660000000000 0.635720000000000 0.644820000000000 0.666000000000000 0.678840000000000 0.685320000000000 0.704520000000000 0.720120000000000 0.722420000000000 0.735560000000000 0.752860000000000 0.756440000000000 0.772860000000000 0.773800000000000 0.781960000000000 0.800580000000000 0.843260000000000 0.860380000000000 0.924120000000000 0.924280000000000 0.927700000000000 0.930940000000000 0.932980000000000 0.933860000000000 0.950140000000000 0.954200000000000 0.969680000000000 0.972140000000000
11100000000000000110001101101000001010001010001100000000001000001101010101
10100000000000000000000000000110100100000000110011000101000010101101010101
10100001110100000000000000000000101010000010001000000000000000100001010010
11100100000000000110001100101000001010000110001000000000001001001101010101
10100000000000000000000000000010100100000000110011000101000010101101010101
11100000000000000110001101101000001010101010001100000000001000001101010101
10110011110010000000000000010000101010001010001100000000001000001101011000
10100000000000000000000000000010100100000000110011000101100010101101010101
10110011110010000000000000010000101010000010001000100000001000001101010000
10110000000000000110001100101000001010000010001000000000001000001101010000
11100000000000000110001111101000001010000011001000010000001000001101010101
11100000000000000110001100101000001010000010001000000000001000001101010101
10100000000000000110001100101000001010000010001000000000000000100001010010
10100000000000000000000000000010100100000000110011000101000010101101010101
11100000000000000110101101101000001010001010001100000000001000101101010101
10100000000000000000000000000010100100000000110011000101000010101101010101
10100000000000000000000000000010100100000000110011000111000010101101010101
10101000001000000110001100101000001010000010001000000000001000001101010101
10100000000000000000000000000010100100000000110011000101000010101101010101
10100000000000000000000000000010100100000000110011000101000010101101010101
10100000000000000000000000000010100100000000110011000101000010101101010101
11100000000000000110001100101000001010000010001000000000001000001101010000
10100000000000000000000000000010100100000000110011000101000010101101010101
10100000000000000000000000000010100100000000110011000101000010101101010101
10100000000000000000000000000010100100000000110011000101000010101101010101
11100000000000000110001101101000001010001010001100000000001000001101010101
10100000000000000000000000000010100100000000110011000101000010101101010101
10100000000000010110001100101000001010000010001000000000001000001101010101
10100000000000000000000000000010100100000000110011001101000010101101010101
10100000000000100001010000000000010001010000000000000000001100011101010101
10100000000000000000000000000010100100000000110011000101000010101101010101
11100000000000000110001100101000001010000010001000000000000000100001010010
10000000000000010110001100101001001010000010001000000000001000001101010101
00000000000000001000000000000000001010000010001000000000011000001111110000
00000000000000000000000000000000001010000010001000000000011000001111110000
10100000000000000000000000000010100100000000110011000101000010101101010101
10100000000000000000000000000010100100000000110011000101000010101101010101
10100000000000000110001100101000001010000010001000000000000000100001010010
10100000000000000000000000000010100100000000110011000101000010101101010101
10100000000001000000000000000010100100000000110011000101000010101101010101
