//
segsites: 100
positions: 0.024120000000000 0.032080000000000 0.048220000000000 0.049860000000000 0.052840000000000 0.058960000000000 0.061940000000000 0.065180000000000 0.092960000000000 0.102740000000000 0.104220000000000 0.113340000000000 0.115100000000000 0.121220000000000 0.125040000000000 0.126100000000000 0.128880000000000 0.132720000000000 0.140480000000000 0.145820000000000 0.167780000000000 0.184340000000000 0.197060000000000 0.198060000000000 0.202100000000000 0.210880000000000 0.223060000000000 0.245540000000000 0.255060000000000 0.263580000000000 0.300000000000000 0.311720000000000 0.338640000000000 0.347200000000000 0.349940000000000 0.364840000000000 0.374240000000000 0.374380000000000 0.385980000000000 0.398360000000000 0.399700000000000 0.402040000000000 0.408120000000000 0.419820000000000 0.420200000000000 0.432320000000000 0.451500000000000 0.466900000000000 0.469000000000000 0.487400000000000 0.500000000000000 0.517960000000000 0.546600000000000 0.562080000000000 0.563220000000000 0.576720000000000 0.595320000000000 0.628380000000000 0.628560000000000 0.640120000000000 0.640540000000000 0.643260000000000 0.646780000000000 0.646880000000000 0.657660000000000 0.670480000000000 0.709540000000000 0.730000000000000 0.737020000000000 0.742320000000000 0.750000000000000 0.751280000000000 0.760000000000000 0.767020000000000 0.783140000000000 0.784480000000000 0.790820000000000 0.802780000000000 0.820560000000000 0.841800000000000 0.850140000000000 0.854080000000000 0.876180000000000 0.877040000000000 0.878100000000000 0.888660000000000 0.902480000000000 0.908280000000000 0.908380000000000 0.910060000000000 0.911320000000000 0.917360000000000 0.918880000000000 0.920380000000000 0.940680000000000 0.942600000000000 0.976280000000000 0.980540000000000 0.980660000000000 0.992920000000000
0000010000000100000100100000000110110001000000000011000000010001000000000010000000001001010000000000
0001000000000001000001010000000000000000000010000000000100001000010000100001000000000010000001000000
0100100011000000000000000000100000000000010001000100001000000000000000000000010000000000000000000000
0000010000000100000100100000000110110001000000000001000000010001000000000010000000001001010000100100
0000010000000100000100100000000110110001000000000000110000100000000000101000000010000000000000000000
0000010000000100000000000000001000000100001000010000000000000010001101010000000010010000000000000000
0000000100000000101010000101000000000000010100000000000100001000010000100001000000000010000000000000
0000010000000100000100100000000110110001000000000011000000010001000000000010000000001001010000000000
0000010000000100000100100000000110110001000000000011000000010001000000000010000000001001010000000000
0000010000000100000100100000000110110001000000000011000000010001000000000010000000001001010000000000
0000000100000000110010000101000000000000000000000001000000010001000000000010000000001001010000000000
0000010000000100000100100000000110110000000000010000000000000010001101010001000000000110100000000000
0010000000010000000000001000000110110010100000000000100000100000000000101000000010000000000000000000
0000010000000100000100100000000110110001000000000011000000010001000000000010000000001001010000000000
0000000000100010000000000000001000000100001000010000000000000010001101010000001010010000000000000000
0000010000000100000100100000000110110001000000000011000000010001000000000010000000001001010000000000
0000000000001000000100100000000110110001000000000001000000000000000000000000010100000000000000000000
0000010000000100000100100000000110110001000000000011000000010001000000000010000000001001010000000000
0000000100000000110010000101000000000000000000100000000000000000000010101000000001100000000000010000
1000010000000100000100100000000110110001000000000011000000010001000000000010000000001001010000000000
0010000000010000000000001000000110111010100000001000100000100000000000101000000010000000000000000000
0000010000000100000100100000000110110001000000000011000000010001000000000010000000001001010000000000
0000010000000100000100100000000110110001000000000011000000010101000000000010000000001001010000000000
0000000100000000100010000101000000000000010100000000000100001000010000100001000000000010000000000000
0010000000010000000000001000000110111010100000000000100000100000000000101000000010000000000000000000
0010000000010000000000001000000110111010100000000000100000100000000000101000000010000000000000000000
0000010000000100000100100000000110110001000000000011000000010001000000000110000000001001010000000000
0000010000000100000100100000000110110001000000000011000000010101000000000010000000001001011000000000
0000000000100010000000000000011000000100001000010000000010000010001101010000000000000010000001000000
0010000000010000000000001000000110110010100000000000100000100000001101010000000010010000000000000000
0000010000000100000100100000000110110001000000000011000000010001000000000010000000001001010000000000
0000000000100010000000000010001010110000000000100000000001000000100000101000100000000000000010001011
0000010000000100000100100000000111110001000000000000000001000010001101010000000001100000000000010000
0000010000000100000100100000000110110001000000000000110000100000000000101000000010000000000000000000
0000011000000100000100100000000110110001000000000011000000010001000000000010000000001001010100000000
0000010000000100000100100000000110110001000000000011000000010001000000000010000000001001010000000000
0000000100000000100010000101000000000000010100000000000100001000010000100001000000000010000000000000
0000010000000100000100100000000110110001000000000011000000010000010000100001000000000010000000000000
0000000000100010000000000000001000000100001000010000000010000010001101010000000000000010000001000000
0000000000100010000000000010001010110000000000100000000000000000000010101000000001100000000000010000
