//
segsites: 92
positions: 0.013700000000000 0.015880000000000 0.018920000000000 0.026740000000000 0.037460000000000 0.038600000000000 0.044640000000000 0.049680000000000 0.056120000000000 0.065080000000000 0.095100000000000 0.097520000000000 0.098160000000000 0.105100000000000 0.108800000000000 0.119520000000000 0.131500000000000 0.146480000000000 0.166840000000000 0.172860000000000 0.192900000000000 0.200300000000000 0.221460000000000 0.221940000000000 0.228740000000000 0.245460000000000 0.248900000000000 0.270560000000000 0.275880000000000 0.278620000000000 0.287120000000000 0.292740000000000 0.300820000000000 0.313000000000000 0.314980000000000 0.333140000000000 0.341280000000000 0.367580000000000 0.388000000000000 0.388920000000000 0.400320000000000 0.407240000000000 0.429840000000000 0.453340000000000 0.459120000000000 0.482740000000000 0.483760000000000 0.500000000000000 0.502860000000000 0.510240000000000 0.513540000000000 0.517320000000000 0.518620000000000 0.533060000000000 0.547680000000000 0.557820000000000 0.572060000000000 0.582120000000000 0.585020000000000 0.591560000000000 0.591600000000000 0.609920000000000 0.616500000000000 0.617040000000000 0.619460000000000 0.621280000000000 0.623480000000000 0.654680000000000 0.683000000000000 0.686680000000000 0.690860000000000 0.693660000000000 0.695900000000000 0.698820000000000 0.714720000000000 0.727200000000000 0.805040000000000 0.811120000000000 0.822140000000000 0.832200000000000 0.837220000000000 0.851740000000000 0.909080000000000 0.934560000000000 0.939560000000000 0.945080000000000 0.949840000000000 0.966080000000000 0.968460000000000 0.972880000000000 0.973160000000000 0.988680000000000
00001000100010100000001000001001000001010001000000000001010100000000000001000011101010001000
00001000000000010010010010000010000010001000001000000000010100000000000001000011101010001000
00110001010000000000000110100000000100001000000000001000010100010010000000000000000000000000
00001000000010100000001000001001000001000000000011000000000000001001001100000100000000010000
00001000000010100000001000001001000000001000000100000110000000000000010000100000011010001000
00110000000000010010010010000100000000001000000100000110000000000000010000100001100010000001
11110000010000000000000110100000000100001000000000010000010100000000100001000011100010000000
00110000000000010010010010000100000000001000000100000110000000000000010000100000011010001000
00000100000001001001000000000000000000000000100000000000101011100100001000000000000001100010
00110000000000010010010010000100000000001000000100000110000000000000010000100000011010001000
10110000010000010010010010000100000000001000000100000110000000000000010000100000011010001000
00001000000010100000001000001001000001000000010011000000000000001001001000000000000000000000
00110000000000010010010010000100000000001000000100000110000000000000010000100000011110001000
00001000000010100000001000001000000001100100000000000000010100000000000011000011101010001000
00110000000000010010010010000100000000001000000100000110000000000000010000100000011010001000
00110000000000010010010010000100000000001000000100000110000000000000010000100000011010001000
00001000000010100000001000001001000001000000000000000000010100000000000001000011101010001000
00001000000000010010010010000010000010001000001000000000010100000000000001000011101010001000
00000100000000000010010010000000000010001000000000000000010100000000000001010011101010001000
00110000000000010010010010000100000000001000000100000110000000000000010000100000011010001000
00110000000000010010010010000100000000001000000100000110000000000000010000100000011010001100
00000100000000001001000000000000000000000000100000000000101011100100001000000000000001100010
00110000010000000000000110100000000100001000000011000000010100000000000001000011101010001000
00000100000001001001000000000000000000000000100000000000101011100100001000000000000001100010
00001000000010100000101000001001001001000000000000100000010100000000000001000011101010001000
00001000000010100000000000000100000000001000000100000110000000000000010000100000011010001000
00001000000010100000001000001001000001000000000011000000000000001000010000100000011010001000
00110000000000010010010010001001100001000000010011000000000000001001001000000011100010001000
00001010000010100000001000001001001001000000000011000000000000001001001000000000001010001000
00001000000010100000001000001001100001000000010011000000000000001001001000000011100010000000
00110000000100010010010010010100010000001000000000000110000000000000010000101000011010001000
00110000000000010010010010000100000000001000000100000110000000000000010000100000011010001000
00110000000000010010010010000100000000001000000100000110000000000000010000100000011010001000
00110000010000000100000111100000000100001000000000000000010100010010000000000000000000000000
00001000000010100000001000001001000001000000000011000000000000001001001100000100000000010000
00001000000010100000001000001001000001000000000011000000000000001001001100000100000000010000
00001000001010100000001000001001000001000000000011000000000000001001001100000100000000010000
00110000000000010010010010000100000000001000000100000110000000000000010000100000011010001000
00110000000000010010010010000100000000001000000100000110000000000000010000100000011010001000
00001000000000001001000000000000000000000010100000000000101011100100001000000000000001100010
