//
segsites: 61
positions: 0.006800000000000 0.015420000000000 0.051900000000000 0.078620000000000 0.080620000000000 0.083960000000000 0.096900000000000 0.149660000000000 0.156480000000000 0.158920000000000 0.203740000000000 0.210840000000000 0.226900000000000 0.230500000000000 0.235000000000000 0.256060000000000 0.294360000000000 0.311000000000000 0.311940000000000 0.316480000000000 0.317100000000000 0.320660000000000 0.347680000000000 0.482540000000000 0.500000000000000 0.525060000000000 0.536860000000000 0.538160000000000 0.540400000000000 0.543080000000000 0.553440000000000 0.595400000000000 0.601480000000000 0.604560000000000 0.608460000000000 0.630360000000000 0.637600000000000 0.688760000000000 0.697340000000000 0.725100000000000 0.758780000000000 0.766820000000000 0.774680000000000 0.789220000000000 0.792400000000000 0.806980000000000 0.807840000000000 0.810740000000000 0.811380000000000 0.821900000000000 0.822620000000000 0.894000000000000 0.908000000000000 0.930460000000000 0.934180000000000 0.947740000000000 0.959520000000000 0.977260000000000 0.978800000000000 0.981940000000000 0.999840000000000
1010001000111000010100000010011010000010100001010000100000000
0100000000000000000000100010011010000010001110000010001010100
0000000000000100010000000100100101001100001000000000010000010
0100000000000000000000101010011010100010001110000010001011100
0100000000000000100000000100100101001100001000000000010000010
0100000000000000000000101010011010100010001110000010001010100
0100000000000000000000101010011010100010001110000010001010100
0010010001000000100000000100100101001100001000000000010000010
1010001000110000010000000011011010000010001110000010001010100
0100000000000000000000101010011010100010001110000010001010100
1011001000111000010100000010011010000010100000010000100000000
1010001000110000010000000100100101001100001000000000010010100
0100000000000000000000101010011010100010001110000010001010100
0100000000000000000000101010011010100010001110000010001010100
1010001000110000010000000011011010000010001110000010001010100
0010000001000010001001010100100101001101001000101100000100001
1010001000110000010000000011011010000010001110000010001010100
0100000000000000000000101010011010100010001110000010001010100
0100000000000000000000101010011010100010001110000010001010100
1010001000110000100010000100100101001100001000000000010000010
0000000000000100010000000100100101001100001000000000010000010
1010001100100100010000000010011010000010100000010000100000000
0100000000000000000000101010011010100010001110000010001010100
0100001010110000010000000010011010000010001110000011001010100
0100100000000000000000101010011010100010001110000010001010100
0100000000000000000000101010011010100010001110000010001010100
0100001010110000010000000010011010000010001110000010001010100
0100001000110000010100000010011010000010001110000010010000010
0100000000000000000000101010011010100010001110000010001010100
0000000000000100010000000100100101001100011000000000010000010
0100000000000000000000101010011010100010001110000010001010100
0100000000000000000000101010011010100010001110000010001010100
0000000000000100010000000100100101001100001000000000010000010
1010001000110000100010000100100101001010001110000010001010100
1010001000110001100010000100100101011100001000000000010000010
0100000000000000000000101010011010100010001110000010001010100
0100000000000000000000101010011010100010001110000010001010100
0100000000000000000000101010011010100010001110000010001010100
0100000000000000000000100010011010000010001110000010001010100
0100000000000000000000100010011010000010001110000010001010100
