//
segsites: 83
positions: 0.062660000000000 0.078960000000000 0.082500000000000 0.086140000000000 0.089480000000000 0.100800000000000 0.102700000000000 0.112460000000000 0.121420000000000 0.125840000000000 0.135280000000000 0.138000000000000 0.142400000000000 0.150580000000000 0.181720000000000 0.185000000000000 0.187420000000000 0.210420000000000 0.212120000000000 0.229040000000000 0.238500000000000 0.242960000000000 0.263080000000000 0.299220000000000 0.299980000000000 0.303280000000000 0.314080000000000 0.320100000000000 0.327860000000000 0.332140000000000 0.332980000000000 0.341880000000000 0.350940000000000 0.370380000000000 0.375780000000000 0.378480000000000 0.380860000000000 0.390420000000000 0.420200000000000 0.423260000000000 0.426500000000000 0.427500000000000 0.428280000000000 0.478820000000000 0.500000000000000 0.532420000000000 0.540140000000000 0.540900000000000 0.541860000000000 0.549040000000000 0.582880000000000 0.595800000000000 0.616660000000000 0.618100000000000 0.621060000000000 0.624320000000000 0.633660000000000 0.650520000000000 0.661980000000000 0.666020000000000 0.673860000000000 0.674180000000000 0.691120000000000 0.699540000000000 0.709540000000000 0.734000000000000 0.757940000000000 0.790820000000000 0.791680000000000 0.804080000000000 0.821320000000000 0.822640000000000 0.847160000000000 0.883220000000000 0.884840000000000 0.894160000000000 0.907120000000000 0.922860000000000 0.928980000000000 0.950880000000000 0.956520000000000 0.976880000000000 0.994700000000000
00000000001010000010010001000010000000000000100000010110000000011100000100001010000
10100010000000000000000010000100111001101000000000100000000001100000010000000000010
00000000001010000010010001000010000000000000100000010110000000011000000100001010000
01000101110000001000100001000000000000000000000110000000010000000010100100001011000
00001000001010000010010001000000000000000000000000010110000010011001000100001010000
00000000001010000010010001000010000000000000100000010110000000011000000100001110000
00010000000001010001000001000010000000000000100000010110000000011000000100001010000
01000101110000001000000001000000000000000001010100010111000000011000000101001010000
00010000000001010001001000100000101001001110000000011000000100001000000100100000000
00000000001010000010010001000010000000000000100000010110000000011000000100001010000
01000101110000001000000001000000000000000001010100010110000000011000000100001010000
00100010000000000000000010000100101001101000000000100000000000100000010100001010000
00000000001010000010010001000010000000000000100000010110000000011000000100001010000
00000000001010000010010001000010000000000000100000010110000000011000000100001010000
00010000000101010001001100001001000100010000000110000000011000000010100100001010000
00000000001010000010010001000000000000010000001111000000010000000010100100001010000
00000000001010000010010001000010000000000000100000010110000000011000000100001010000
00000000001010000010010001000010000000000000100000010110000000011000000100001010000
00000000001010000010010001000010000000000000100000010110000000011000000100001010000
00000000001010100010010001000010000000000000100000010110000000011000000100001010000
00010000000001010001001000100000101001001110000000011000000100001000000100001010000
00000000001010000010010001000010000000000000000000010110000000011000000100001010000
00000000001010000010010001000010000000000000000000000000000000100000010000000000100
00010000000001010001001001000000000000000001010100000000100000100000001000100000000
00000000001010000010010001000010000000000000100000010110000000011000000100001010000
00000000001010000010010001000010000000000000100000010110000000011000000100001010000
00000000001010000010010001000010000000000000100000010110000000011000000100001010000
00000000001010000010010001000010000000000000100000010110000000011000000100001010000
00000000001010000110010001000000001011101000000100011000000100001010100110001010000
00010000000101010001001100001000000100010000000110100000000000100000010000000000100
00010000000001010001001001000000000000000001010100011000000100001010100110001010000
00000000001010000010010001000010000000000000100000010110000000011000000100001010000
00000000001010000010010001000010000000000000100000010110000000011000000100001010000
00000000001010000010010001000010000000000000100000010110000000011000000100001010000
00000000001010000010010001000010000000000000100000010110000000011000000100001010000
00000000001010000010010001000010000000000000100000010110000000011000000100001010000
00000000001010000010010001000010000000000000100000010110000000011000000100001010000
10100010000000000001001001010000000000000001010000100000000000100000010000010000101
00000000001010000010010001000010000000000000100000010110000000011000000100001010000
00010000000001010001001001000000000000000000000110000000010000000010100100001011000
