//
segsites: 80
positions: 0.001340000000000 0.014060000000000 0.021780000000000 0.031420000000000 0.039540000000000 0.043180000000000 0.083620000000000 0.103100000000000 0.116180000000000 0.121680000000000 0.135800000000000 0.142500000000000 0.150420000000000 0.164480000000000 0.178140000000000 0.180860000000000 0.204020000000000 0.214940000000000 0.226340000000000 0.226980000000000 0.235060000000000 0.241460000000000 0.241700000000000 0.245460000000000 0.306620000000000 0.326900000000000 0.361740000000000 0.364000000000000 0.372020000000000 0.379400000000000 0.384500000000000 0.403660000000000 0.405300000000000 0.410540000000000 0.443000000000000 0.443640000000000 0.445960000000000 0.455700000000000 0.458320000000000 0.463960000000000 0.467440000000000 0.494540000000000 0.500000000000000 0.533340000000000 0.578140000000000 0.632120000000000 0.642500000000000 0.642840000000000 0.661440000000000 0.661880000000000 0.664300000000000 0.670120000000000 0.670600000000000 0.678980000000000 0.706620000000000 0.708520000000000 0.723260000000000 0.732880000000000 0.742220000000000 0.751220000000000 0.759100000000000 0.778140000000000 0.785000000000000 0.787740000000000 0.810900000000000 0.813820000000000 0.842280000000000 0.844360000000000 0.845180000000000 0.850520000000000 0.857220000000000 0.875440000000000 0.899640000000000 0.928680000000000 0.957820000000000 0.964940000000000 0.966040000000000 0.966280000000000 0.994420000000000 0.997160000000000
11000000000000100000100000000000001000010110110000000000100000000001001000000000
11000000000000100000100000000001001000010110110000000000100000000001001000000000
11000000000000100000100000000000001000010110110000000000100000000001001000000000
11000000000000101000100000000000001000010110110000000000100000000001001000000000
11000000000000100000100000000000001000010110110000000000100000000001001000000000
11000000000000100000100000000000001000010110110000000000100000000001001000000000
11000000000000100000100000000000001000010110110000000000100000000001001000000000
11000000000000100000100000000000001000010110110000000000100010000001001000000000
11000000000000100000100000000000001000010110110000000000000000000000000001011000
11000000000000100000100000000000101000010110110000000000100000000001001000000000
11000000000000100000100000000010001000010110110000000000100000000001001000000000
00000001001000100000101000000000000000000000000000000010000001001010000000100010
00001000000010000000100000000100010000000001010000000000100000000001111000000000
11000000000000100000100000000000001000010110110000000000100000000001001000000000
11000000000000100000100000000000001000010110110000000000100000000001001000000000
11000000000000100000100000000000001000010110110000000000100000000001001000000000
00000000000000000100000000000000001000010110110000000000100000000001001000000000
00000001001001100001000000000000001000010110110000000000100000000001001000000000
00000001001000100000101010000000000000000000000000000010000001001010000000100010
00000001001001100001010000000000001001010100110000000000100000000001001000000000
00000000000000000100000001001000000000000000000101100100000000000000000010000000
00000000000000000100000001001000000100101100100000100100000000000000000001010000
00001010100000010000100100000100010000000000000101100100000000000000000010000000
00001000000000000000100000000100010000000001000010000001000001101010000000000010
11000000000000100000100000000000001000010110110000000000100000000001001000000000
11000000000000100000101000000000001000010100110000000000100000000001101000000000
00000001001001000010000000100000010000000000000000100100011101000100000000000001
11000000000000100000100000000000001000010110110000000000100000000001001000000000
11000000000000100000100000000000001000010110110000000000100000000001001000000000
11000000010000100000101000000000001000010100110000000000100000000001101000000000
11000000000000100000100000000000001000010100110000000000100000000001001000000000
00000100000100000010000000100000010000000000000000100100000000000000000001010000
00000100000100000010000000100000010000000000000000110100000000000000000101010100
00000000000000000100000001001000000100101100100000100100000000000000000001010000
11000000000000100000100000000000001000010110110000000000100000000001001000000000
00100000000000000000101000010000000010000000000000001010000001001010000000100010
00011000000000000000100000000100010000000000000000100100010101010100000000000001
11000000000000100000100000000000001000010110110000000000100000000001001000000000
00000001001001100001000000000000001000010100111000000000100000000001001000000000
00001000000000000000100000000100010000000000100000100100000000000000000001010000
