//
segsites: 77
positions: 0.028640000000000 0.036920000000000 0.037260000000000 0.044420000000000 0.054920000000000 0.060680000000000 0.063960000000000 0.066180000000000 0.069780000000000 0.123620000000000 0.181280000000000 0.182360000000000 0.204360000000000 0.218620000000000 0.223460000000000 0.229100000000000 0.242000000000000 0.286100000000000 0.288300000000000 0.327920000000000 0.338560000000000 0.338920000000000 0.348500000000000 0.353320000000000 0.358740000000000 0.372240000000000 0.400440000000000 0.406820000000000 0.417900000000000 0.424960000000000 0.426480000000000 0.448420000000000 0.465060000000000 0.470740000000000 0.484860000000000 0.493060000000000 0.500000000000000 0.507660000000000 0.510340000000000 0.514840000000000 0.516440000000000 0.517960000000000 0.538300000000000 0.540280000000000 0.597540000000000 0.607820000000000 0.636500000000000 0.657600000000000 0.660780000000000 0.679840000000000 0.685180000000000 0.692880000000000 0.697900000000000 0.698120000000000 0.717140000000000 0.720200000000000 0.722920000000000 0.724100000000000 0.724420000000000 0.739980000000000 0.756940000000000 0.768040000000000 0.774480000000000 0.777100000000000 0.782000000000000 0.793200000000000 0.815120000000000 0.822940000000000 0.899900000000000 0.918140000000000 0.930940000000000 0.938400000000000 0.940020000000000 0.944160000000000 0.966800000000000 0.992820000000000 0.995220000000000
10000000000010000000110000011000100010000100000001100000010101110110010010010
01000010000000100000110000010000100010000100000001100000010101110110010010000
00000100100000011000000110010100000100000001000001001000110101110110000000000
10000000000010000000110000010000100010000100000001100000010101110110010010000
01000010000000100001000001100000000000100010000100000100001000010000100001000
10000000000010000000110000010000100010000100000001100000010101110110010010000
10000000000010000000110000010000100010000100000001100000010101110110010010000
00000100000000010100000110010100001001001001000000000000000100010001001000000
10000000000010000000110000010000100010000100000001100000010101110110010010000
10000000000010000000110000010000100010000100000001100000010101110110010010000
10000000000010000000110000010000100010000100000001100000010101110110010010000
01000010000000100001000001100000000000100010000100000100001000010000100001000
01000010000000100001000001100000000000100010000100001000110101110110000000000
00010100100000010000000110010100000100000001000001001000110101110110000000000
10000000000010000000110000010000100010000100000001100000010101110110010010000
00000100000000010100000110010100001001001001001000000000000110010001001000000
01000010001000100001001001100000000000000010000100000100001000010000100000000
10000000000010000000110000010000100010000100000001100000010101110110010010000
10000000000110000000110000010000100000000100000001100000010101110110010010000
00000100100000010000000110010100000100000001000001011000110101110110010010000
10000000000010000000110000010000000000000010010100000100001000010000100000000
10000000000010000000110000010000100010000100000001100000010101110010000100001
10000000000010000000110000010000100010000100000001100000010101110110010010000
10000000000010000000110000010000100010000100000001100000010101110110010010000
10000000000010000000110000010000100010000100000001100000010101110110100001000
10000000000010000000110000010000100010000100000001100000010101110110010010000
00000100100000010010000110010100010100000001000000000000000100010001000000100
10000000000010000000110000010000100010000100000001100000010101110110010010000
10000000000010000000110000010000100010000100000001100000010101110110010010000
10000000000010000000110000010000100010000100000001100000010101110110010010000
10000000000010000000110000010000100010000100000001100000010101110110010010000
01000010000000100001000001100000000000000010000100000100001000010000100000000
00000100100000010000000110010100001001001001000000000000000100010010000000001
10000000000010000000110000010000100010000100000001100000010101110110010010000
01000010000000100001000001100000000000100010000100000100001000010000100001000
00100100000000010000000110010100001001011001000010000000000100011001000000100
01000010000000100001000001100000000000100010000100000100001000010000100001000
10001000010001000001000000010011001001001001100000000001010101110110010010000
10000001000010000000110000010000100010000100000001100010010101110110010010000
10000000000010000000110000010000100010000100000001100000010101110110010010000
