//
segsites: 61
positions: 0.009960000000000 0.036960000000000 0.050360000000000 0.053640000000000 0.061660000000000 0.066980000000000 0.084360000000000 0.143720000000000 0.163860000000000 0.180900000000000 0.186840000000000 0.196000000000000 0.211780000000000 0.213560000000000 0.230680000000000 0.232880000000000 0.263600000000000 0.284760000000000 0.307780000000000 0.310020000000000 0.311060000000000 0.313240000000000 0.314460000000000 0.337580000000000 0.345420000000000 0.365560000000000 0.376360000000000 0.386560000000000 0.397800000000000 0.416420000000000 0.476800000000000 0.477600000000000 0.500000000000000 0.512620000000000 0.515640000000000 0.530780000000000 0.532860000000000 0.535260000000000 0.548400000000000 0.555240000000000 0.572880000000000 0.574680000000000 0.616820000000000 0.635680000000000 0.664640000000000 0.672080000000000 0.675660000000000 0.676860000000000 0.681300000000000 0.697880000000000 0.701000000000000 0.762700000000000 0.768260000000000 0.797980000000000 0.828380000000000 0.888760000000000 0.926220000000000 0.930860000000000 0.940640000000000 0.948460000000000 0.986460000000000
1000110010000000010000000101000010001000000000000011111100011
1000110010001001000111000011010000000000000101000000111100011
1000110010000000010000000101000010001000000000000011111100011
1000110010000000010000000101000010001000000000000011111100011
1000110010000000010000000101000010001000000000000011111100111
1000111011101001000111000001011000000000000100000000111100011
1000110010000000010000000101000010001000000000000011111100011
1000111011101001000111000001011000000000000100000000111100011
1000111010001101000111000001011000000000000100000000111100011
1000110111001001000111000001011000000000000100000000111100011
1000110010000000010000000101000010001000000000000011111100011
1000110010000000010000000101000010001000000000000011111100011
1000110010000000010000000101000010001000000000000011111100011
1000110010001001000111000011010000000000000100000000111100011
1000110010000000010000000101000010001000000000000011111100011
1000110010000000010000000101000010001000000000000011111100011
1000111011001001000111000001011000000000000100000000111100011
1000110110001001000111000001010000000001000100001000111100011
1000110011001001000111000101010000000000000100000000111100011
1100110010001001000111000001010000000000000100010000111100011
1000110010000000010000000101000010001000000000000011111110011
1000110010010000010000000101000000001000000000000011111100011
1000111011001001000111000001011000000000000100000000111100011
1000110010000000010000000101000010001000000000000011111100011
1000110010000000010000000101000010001000000000000011111100011
1000110010000000010000000101000010001000000000000011111100011
1000110010000010010000000101000010001000000000000011111100011
1000110010000000010000000101000010001000000000000011111100011
1000111011001001000111000001011000000000000100000000111100011
1000111010001001100111000001011000000000000100000000111100011
1001110110001001000111000101000010001000000000000011111100011
1000110010000000010000000101000010001000000000000011111100011
1000110110001001001100000101100010001000000000000011111100011
1000111011001001000111000001011000000000000100000100111101011
1010110010000000000000011000000101110000111010100000111100011
1000110010000000010000000101000010001000000000000011111100011
1000110010000000010000000101000000000000000100000000111100011
1000110010000000010000000101000010001000000000000011111100011
1000110110001001000111000001010000000101000100000000111100011
1000110010000000010000100101000000001010000000000011111100011
