//
segsites: 61
positions: 0.009540000000000 0.016640000000000 0.021840000000000 0.052020000000000 0.055860000000000 0.114660000000000 0.117500000000000 0.127280000000000 0.202080000000000 0.206200000000000 0.208200000000000 0.229140000000000 0.238340000000000 0.299140000000000 0.302000000000000 0.320060000000000 0.330000000000000 0.333200000000000 0.371340000000000 0.378180000000000 0.384000000000000 0.403900000000000 0.410300000000000 0.416300000000000 0.421080000000000 0.439000000000000 0.451220000000000 0.471600000000000 0.491880000000000 0.499780000000000 0.500000000000000 0.512820000000000 0.548080000000000 0.566820000000000 0.573480000000000 0.576820000000000 0.587560000000000 0.590880000000000 0.625920000000000 0.692740000000000 0.718020000000000 0.724000000000000 0.731580000000000 0.742360000000000 0.746040000000000 0.750340000000000 0.774400000000000 0.778840000000000 0.783100000000000 0.801260000000000 0.808960000000000 0.844780000000000 0.849400000000000 0.858720000000000 0.896480000000000 0.900600000000000 0.932940000000000 0.933260000000000 0.949460000000000 0.976720000000000 0.995640000000000
0110011000110001000001000100111000001101000000001001000000100
0110011000110001000000000100111000001101000000001001000000100
0110011000110001000000000100111000001101000000001001000000100
0110011000010000100010000000010010011100110100000010000011001
0110011000010010100010000000010010011101000000001001000000100
0110011000110001000000000100111000001101000000001001000000100
0110011000110001000000000100111000001101000000001001000000100
0110011000110001000000000100111000001101000000001001000000100
0110011000110001000000000100111000001101000000001001000000100
0110011000010000100000000010010100001101000000001001000000100
0110011000110001000000000100111000001101000000001001000000100
0110011000010000100010000000010010011100110100000000000011001
0110011000110001000000000100111000001101000000001001000000100
1110011000010000100010100000010010011100110100000000000011001
1110011000010000100010000000010010011100110100000000000011001
0110011000111001000000000100110000001101000000001001010000110
0110111000010000100000000010010100001101000000001001000000100
0110011000010101000000010101110000001100001001010100100101001
0110011000010000100010000000010010011100110100001001001000100
0110011000110001000000000100111000001101000000001001000000100
0110011000010001000000000100110000101100001001010000100101001
0110011000110001000000000100111000001101000000101001000000100
0110011000110001000000000100111000001101000000001001000000100
0110011000110001000000000100111000001101000000001001000000100
0110011000010001000000000100110000001101000000001001000000100
0110011000010001000000000100111000001101000000001001000000100
0110011000110001000000000100111000001101000000001001000000100
0110011000010001000000000100111000001101000000001001000000100
0110011000010101000000000101110000001100001001010100100101001
0110011001110001000000000100111000001101000000001001000000100
0110011000110001000000000100111001001101000000001001000000100
0110011000010000100110000000010010011100110100000000000011001
1001000100010000010000001000000100001101000000001001000000100
0110011010010001000000001000000000000110000010001000000000100
0110011000110001000000000100111000001101000000001001000000100
0110011000110001000000000100111000001101000000001001000000100
0110011000010000101010000100110000001100001000010000100101001
0110011000110001000000000100111000001101000000001001000000100
0110011000110001000000000100111000001101000000001001000000100
0110011000110001000000000100111000001101000000001001000000100
