//
segsites: 69
positions: 0.001400000000000 0.057200000000000 0.081540000000000 0.097380000000000 0.110080000000000 0.119520000000000 0.143880000000000 0.148740000000000 0.190240000000000 0.199780000000000 0.208960000000000 0.217240000000000 0.217300000000000 0.222540000000000 0.224760000000000 0.232100000000000 0.232700000000000 0.238120000000000 0.252280000000000 0.261640000000000 0.264740000000000 0.270660000000000 0.282860000000000 0.293980000000000 0.313400000000000 0.343800000000000 0.349640000000000 0.398920000000000 0.407020000000000 0.410840000000000 0.445400000000000 0.446520000000000 0.454000000000000 0.460680000000000 0.482060000000000 0.483480000000000 0.484400000000000 0.495020000000000 0.500000000000000 0.503120000000000 0.506180000000000 0.523860000000000 0.532400000000000 0.558360000000000 0.558660000000000 0.561020000000000 0.568820000000000 0.588100000000000 0.602520000000000 0.634700000000000 0.638900000000000 0.640480000000000 0.641100000000000 0.724420000000000 0.733860000000000 0.738740000000000 0.750880000000000 0.776360000000000 0.785200000000000 0.790800000000000 0.815140000000000 0.866840000000000 0.869940000000000 0.876080000000000 0.879240000000000 0.909640000000000 0.925620000000000 0.947740000000000 0.973920000000000
001001000100000000000101100000000110011000000000100000100000000000000
001001000100000000000100100000010110010001000000100000000000000000000
001001000100000000000100100000000110010001000000100010001000000000000
001001000000000000000000000001000000100000100100000000000000000000000
001001000100000000000101100000000110011000000000100000000000000000000
001001000100000011000101100000000110010000000000100000000000000000000
101001000100000000000100100000000110010000000000100100000000000000000
001001000100000000000101100000000110010000000000100000000000000000000
001001000100000000000101100000000110011000000000100000000000000000000
001001000100000000000101100000000110011100000000100000000000000100000
000010010000000000000000010000000110010001000010100000000000000000000
001001000100000000100100100000000110010001000000101000000000000000000
000000001000000100000000000001000000100000001001000000000000000000000
101001000100000000000110100000000110010000000000100000000000001000000
001001000100000000000101100000000110011000000000100000100000000000000
001001000100000000000101100000000110011000000000100000010000000000000
001001000100000000000101100000000110011000000000100000000000000000000
001001000100000000000100100000001110010000000000100100000000100000000
001001000100000000000100100000000000000000000000010001000001100001110
001001000100000000000101100000000110011000000000100000000000000000000
001001000100000000000100100000000110010011000000100000000000000000000
001001000100000000000101100000000110011000000000100000000000000000000
000000001010010000011000000000100001100000000001001000000000000010001
001001000000000000000000000101000000100000100100000000000000000000000
001001000100000000000100100000000110010001010000100000000000000000000
001001000100000000000101100000000110011000000000100000000000000000000
001001000100000000000101100000000110010000000000100000000000000000000
001001000100000000000101100000000110011000000000100000000000000000000
001001000100000000000101100000000110010001000000100000000000000000000
001101000100000011000101100000000110010000000000100000000000000000000
001001000100000000000101100000000110011000000000100000000000000000000
001001000100000000000100100000000000000000000000010001000001100001110
001001000100000000000101100000000110011000000000100000000000000000000
010000000100000000000101100000000110011000000000100000000000000000000
001001000100000000000101100000000110011000000000100000000000000000000
001001000100000000000101100000000110011000000000100000000100000000000
001001000100000000000101100000000110010000000000100000000000000000000
001001000100000000000101100000000110011000000000100000000000000000000
010000000001100000000100101010000000000000000000010001000000000000000
001001100100001000000100100000000110010001000100000000000010010000000
