//
segsites: 52
positions: 0.019480000000000 0.032580000000000 0.045300000000000 0.095720000000000 0.101240000000000 0.112700000000000 0.117120000000000 0.123280000000000 0.148160000000000 0.164020000000000 0.192380000000000 0.214700000000000 0.252900000000000 0.265080000000000 0.299240000000000 0.362320000000000 0.372160000000000 0.372340000000000 0.376820000000000 0.377640000000000 0.378820000000000 0.448480000000000 0.455860000000000 0.466800000000000 0.477700000000000 0.500000000000000 0.519140000000000 0.534340000000000 0.536980000000000 0.543700000000000 0.544080000000000 0.546160000000000 0.556720000000000 0.572100000000000 0.642060000000000 0.651920000000000 0.668580000000000 0.688560000000000 0.693180000000000 0.696120000000000 0.712240000000000 0.721000000000000 0.756440000000000 0.795200000000000 0.802600000000000 0.832820000000000 0.878680000000000 0.892460000000000 0.893140000000000 0.951420000000000 0.978500000000000 0.995280000000000
0000001000001010011001011110010010000000000000001000
0001010000101010000000000011101000000001100000001000
0100100100000000000000000011100000000001110000000100
0000001000001010011001010110010010000000000001001000
0000001000001010011001010110010010000000000000001001
0000001000001010011001010110010010000000000000001000
0000100100101010011011010010010010000000000000001000
1000000000000000000100000011100100000001100000000100
0000100100101010000000000011101000000001100000000100
0000001000001010011001010110010010000000000000001000
0000001000001010011001010110010010000000000000001000
0000001000001010011001010110010010010010000100000000
0000001000001010011001010110010010000000000000001000
0000001000000000000000000000010010010000000100001100
0000001000001010011001010110010010000000000000001000
0000001010010100100000100000000001001100001010010110
0000001000001010011001010110010010000000000000001000
0000001000001010011001010110010010000000000000001000
0010001000000000000000000011100000000001100000000100
0000001000000000000000000011100000000001100000000100
0000001000001010011001010110010010000000000000001000
0000001000001010011001010110010010000000000000001000
0000001000001010011001010110010010000000000000001000
0000001000001010011001010110010010000000000000001000
0000001000001010011001010110010010000000000000001000
0000100100101010011001010010010010000000000000000100
0000001000001010011001010110010010000000000000001000
0000001000001010011001010110010010000000000000001000
0000001000001010011001010110010010000000000000001000
1000000000000000000000000000010010010000000100000100
0000001000000000000100000011100100000001100000000100
0000001000001010011001010110010010000000000000000100
1000000000000000000000000011100000000001100000000100
0000001000000000000100000011100100000001100000100100
0000001000000000000000000011100000000001110000000100
0001010001101010000000000000010010110000000100001000
1000000000001011011001010110010010000000000000001000
0000001000001010011001010110010010000000000000001000
0100100100000000000000000011100000000001110000000100
0000001000001010011001010110010010000000000000001000
