//
segsites: 63
positions: 0.002840000000000 0.036220000000000 0.054240000000000 0.055240000000000 0.076360000000000 0.076640000000000 0.086740000000000 0.089380000000000 0.102760000000000 0.103380000000000 0.116400000000000 0.119340000000000 0.134220000000000 0.152700000000000 0.160220000000000 0.164440000000000 0.188120000000000 0.189400000000000 0.222980000000000 0.228520000000000 0.232640000000000 0.253740000000000 0.282720000000000 0.297240000000000 0.342520000000000 0.360140000000000 0.385200000000000 0.386740000000000 0.419120000000000 0.451640000000000 0.466400000000000 0.491640000000000 0.494980000000000 0.500000000000000 0.571180000000000 0.602380000000000 0.624800000000000 0.640180000000000 0.643320000000000 0.651400000000000 0.660660000000000 0.663160000000000 0.686300000000000 0.695360000000000 0.698440000000000 0.712300000000000 0.739460000000000 0.743720000000000 0.752280000000000 0.771780000000000 0.797660000000000 0.798080000000000 0.799380000000000 0.801580000000000 0.804080000000000 0.812220000000000 0.842740000000000 0.852140000000000 0.887540000000000 0.898700000000000 0.900300000000000 0.931520000000000 0.964460000000000
001000000001010001000100001001100000001000000000000000001000000
000000000001000010110000100010010101000110100000100001000000011
000000000001000010110000100010010101000110100000100001000000011
000000000001000010110000100010010101000110100000100001000000011
000000000001000010110000100010010101000110100000100001000000011
000000000001010000000100100000010001000110000000001001000010011
000000000001000010110000100010010101000110100000100001000000011
010011110000100000100110011000000000010000000001000010001000100
010010100000100000100000100010010101000110100000100001000000011
001000000001000010110000100010010101000110100100100001000000011
000000000001010000000100100000011001000110000000001001000010011
000000000001010000000100100000010001000110000000001001000010011
010000000001000010110000100010010101000110100000100001000100011
000000000001000010110000100010010101000110100000100001000000011
000000000001000010110000100010010101000110100000100001000000011
000000001010000100000100000000010001000110000000001001000010100
000000000001010000000100100000010011000110000000001001000010011
000000000001000010110000100010010101000110100000100001000000011
000100000001010000000100100000010000010000000000001001000010011
000000000001000010110000100010010101000110100000100001000000011
000000000001000010110000100010010101000110100000100001000000011
010010100000100000100110011000000001100001011010010000100000001
010010100000100000100100001000000001000001011000010100100000001
000000000001000010110000100010010101000110100000100001000000011
000000000001000010110000100010010101000110100000100001000000011
001000000001010001000101001101100000000000000000000000011000000
100000001010000100000100000000010001000110000000001001000010100
000000000001000010110000100010010101000110100000100001000000011
000000000001000010110000100010010101000110100000100001000000011
000000000001000010111000100010010101000110100000100001000000011
000000000001010000000100100000011001000110000000001001000010011
000000000001010000000100100000010001000110100000000001000000011
010010100100100000100100001000000001000001011000010000100001001
000000001010000100000100000000010001000110000000001001000010100
000000000001001010110000100010010101000110100000100001000000011
000000000001010000000100100000010001000110000000001001000010011
000000000001000010110000100010010101000110100000100001000000011
000000000001000010110000100010010101000110100000100001000000011
000000000001000010110000100010010101000110100000100001000000011
000000000001010000000100100000010011000110000000001001000010011
