//
segsites: 84
positions: 0.037080000000000 0.038840000000000 0.052420000000000 0.054340000000000 0.063620000000000 0.069420000000000 0.107320000000000 0.137920000000000 0.140040000000000 0.151080000000000 0.152180000000000 0.152380000000000 0.162520000000000 0.167960000000000 0.174440000000000 0.201580000000000 0.220000000000000 0.229160000000000 0.229880000000000 0.241740000000000 0.254720000000000 0.260160000000000 0.260360000000000 0.266680000000000 0.267300000000000 0.284040000000000 0.310740000000000 0.323880000000000 0.330380000000000 0.335960000000000 0.339780000000000 0.344440000000000 0.350780000000000 0.386400000000000 0.409640000000000 0.412660000000000 0.440620000000000 0.458880000000000 0.500000000000000 0.504280000000000 0.527100000000000 0.540460000000000 0.550400000000000 0.560340000000000 0.565320000000000 0.576640000000000 0.578800000000000 0.599860000000000 0.608160000000000 0.611780000000000 0.630100000000000 0.669520000000000 0.676160000000000 0.678800000000000 0.685320000000000 0.712220000000000 0.714760000000000 0.734940000000000 0.764120000000000 0.785720000000000 0.786720000000000 0.792520000000000 0.799700000000000 0.807520000000000 0.842980000000000 0.865240000000000 0.869180000000000 0.888120000000000 0.892080000000000 0.905600000000000 0.906280000000000 0.907320000000000 0.912740000000000 0.924320000000000 0.927040000000000 0.928220000000000 0.928260000000000 0.941020000000000 0.954540000000000 0.964720000000000 0.965640000000000 0.974440000000000 0.992740000000000 0.999340000000000
000001001000100000010100101000001000000000100010010000001000100000101100010000100001
010010100100000010001001100010101010000000000000000000000100110000101000010000101011
000010000000000001010100101000001000001000000000000000000000001001000010100010000000
010010100110000010001001100010101010000000000000000000000100100000101000010000100001
000010000000000001010100101000001000001000000000000000000000001001000010100010000000
000010000000000001010100101000001000001000000000000000000000001001000010100010000000
000010000000000001010100101000001000001000000000000000000000001001000010100010000000
000010000000000001010100101000001000001000000000000000000000001001000010100010000000
000001001000100000000010100000101001100001000101001000000000001000101000000101000100
000010000000000001010100101000001000001000000000000000000000001001000010100010000000
001001001000100000010100101000001000010010010000000000000001000000111001011000100000
000010000000000001010100101000001000001000000000000000000000001001000010100010000000
100000010000011000010100101000001000000100100010010000001010100100101000010000100001
000010000000000001010100101000001000001000000000000000000000001001000010100010000000
001001001000100000010100101000001000010010010000000000000001000000111001011000100000
100000010000010100110100101000001000000100100010110000001000100000101000010000100001
000010000000000001010100101000001000001000000000000000000100100000101000010000100001
000001000101000010001001100000101010000010011000000001000000100000000000000101000100
000010000000000001010100101000001000001000000000000000000000001001000010100010000000
000010000000000001010100101000001000001000000000000000100000001001000010100010000000
000010000000000001010100101000001000001000000000000000000000001001000010100010000000
000001001000100000010100101000001000000010010000000001000000100010000010100010000000
000001001000100000010100111000001100000100100010010000001000100000101000010000100001
000110000000000001010100101000001000001000000000000000000000001001000010100010000000
000010000000000100010100101100001000000100100010010000001000100000101000010000000000
000010000000000001010100101000001000001000000000000000000000001001000010100010000000
000010000000000000010100101000001000000000000000000000000000001000101000010000100001
000010000000000001010100101000001000001000000000000000000000001001000010100010000000
010010100100000010001001100010101010000000000000000100000100100000101000010000100001
010010100100000010001001100010101010000000000000000100000100100000101000010000100001
000010000000000001010100101000001000001000000000000000000000001001000010100010000000
000010000000000001010100101000001000001000000000000000000000001001000010100010000000
000010000000000001010100101000001000001000000000000000000000001001000010100010000000
000001001000100000010100101001001000000000000000000010000000001000101000010000110011
000010000000000001010100101000001000001000000000000000000000001001000010100010000000
000010000000000001010100101000001000001000000000000000000000001001000010100010000000
000010000000000001010100101000001000001000000000000000000000001001000010100010000000
000010000000000001010100101000001000001000000000000000000000001001000010100010000000
000010000000000001010100101000011000001000000000000000000000001001000010100010000000
000001001000100000010100101000001000000000000000000010010000001000101000010000100011
