//
segsites: 76
positions: 0.002200000000000 0.006320000000000 0.012660000000000 0.014020000000000 0.054220000000000 0.077980000000000 0.097660000000000 0.100260000000000 0.105940000000000 0.127180000000000 0.134080000000000 0.134700000000000 0.174540000000000 0.174920000000000 0.191300000000000 0.194440000000000 0.204040000000000 0.235160000000000 0.283760000000000 0.286220000000000 0.313200000000000 0.320260000000000 0.349520000000000 0.369300000000000 0.372260000000000 0.376360000000000 0.391840000000000 0.407380000000000 0.411160000000000 0.418280000000000 0.418660000000000 0.425640000000000 0.431740000000000 0.432960000000000 0.444560000000000 0.447400000000000 0.451800000000000 0.459200000000000 0.466840000000000 0.473960000000000 0.480920000000000 0.481240000000000 0.500000000000000 0.509560000000000 0.584480000000000 0.622900000000000 0.623580000000000 0.635340000000000 0.653520000000000 0.662500000000000 0.672180000000000 0.685100000000000 0.691240000000000 0.700020000000000 0.723200000000000 0.730660000000000 0.774880000000000 0.776240000000000 0.780760000000000 0.782360000000000 0.787740000000000 0.789260000000000 0.802640000000000 0.863720000000000 0.876580000000000 0.880200000000000 0.883440000000000 0.889840000000000 0.900140000000000 0.909520000000000 0.910800000000000 0.913980000000000 0.954680000000000 0.960060000000000 0.976680000000000 0.997580000000000
1010000000000000000000100010010000000000000110011000010001001000000000010001
0000000010000000001110010000000000001000110010000000000000110000001100000000
0000000010000000001110010000000000001000110011000000000000110000001100000000
0001000000000000000000000010000000000000001010001000000000000011000000010010
0000110000000000000000000010000000000000000010001000000000000011000000010010
0001000000000000000000000010000000000000001010001000000000000011000000010010
0001000000000000000000000010000000000000001010001000000000000011000000010010
0101000000000000000000000010000100000000001010001000000000000011000000010010
0001000000000000000000000010000000000000001010001000000000000011000000010010
0001000000000000000000000010000000000000001010001000000000000011000000010010
0000110001000001010000001000000000010101000010001001100010000000000000110000
0001000000000000000000000010000000000000001010001000000000000011000000010010
0001000000000000000000000010000000000000001010001000000000000011000000010010
0001000000000000000000000010000000000000001010001000000000000011000000010010
0000000010000010100000000011001000100000000010000110000000010000011100000000
0001000000000000000000000010000000000000001010001000000000000011000000010010
0001000000000000000001000010000000000000000010000100000000000011000000010010
0001000000101010100000000011001000100000000010001001100010000000000000010000
0001000000101010100000000011001000100000000010000100000000010000000100000000
0000000000000000000000100010000010000000000010001000000000000000100100000100
0001000000000000000000000010000000000000001010001000000000000011000000010010
0001000000101010100000000011101000100000000010000100000000010000000100000000
0001000000000000000000000010000000000000001010001000000000000011000000010010
0001000000000000000000000010000000000000000010100100000000010101000011011010
0001000000000000000000000010000000000000001010001000000000000011000000010000
0001000000000000000000000010000000000000001010001000000000000011000000010010
0001000000000000000000000010000000000000001010001000001000000011000000010010
0001000000000000000000000010000100000000001010001000000000000011000000010010
0001000000000000000000000010000000000000001010001000000000000011000000010010
0001000000000000000000000010000000000000001010001000000000000011000000010010
0001000000000000000000000010000000000000001010001000000000000011000000010010
0001000000000000000000000010000000000000001010001000000000000011000000010010
0001000000000000000000000010000000000000001010001000000000000011000000010010
0000110001000001010000001000000000010101000010001001100000000011000011011010
0000001100000100000000000000000001000110000010001001100110000000000000010000
0000000000000000000000100010000000000000000010001000000000000000100100000100
0000000010010000001110010100000000001001000010001001100010000000000000010000
0000000010000000001110010010000000000000000010100100000000010101000011011010
0000000010000000001110010000000000001000110010000000000000110000001100000000
0001000000000000000000000010000100000000001010001000000000000011000000010010
