//
segsites: 73
positions: 0.018640000000000 0.031780000000000 0.042240000000000 0.049320000000000 0.064820000000000 0.066520000000000 0.074940000000000 0.117340000000000 0.121500000000000 0.123640000000000 0.136020000000000 0.136560000000000 0.136700000000000 0.138720000000000 0.154420000000000 0.157320000000000 0.175960000000000 0.179000000000000 0.181940000000000 0.182240000000000 0.189340000000000 0.266600000000000 0.270140000000000 0.306260000000000 0.317680000000000 0.327540000000000 0.330760000000000 0.334640000000000 0.334740000000000 0.338360000000000 0.340060000000000 0.343340000000000 0.350920000000000 0.355720000000000 0.365180000000000 0.371580000000000 0.375400000000000 0.378880000000000 0.381280000000000 0.395760000000000 0.401540000000000 0.418460000000000 0.427320000000000 0.432980000000000 0.448500000000000 0.453840000000000 0.463080000000000 0.468960000000000 0.475140000000000 0.475660000000000 0.476160000000000 0.491400000000000 0.500000000000000 0.514880000000000 0.521720000000000 0.537240000000000 0.591580000000000 0.600280000000000 0.640000000000000 0.654360000000000 0.654780000000000 0.679880000000000 0.762100000000000 0.770680000000000 0.788260000000000 0.788640000000000 0.813600000000000 0.873580000000000 0.875060000000000 0.916840000000000 0.947620000000000 0.950320000000000 0.953940000000000
0110000000100000000001101000000000000000010000001010100010000001000100000
0110000000100000000000100100000000001000000001001001000101000001000000000
0110001000100000000001110000000000000000010000001010100010000001000100000
1110010000100000000001001000000000000000010000001010000010000001000000000
0110000000100000000001101000000000000000010000001010100010000001000100000
0110000000100000000001101000010100000101000100100000000000000100100001000
0110000000100000000001101000000000000000010000001010100010000001000100000
0110000000100000000001101001000000000000010000001010000010000001000100000
0000100010001001110101100000000000001000000000001000000000110011000100000
0110000000100000000001101000000000000000010000001010100010000001000100100
0110000000100000000001101000000000000000010000001010000010000001000100000
0110000000100000000001110000000001001000001000001000000000010000001000001
1110000000100000000001101000000000000000010000001010000010000001000000000
0110000000100000000001101000000000000000010000001010100010000001000100000
0110000000100000000001101000000000000000010000001010100010000001000100000
0110000000100000000001101000000000000000010000001010100010000001000100000
0110000000100000000001101000000000000000010000001010000010000001000100000
0110000000100000000001101000000000000000010000001010100010000001000100000
0110000000100100000000100100000000001000000001001001000001000100000010000
0110000000100000000001101000000000000000010000001010100010000001000100000
0110000000100000000001101000000000000000010000001010100010000001000100000
0110000000100000000001101000000000000000010000001010000010000001000100000
0110000000100000000001101000000000000000010000001010000010000000000010000
0110001101010000001001100000000000001000100000001000010000000100000010000
0110000000100100000000100100000000001000000001001001000001000100000010000
0110000000100000000001000000000010000010000000000000000001000000011000000
0110000000100000000001101000000000000000010000001010100010000001000100000
0110000000100000000001101000000000000000010000001010100010000001000100000
0110000000100000000001101000000000000000010000001010100010000001000100000
0110000000100000000001101000000000000000010000001010100010000001000100000
0110001101010000001001100000000000001000100000001000010000000100000010000
0110000000100000000001101000000000000000010000001010100010000001000100000
0110000000100000000001101000000000000000010000001010100010000001000100000
0110000000100000000001101000000000000000010000001010100010000001000100000
0110000000100000000001101000000000000000010000001010100010000001000100000
0110000000100000000001101000000000000000010000001010000010000001000000000
0111000000100010000001101000000000000000010000001010000010000001000100010
0110000000100000000010101010101000110000000010010100001000001001000100000
0110001101010000001001100000000000001000100000001000010000000100000010000
0110000000100000000000101000000000000000010000001010000010000001000100000
