//
segsites: 90
positions: 0.000200000000000 0.041160000000000 0.042440000000000 0.068420000000000 0.069580000000000 0.070000000000000 0.088280000000000 0.109700000000000 0.109820000000000 0.126500000000000 0.148800000000000 0.164080000000000 0.167700000000000 0.187720000000000 0.188720000000000 0.205960000000000 0.242820000000000 0.266780000000000 0.268400000000000 0.270040000000000 0.285180000000000 0.287640000000000 0.290220000000000 0.291440000000000 0.295500000000000 0.299700000000000 0.305120000000000 0.332320000000000 0.353740000000000 0.366800000000000 0.371540000000000 0.403380000000000 0.412780000000000 0.451240000000000 0.455800000000000 0.464840000000000 0.466620000000000 0.476580000000000 0.489820000000000 0.500000000000000 0.542920000000000 0.548560000000000 0.550560000000000 0.561500000000000 0.575020000000000 0.576300000000000 0.587480000000000 0.587620000000000 0.590700000000000 0.595140000000000 0.600480000000000 0.634860000000000 0.642960000000000 0.649780000000000 0.652400000000000 0.670360000000000 0.676000000000000 0.691080000000000 0.693040000000000 0.702460000000000 0.715440000000000 0.739800000000000 0.742060000000000 0.742060000000000 0.754820000000000 0.759200000000000 0.763360000000000 0.772320000000000 0.778740000000000 0.809160000000000 0.816180000000000 0.816760000000000 0.820080000000000 0.833520000000000 0.836920000000000 0.845980000000000 0.859260000000000 0.864020000000000 0.870920000000000 0.882180000000000 0.906120000000000 0.930660000000000 0.941080000000000 0.957760000000000 0.964480000000000 0.974240000000000 0.989540000000000 0.996660000000000 0.996800000000000 0.998660000000000
001000001001001110000010010000000011001000000001100000010000101000000000000000010000010000
001000011001000110000001000101010000100100001000000000000100000100010000000100101000000000
001000001001000110100001000001010000100000000001110100011000001010000100000000101000000100
101000001001011110000001000001010000100000001000001010000000000100010000000100101000100100
001000001001000110000001000001010100100000000001100000110000101000000000000000010000010000
001000001001000100010000100000000000000000101000001000000000001000000000000000101000000000
001100001001000110000001000001010100000000101000001000000000000100010000000101101000100100
001000011001000110000001000101010000100100001000000000000100000100010000000100101000000000
001000011001000110000001000101010000100000000001100100011000001010000100000000101000000100
001000011001000110000001000101010000100100001000000000000100000100010000000100101000000000
001000011001000110000001000101010000100100001000000000000100000100010000000100101000000000
001000011001000110000001000101010000100100001000000000000100000100010000000100101000000000
001000011001000110000001000101010000100100001000000000000100000100010000000100101000000000
001000011001000110000001000101010000100100001000000000000100000100010000000100101000000000
001000011001000110000001000101010000100100001000000000000100000100010010000100101000000000
001100001001000110000001000001010100000000101000001000000000000100010000000101101000000111
001000001001001110001001000001010000100000000101100100011000001000000001000000101000000100
001000011001000110000001000101010000100100001000000000000100000100010000000100101000000000
001000011001000110000001000001010100000000101000001000000000000100010000000101101000000100
001000011001000110000001000101010000100100001000000000000100000100010000000100101000000000
001000001001001110001001000011010000100000000001100100011000001001000000000000101000000100
001000011001000110000001000101010000100100001000000000000100000100010000000100101000000000
001000001001000110100001000001010000100000000001100100011000001010000100000000101000000100
010010100110000100000000100000101000000011010000000000000001010100010000101110100000000100
001000001001001110000001000001010000100000000001100100011000001010000100000000101000000100
001000011001000110000001000101010000100100001000000001000100000100010000000100101000000000
001000001001000110000001000001010100000000000001100100011000001001000000000000101000000100
001000011001000110000001000101010000100100001000000000000100000100010000000100101000000000
001001000000000101000100000000000000000000001000001010000000000100010000000100101000100100
001000011001000110000001000101010000100100001000000000000100000100010000000100101000000000
001000011001000110000001000101010000100100001000000000000100000100010000000100101000000000
001000011001000110000001000101010000100100001000000000000100000100010000010100101000000000
001000011001000110001001000001010000110000000101100100011000001000100000000000101010001100
001000011001000110000001000101010000100100001000000000000100000100010000000100101000000000
001000011001000110000001000101010000100100001000000000000100000100010000000100101000001100
001000001001101110001001000001010000100000000011100100011000001000000000000000101100000000
001000001001000110000001000001010100000000000001100100011000001001000000000000101001000100
001000011001000110000001000101010000100100001000000000000100000100010000000100101000000000
001000001001000110000001000001010100000000101000001000000010000100010000000100101000000000
010010100110000100000000101000101000000011010000000000000001010100011000101110100000000100
