//
segsites: 67
positions: 0.004260000000000 0.032280000000000 0.060140000000000 0.085560000000000 0.087760000000000 0.122000000000000 0.122260000000000 0.141080000000000 0.206040000000000 0.211200000000000 0.211940000000000 0.223020000000000 0.226920000000000 0.230020000000000 0.243860000000000 0.245400000000000 0.257040000000000 0.275400000000000 0.300420000000000 0.317440000000000 0.365440000000000 0.370120000000000 0.409900000000000 0.428180000000000 0.439620000000000 0.450160000000000 0.471400000000000 0.477680000000000 0.486160000000000 0.495480000000000 0.500000000000000 0.506980000000000 0.508140000000000 0.525380000000000 0.531820000000000 0.534620000000000 0.536400000000000 0.551000000000000 0.565120000000000 0.596800000000000 0.604320000000000 0.612080000000000 0.633860000000000 0.637080000000000 0.641360000000000 0.653880000000000 0.706200000000000 0.718200000000000 0.730960000000000 0.737220000000000 0.738200000000000 0.740340000000000 0.771520000000000 0.778100000000000 0.792720000000000 0.830400000000000 0.841940000000000 0.891720000000000 0.901100000000000 0.901720000000000 0.916980000000000 0.944460000000000 0.953300000000000 0.957740000000000 0.974560000000000 0.980400000000000 0.987960000000000
1010010000000001000000000101001001000010000000000010000000001000001
1010010000010100000000110000100010000100011100000000000000110011000
0110100100110000010000001000010000000100010000000000100000001000010
1010010000000001000000000101001001000010000000000010000000001000001
1010010000000001000000000101001001000010000000000010000000001000001
1010010000000001000000000101001001000010000000000010000000001000001
1010010000010000000100110000100000000100010000000000000000001000001
1010011000010000000000110000010000000000100010110100000100000000000
0010000000010000000000110000100110000100011100000000010000100010000
0110100100110000000000001000000000111000000001000000001000001000001
1010011000010000000000110000100000000100011100000000000000110010000
1010010100111000010000001000010000011000010000000000100000001000010
1010010000010000000100110010100000000100011100000000000000001100101
1010010000010100000000110000100010000100011100000000000000001000001
1010010000000001000000000101001001000010000000000010000000001000001
0010000001010010000011110000100010000100011100000000000000001000001
1010010000000001000000000101001001000010000000000010000000001000001
1010010000010100000000110000100010000100011100000000000000000000000
1010010000000001000000000101001001000010000000000010000000001000001
1010010000000001000000000101001001000010000000000010000000001000001
1010010000010100000000110000100010000101010000000000000000001000001
0110100100110000000000001000000000011000000001000000000000000000000
1010010000000001000000000101001001000010000000000010000000001000001
0110100100110000010000000101001001000010000000000010000000001000001
0110100100110000010000001000010000000000100010110100000100000000000
1010010000010100000000110000100010000100011100001000000001000000000
0111100100110000000000001000000000011000000001000000000000001000001
1010010000000001000000000101001001000010000000000010000000001000001
0110100100110000011000001000010000000000100010110100000000000000000
1010010000000001000000000101001001000010000000000010000000001000001
1010010000000001000000000101001001000010000000000011000000001000001
0110100100110000000000001000000000011000000001000000000010001000001
1010010000000001000000000101001001000010000000000010000000001000001
1010010000000001000000000101001001000010000000000010000000001000001
1010010010010100100000110000100010000100011100000000000000001000001
1010010000000001000000000101001001000010000000000010000000001000001
0110100100110000010000000101001001000010000000000010000000001000001
1010010000000001000000000101001001000010000000000010000000001000001
1010010000000001000000000101001001000010000000000010000000001000001
0010000001010000010000001000010000000000100010110100000000000000000
