//
segsites: 71
positions: 0.023320000000000 0.025860000000000 0.034400000000000 0.038820000000000 0.041220000000000 0.043180000000000 0.053960000000000 0.097280000000000 0.103580000000000 0.108780000000000 0.122400000000000 0.132140000000000 0.142860000000000 0.147060000000000 0.147780000000000 0.171060000000000 0.171300000000000 0.178500000000000 0.190160000000000 0.196320000000000 0.214280000000000 0.281180000000000 0.284220000000000 0.332840000000000 0.333820000000000 0.390120000000000 0.393880000000000 0.399060000000000 0.405860000000000 0.417400000000000 0.426280000000000 0.430640000000000 0.449860000000000 0.454220000000000 0.456380000000000 0.500000000000000 0.505760000000000 0.513720000000000 0.560120000000000 0.580000000000000 0.595980000000000 0.597760000000000 0.603060000000000 0.603700000000000 0.627680000000000 0.645980000000000 0.652740000000000 0.653680000000000 0.673060000000000 0.695580000000000 0.710040000000000 0.715180000000000 0.791000000000000 0.826460000000000 0.835160000000000 0.839720000000000 0.854640000000000 0.855600000000000 0.865560000000000 0.874900000000000 0.875500000000000 0.878180000000000 0.897580000000000 0.901820000000000 0.923020000000000 0.938460000000000 0.947040000000000 0.947560000000000 0.960080000000000 0.973460000000000 0.988860000000000
00100000000000110000000001011000000101100010000000010100010010010100000
00010100011001001000001101011000000000100010000000010100010010001010000
00000000000000110100000001011000000000100110000000010100010010100000101
00000000000000110000000001011000000101100010000000010100010010010100000
00000000000000110000000001011000000100100010000000010100010010010100000
00001000000000110000000001011000000000001000100000000001000000000000000
00000000000000110000000001011000000101100010000000010100010010010100000
00000000000000110000000001011000000101100010000000010100011010010100000
00010111010001001000001100001000010000100010000000010000000000000000010
00000000000000110000000001011000000101100010000000010100010010010100000
00000000000000110000000001011000000101100010000000010100010010010100000
00000000100000000001100000100000101010000000000110000001000000000000000
00010100011001001000001101011000000000100010000000010100010010001010000
00000000000000110000000001011000000101100010000000010100010010010100000
00000000000000110000000001011000000000100010000000010100010010001010000
10010100000001001010000001011100000000100010000000010100010110001010001
00000000000000110000000001011000000100100010000000010100010010010100000
00000000000000110000000001011000000100100010000000010100010010010100000
01000000000000110000010000001001000000000000011001100010000000010010000
00000000000000110000010000001011000000000000011001100010000000010100000
00010100010001001000001000001001000000000000011001100010000000010100000
00000000000000110000000001011000000100100010000000010100010010010101000
00000000100010000001100000100000101010000000011001100000000000000000010
00000000000000110000000001011000000101100010000000010100010010010100000
00000000000000110000000001011000000101100010000000010100010010010100000
00000000000000110000000001011000000100100010000000010100010010010100000
00000000000000110000000001011000000100100010000000010100010010010100000
00000000100010000001100000100000101010000000000110000001000000000000000
00000000000000110000000001011000000101110011000000010100010010010100000
00000000000000110000000001011000000000100010000000010100010010001010000
10010100000001001000010000001001000000000000011001100010000000010100000
00000000000000110000000001011000000100100010000000010100010010010100000
00000000000000110000000001011000000101100010000000010100010010010100000
00000000000000110000000001011000000100100010000000010100010010010100000
00000000000000110000000001011000000101100010000000010100010010010100000
00000000000000110000000001011000000101100010000000010100010010010100000
00001000000001001000000001001000010000100010000000010000000000010100000
00000000000000110000000001011000000100100010000000010100010010010100000
00001000000000110000000011011000000000001000100000011100100001100000101
00000000000100110000000001011000000101100010000000010100010010010100000
