//
segsites: 100
positions: 0.021560000000000 0.039760000000000 0.048060000000000 0.072960000000000 0.076080000000000 0.076320000000000 0.084540000000000 0.085200000000000 0.086340000000000 0.115700000000000 0.136980000000000 0.149120000000000 0.164880000000000 0.174680000000000 0.178100000000000 0.188340000000000 0.188480000000000 0.192080000000000 0.197860000000000 0.202300000000000 0.225840000000000 0.230560000000000 0.239320000000000 0.277660000000000 0.301400000000000 0.332640000000000 0.337940000000000 0.342900000000000 0.358120000000000 0.374520000000000 0.393260000000000 0.395320000000000 0.421140000000000 0.433760000000000 0.442000000000000 0.442120000000000 0.462060000000000 0.472560000000000 0.476520000000000 0.488560000000000 0.489360000000000 0.500000000000000 0.522160000000000 0.525240000000000 0.528420000000000 0.530220000000000 0.533000000000000 0.543500000000000 0.544860000000000 0.549800000000000 0.556380000000000 0.559020000000000 0.567020000000000 0.570380000000000 0.570620000000000 0.588700000000000 0.593840000000000 0.599940000000000 0.600420000000000 0.608100000000000 0.609720000000000 0.620120000000000 0.628280000000000 0.647380000000000 0.649200000000000 0.651080000000000 0.654140000000000 0.659180000000000 0.663540000000000 0.665260000000000 0.673960000000000 0.709280000000000 0.709700000000000 0.720300000000000 0.730940000000000 0.739060000000000 0.745540000000000 0.762540000000000 0.767140000000000 0.771840000000000 0.773800000000000 0.777840000000000 0.804260000000000 0.814780000000000 0.818660000000000 0.855740000000000 0.868160000000000 0.876440000000000 0.878040000000000 0.880160000000000 0.892160000000000 0.921220000000000 0.935720000000000 0.942560000000000 0.944340000000000 0.944700000000000 0.945060000000000 0.949200000000000 0.971260000000000 0.991860000000000
0010000100000100010000000000001000001101111000000100010000010000001000000000001000000000000000000000
0010000100000100010000000000001000001101111000000100010000010000001000000000001000000000000000000000
0010000100000100010000000001001000001101111000000100010000010000001000000000001000000000000000000000
0010000100100010001000001000001100100010000100001001001001100000000010000101000010100000110100010010
0010000100000100010000000000001000001101111000000100010000010000001000000000001000000000000000000000
0010000100000100010000000000001000001101111000000100010000010000001000000000001000000000000000000000
0010000100000100010000000000001000001101111000000100010000010000001000000000001000000000000000000000
0010000100000100010000000000001000001101111000000100010000010000001000000000001000000000000000000000
0010000100000100010000000000001000001101111000000100010000010000001000000000001000000000000000000000
1100011010100000100100000000001000001101111000000100010000010000001000000000001000000000000000000000
0010000100000100010000000000001000001101111000000100010000010000001000000000001000000000000000000000
1100011010101000001010110100001000001101101000000100010100001000000001100000000000000000000000000000
1100011010100010001000000000001000001101101000000100010000010000001000000000001000000001001001000001
0010000100000100010000000000001000001101111000000100010000010000001000000000001000000000000000000000
1100011010000000100100000000001000001101101000000100010000010000001000000000001000000001001001000001
1100011010100010001001000000101100100010000000101001001001100000000010000000001000000000000000101000
0010000100000100010000000000001000001101111000000100010000010000001000000000001000000000000000000000
0010000100000100010000000000001000001101111000000100010000010000001000000000001000000000000000000000
1100011010110010001000000000001101100010000000001001001001100000000010000101000000000000000000010000
0010000100000100010000000000001000001101111000000100010000010000001000000000001000010000000000000000
0010000100000100010000000000001000001101111000000100010000010000001000000000001000000000000000000000
1100011010100010001000000000001100100011101000000100010000010000001000000000001000000000000000000000
1100011010000000100100000000001000001100000000000100110000000100100000000000000100001010001000000100
1100011010100010001000000000001000001100000000000100110000000100100000010000000100001010001000000000
0010000101000101010000000000000010010000000000010010000010000000010100000101010100001010001000000000
0000101010000000000000000000010000011101101000000100010000010000001000000000001001000000000000101001
1100011010100010001000000000001100100010000000001001001001100000000010000000001000000000000000101000
0010000101000101010000000000000010010000000000010010000010000000010100000101010100001010001000000000
0010000100000100010000000000001000001101111000000100010000010001001000000000001000000000000000000000
0010000100000100010000000000001000001101111000000100010000010010001000000000001000000000000000000000
0010000100000100010000000000000000010000000011010010000010000000000000000010100010100000110110010000
0010000100000100010000000000001000001101111000000100010000010000001000000000001000000100000000000000
0010000100000100010000000000001000001101111000000100010000010000001000000000001000000000000000000000
0010000100000100010000000000000000010000001000000100010000010000001000000000001000000000001001000001
0001101010110010001000000000001100100010000000001001001001100000000010000101000000000000000000010000
1100011010100010001000000010001100100010000000001001001001100000000010000000001000000000000000101000
1100011010000000100100000000001000000010000000001001001001100000000010000101000000000000000000000000
1100011010100010001000000000001100100010000000001001001001100000100000000000000100001010001000000000
0010000100000100010000000000001000001101111000000100010000010000001000000000001000000000000000000000
0000101010000000000000000000010000010000000000000100110000000100100000001000000100001010001000000000
