//
segsites: 64
positions: 0.023940000000000 0.059940000000000 0.062740000000000 0.082600000000000 0.113500000000000 0.118460000000000 0.121220000000000 0.127100000000000 0.130140000000000 0.130420000000000 0.135000000000000 0.135300000000000 0.137820000000000 0.170820000000000 0.191100000000000 0.198980000000000 0.222900000000000 0.242860000000000 0.263180000000000 0.264740000000000 0.291980000000000 0.292500000000000 0.307420000000000 0.321320000000000 0.420500000000000 0.451880000000000 0.469900000000000 0.491320000000000 0.500000000000000 0.564360000000000 0.594300000000000 0.596480000000000 0.599520000000000 0.602140000000000 0.640620000000000 0.642040000000000 0.673140000000000 0.699740000000000 0.702520000000000 0.730080000000000 0.731600000000000 0.738000000000000 0.741480000000000 0.755120000000000 0.755120000000000 0.764880000000000 0.772280000000000 0.784740000000000 0.788560000000000 0.839560000000000 0.839960000000000 0.845400000000000 0.855540000000000 0.874560000000000 0.876320000000000 0.887800000000000 0.907280000000000 0.909980000000000 0.917120000000000 0.921720000000000 0.932360000000000 0.945880000000000 0.968260000000000 0.979940000000000
1010000100001100001000101000110000000000010000000010000000010010
1010000110001000001000101000110000000000010000000010000000010010
0010000100001000001000101010010000000000000000100010000000010110
0000100000010000000000101000011000000001000000100010000100010010
1010000110001000001000101000110000000000010000000010000000010010
1010001100001000011000101000010000000010011111011001100011100001
1010000100001000111010101000011000010000000000100010000000010110
1010000110001000001000101000110000000000010000000010000000010010
1010000110001000001000100001000100101000011111011001100000010010
1010000110001000001000101000110000000000010000000010000000010010
0001100000000000001000100001000100101000011111011001100010100001
1010000110001000001000101000110000000000010000000010000000010010
0010000100001000001000101000010000000000010000000110011000000000
1010000110001000001000101000110000000000010000000010000000010010
1110000100001000011000101000010000000000100000100010000000010010
1110000100001000011000101000010000000000100000100010000000010010
1010000110001000001000101000010000000000010000000110011000001000
1010000110001000001000101000110000000000010000000010000000010010
1010000110001000001000101000110000000000010000000010000000010010
1010000100001000011000101000011001000001000000100010000000010010
1010000100001100001000101000011001000001000000100010000000010010
1010000110001000001000101000110000000000010000000010000000010010
1010000110001000001000101000110000000000010000000010000000010010
1010000110001000001000101000110000000000010000000010000000010010
0001100000000000001000101100010000000000100000100010000000010010
1010000110001000001000101000110000000000010000000010000000010010
1010000100101100001000101000011000000001000000100010000000010010
1010000110001000001100101000110000000000010000000010000000010010
1010000110001000001000101000110000000000010000000010000000010010
1010010110001000001000101000110000000000010000000010000000010010
1010000100001000011000101000011000010000000000100010000000010110
1010000110001000001000101000110000000000010000000010000000010010
1010000110001000001000101000110000000000010000000010000000010010
1010000100001100001001101000011001000001000000100010000000010010
1010000110001000001000101000110000000000010000000010000000010010
1010000100001100001000101000011001000001000000100010000000010010
1010000100001000011000101000011000010000000000100010000000010010
0000100000010001000000010001000110101000011111011001100010100001
1010010110001000001000101000110000000000010000000010000000010010
0000100001010010000000010001000100101100011111011001100010100001
