//
segsites: 52
positions: 0.000360000000000 0.022440000000000 0.028520000000000 0.060740000000000 0.065600000000000 0.076740000000000 0.081700000000000 0.088380000000000 0.089560000000000 0.107020000000000 0.110760000000000 0.117540000000000 0.123240000000000 0.123760000000000 0.220560000000000 0.232060000000000 0.266580000000000 0.268700000000000 0.308080000000000 0.327680000000000 0.354660000000000 0.386840000000000 0.389200000000000 0.429120000000000 0.430220000000000 0.431920000000000 0.455160000000000 0.459440000000000 0.471540000000000 0.500000000000000 0.505300000000000 0.533400000000000 0.553300000000000 0.561600000000000 0.575080000000000 0.616740000000000 0.623540000000000 0.672460000000000 0.711760000000000 0.766500000000000 0.769600000000000 0.773640000000000 0.776580000000000 0.790300000000000 0.832620000000000 0.840400000000000 0.897480000000000 0.911500000000000 0.913040000000000 0.944000000000000 0.950400000000000 0.975040000000000
0000101000100000010000001010010000100000100000010000
0000101000100100010000001010010000000000100000010000
0000100100100000010000001010000000000000100000100000
0000100000100000010000001010000000000000100000000000
0000100100100000011010001010001000000000100000000001
0000000000011000010000001010010000000000100000010000
0000101000100000010000001010010000000000100100010000
0000101000100000010000001010010000000000100010010000
0000101000100000010000001010010000000000100000010000
0110110000100000010000011010000000000000100000000010
0100000000011000010000101010000000000000100000000000
0000101000100000010000001010010000000000100000010000
0000101000100000010000001010010000000000100000010000
0100000000011000010000001010001000000001101000000000
0000100100100000010000001010000000000000100000000000
0000101000100000010100001010010000000010100001010000
0000101000100000010000001010010000000000100000010000
0000110000100000010001011010000000000000100000000010
0000101001100000010000001010010000000000100000010000
0001101000100000010000001010010000000000100000010000
0000101000100000010000001010010000000000100000010000
0000101000100000010000001010010000010000100000010100
1000101000100000010000001010010000000000100000010000
0000101000100000110000001010010000000000100000010000
0000100000100010010000001010010000000000100000010000
0000100110100000010010001110001000000000100000001001
0000100000100000010000001010000000000000100000000000
0000101000100000010000001010010000000000100000010000
0000100000100000010000001010000000000000100000100000
0100000000011000010000101011000111000000010000010000
0100000000011000010000101010000000000000100000000000
0000100100100000010010001010001000001000100000000010
0100000000011000010000101011000110000000100000000010
0000110000100000010000011010000000000000100000000010
0000101000100000010000001010010000000000100000010000
0000101000100000010000001010110000000000100000010000
0000100100100001010000001010010000000000100000010000
0000101000100000010000001010010000000000100000010000
0000100100100000010010001010001000000100100000000001
0000101000100000010000001010010000000000100000000001
