//
segsites: 43
positions: 0.046560000000000 0.057940000000000 0.061920000000000 0.066780000000000 0.079600000000000 0.104500000000000 0.135440000000000 0.147940000000000 0.166420000000000 0.174720000000000 0.197000000000000 0.286820000000000 0.347760000000000 0.349440000000000 0.372640000000000 0.382820000000000 0.427160000000000 0.443080000000000 0.500000000000000 0.551160000000000 0.580900000000000 0.622900000000000 0.668380000000000 0.672380000000000 0.676580000000000 0.679600000000000 0.714560000000000 0.730140000000000 0.777140000000000 0.784820000000000 0.786520000000000 0.793800000000000 0.800360000000000 0.853360000000000 0.879820000000000 0.881640000000000 0.887420000000000 0.896380000000000 0.933760000000000 0.940720000000000 0.947980000000000 0.988640000000000 0.998780000000000
0100000001100110111100100010000000010011001
0100000001100110111100100010000000010011001
0100000001100110110001010001000001100000001
0100010000100110100001010001000001100000001
0001000000100110100100100010010001100011001
0000001000100100000001010001000001100000001
0100000001100110111100100010000000010011001
0100000000100110000001010001000001100000001
0100000000110100000001010001000011100000001
0100000001100110111100100010000000010011001
0000001000100100000000000101000100011110000
0100000000110100000001010001000001100000001
0100000000100110100100100010001000010011001
0100000001100110111100100010000000010011001
0100000001100110111100100010000000010011001
0100000000110100000001010001000001100000011
0100000000100110100100100010001000010010001
0100000000100111100100100010001000010011001
0001001000101100000000000101000100011110000
0001000000100100000001010001000001100000001
0001000000100100000001010010000000010011001
0001000000100100000001011001000001100000001
0100000000100110100100100010001000010011001
1000001000100100000001010001000001100000001
0100000001100110111100100010000000010011001
0000001000100100000011010001000001100000001
0100000001100110111100100010010001100000001
0000101110100100100001010001000001100000001
0011000000100110100100100010000000010000001
0000101110100100000001010001000001100000001
0100000000110100000001100010000000010011001
0100000001100110111100100010000000010011001
0100000001100110111100100010000000010011001
0100000001100110111100100010000000010011001
0000000001100110111100100010000000010011001
1000001000100100000001010001000001100000001
0100000001100110100101010001000001100000001
0100000001100110111100100010000000010011001
0000001000100100000000000101000100011110000
0000101100100100000001000001100100011110101
