//
segsites: 89
positions: 0.000920000000000 0.005460000000000 0.006520000000000 0.018360000000000 0.020300000000000 0.031300000000000 0.055020000000000 0.077960000000000 0.097420000000000 0.099100000000000 0.135520000000000 0.168980000000000 0.169480000000000 0.198860000000000 0.205760000000000 0.212560000000000 0.216180000000000 0.222020000000000 0.228380000000000 0.228700000000000 0.245100000000000 0.252560000000000 0.252820000000000 0.279180000000000 0.293020000000000 0.303300000000000 0.305480000000000 0.325140000000000 0.337320000000000 0.347320000000000 0.358520000000000 0.365140000000000 0.374560000000000 0.374740000000000 0.379900000000000 0.385780000000000 0.386420000000000 0.413720000000000 0.425100000000000 0.425700000000000 0.433700000000000 0.435780000000000 0.440180000000000 0.443700000000000 0.468300000000000 0.495200000000000 0.500000000000000 0.506940000000000 0.547180000000000 0.547520000000000 0.549000000000000 0.558420000000000 0.559880000000000 0.568900000000000 0.573280000000000 0.578660000000000 0.590380000000000 0.599000000000000 0.615860000000000 0.645780000000000 0.648280000000000 0.666460000000000 0.685940000000000 0.713300000000000 0.721820000000000 0.749200000000000 0.749900000000000 0.761940000000000 0.774080000000000 0.776080000000000 0.783200000000000 0.798580000000000 0.802980000000000 0.808320000000000 0.813460000000000 0.824820000000000 0.851660000000000 0.868480000000000 0.870180000000000 0.891900000000000 0.903940000000000 0.904380000000000 0.925220000000000 0.927320000000000 0.928420000000000 0.973020000000000 0.991220000000000 0.992440000000000 0.992740000000000
00000101000101010100000000000010100010010000101000010010001000100100000000000000000000000
00000101000001010100000000000010100010010000100000010010001000100100000000000000000000001
00000101000101010100000000000010100010010000101000010010001000100100000000000000000000000
00000010000000100001100000010100000001100010010000000000100100010100000000000001000000000
00000101000101010100000000000010100010010000101000010010001000100100000000000000000000000
00000101000101010100000000000010100010010000101000010010001000100100000000000000000000000
00000101000101010100000000000010110010010000101000010010001000100100000000000000000000000
00100101000101010100000000000010100010010000101000010010001000100100000000000000000000000
00000101000101010100000000000010100010010000101000010010001000100100000000000000000000000
00000010000000100001100000010100000001100010010000000000100100000100000000000001000000000
00000101000101010100000000000010100010010000101000010010001000100100000000000000000000000
00000000001000000000000010000000000000000000000100001100001010001000011000110010001001000
00000010010000100001100000000000100010010000100011100000010000000010000100000000000000000
00000010000000100001100000000001000100000101000000000001000000000000100100000100000000000
00000101000000100001100000000000100010010000100011100000010000000010000100000000000000000
00100101000101010100000000000010100010010000101000010010001000100100000000000000000000000
00000010010000100001100000000000100010010000100011100000010001000010000100000000100000000
00000101000101010100000000000010100010010000101000010010001000100100000000000000000000000
01010000000000000000010000000000000000000000000011100000010000000011000000000000000010110
00000010000000100001100000010100000001100000000100000000001010000100000000000000000000000
00000000001000000000000010000000000000000000000100000000001010001000011000110010000001000
00000101000101010100000000000010100010010000101000010010001000100000100100000000000000000
00000101000101010100000000000010100010010000000100001100001010001000011000110010001001000
00000010010000100001100000000000100010010000100011100000010000000010000100000000000000000
10001000000000000010000100000000100010010000100011100000010000000010000110000000000000000
00000101000101010100000000000010100010010000101000010010001000100100000000000000000000000
00000101000101010100000000000010100010010000101000010010001000100100000000000000000000000
00000101000101010100000000000010100010010000101000010010001000100100000000000000000000000
00000101000101011100000000000010100010010000100000010010001000100100000000000000000000000
00000000000000000000000000101000100000010000000000000000001000000000000001000000000000000
00000010010000100001100000000000100010010000100011100000010000000010000100000000000000000
00000101000101010100000000000010100010010000101000010010001000100100000000000000000000000
00000101000111010100000000000010100010010000101000010010001000100100000000000000000000000
00000101000101010100000000000010100010010000101000010010001000100100000000000000000000000
00000010110000100001100001000000100010010000100000010010001000100100000000001000000000000
00000000001000100001101000000000100010011000100011100000010000000010000100000000010000000
00000101000100100001101000000000100010011000100011100000010000000010000100000000010101000
00000101000101100001100000010100001001100010010000000000100100000100000000000000000000000
00000101000101010100000000000010100010010000101000010010001000100100000000000000000000000
00000101000101010100000000000010100010010000101000010010001000100100000000000000000000000
