//
segsites: 89
positions: 0.027820000000000 0.034040000000000 0.059740000000000 0.061820000000000 0.066560000000000 0.072640000000000 0.088840000000000 0.090820000000000 0.102500000000000 0.125040000000000 0.125980000000000 0.131840000000000 0.156120000000000 0.191880000000000 0.192920000000000 0.202380000000000 0.206460000000000 0.208760000000000 0.209600000000000 0.215020000000000 0.228180000000000 0.242620000000000 0.272560000000000 0.292740000000000 0.307560000000000 0.319700000000000 0.322640000000000 0.325120000000000 0.325320000000000 0.331460000000000 0.343140000000000 0.351500000000000 0.351940000000000 0.357260000000000 0.370280000000000 0.397900000000000 0.445280000000000 0.466700000000000 0.496820000000000 0.500000000000000 0.502600000000000 0.505320000000000 0.514720000000000 0.515100000000000 0.516060000000000 0.522120000000000 0.522800000000000 0.534180000000000 0.535560000000000 0.540540000000000 0.543940000000000 0.551240000000000 0.554920000000000 0.557180000000000 0.565220000000000 0.574280000000000 0.640140000000000 0.657320000000000 0.680980000000000 0.697620000000000 0.699480000000000 0.703620000000000 0.720600000000000 0.737500000000000 0.742280000000000 0.753600000000000 0.755720000000000 0.792740000000000 0.798140000000000 0.801460000000000 0.811280000000000 0.823360000000000 0.834540000000000 0.844400000000000 0.849400000000000 0.855900000000000 0.856320000000000 0.862060000000000 0.882980000000000 0.893840000000000 0.906340000000000 0.923520000000000 0.925020000000000 0.927180000000000 0.936540000000000 0.940160000000000 0.970760000000000 0.973020000000000 0.986160000000000
00001000010001001010011000100000100000000000000000101010000000111011000010001000000000011
01100000001000010001100001000001000000001001101000000000000101000000000000000000011000001
00100101001000100000100000000000001000000010000110000100000000101011000010000010000000100
00000000101010100000100100000000000000000000000000100010000000000000000000000010000000100
00001000010001001010011000100000100010010100000001110000100000000000001001000001000000000
00010000101010100000100000000010000000100000000000100010000000000000100000000010000000100
00000000101010100000100000000100000000000000000000100010000000111011000010001000000000000
00100101001000100000100010000000001000000010000110000100000000101011000010001000000000011
00001000010001001010011000100000100010010100000001110000100000000000001001000001000000000
00001000010001001010011000100000100010010100000001110000100000000000001001000001000000000
00100101001000100000100000000000001000000010000110000101000000101001000010001000000000011
00100101001000100000100010000000001000000010000110000100000000101011000010001000000000011
00000000101010100000100000000100000000000000000000101010000000111011000010001000000000011
00001000010001001010011000110000100010000100000001110000100010000000001001000001000010000
00001000010001001010011000100000100010010100000001110000100000000000001001000001000000000
00001000010001001010011000100000100010010100000001110000100000000000001001000001000000000
10000000101010100000100000000000000000000000000000100010000000000000000000000010000001100
00000000101110100000100000100000110010010100000001110000100000000000001001000001000000000
00100101001000100000100000000000001000000010000110000100000000101001000000000100000000000
00000000101010100000100000000000000000000000000000100010000000000000000000000010000000100
00000000101000100000100000000000000100000000010000100010000000000000000000000100000000000
00000000101010100000100000000000000000000000000000100010000000000000000000000100000000000
00001000010001001010011000100000100010010100000001110000100000000000001001000001000000000
00100010001000100100100000000000000000000000000000000000000000000000010000110001000000000
00001000010001001010011000100000100010010100000001110000100000000000001001000001000000000
00100101001000100000100000000000001000000010000110000100000000101011000010000010000000100
00001000010001001000011000100000100010000100000001110000110000000001000001000000100000000
00100101001000100000100000000000001000001010000100000000000000000000000100000100000000000
00001000010001001010011000100000100010010100000001110000100000000000001001000001000000000
00100101001000100000100000000000001000000010000110000100000000000000001001000001000000000
00001000010001001010011000100000100010010100000001110000100000000000001001000001000000000
00100101001000100000100010000000001000000010000110000100000000101011000010001000000000011
00000000101010100000100000000000000001000000000000100010000000000000000000000010000000000
00000000101010100000100000000000000000000000000000100010001000000000000000000010000000100
00100101001000100000100000000000001000000010000110000101000000101001000000000100000000000
00001000010001001010011000100000100010010100000001110000100000000000001001000001000000000
00100101001000100000100000000000001000000010000110000100000000101001000000000100000000000
00100101001000100000100000000000001000001010000100000000000000000000010000100001000000000
00001000010001001010011000101000100000001010000100000000000000000100000000000100000100000
00001000010001001010011000100000100010010100000001110000100000000000001001000001000000000
