//
segsites: 69
positions: 0.000260000000000 0.007800000000000 0.016760000000000 0.021660000000000 0.027460000000000 0.041880000000000 0.046440000000000 0.067960000000000 0.078800000000000 0.087620000000000 0.112860000000000 0.118740000000000 0.122380000000000 0.128680000000000 0.135160000000000 0.151420000000000 0.154320000000000 0.171980000000000 0.182200000000000 0.192800000000000 0.195960000000000 0.199020000000000 0.208300000000000 0.251040000000000 0.251900000000000 0.252180000000000 0.261580000000000 0.305160000000000 0.376960000000000 0.380480000000000 0.396480000000000 0.398920000000000 0.405860000000000 0.433060000000000 0.447800000000000 0.454360000000000 0.479320000000000 0.497680000000000 0.500000000000000 0.506660000000000 0.506920000000000 0.539700000000000 0.594140000000000 0.606940000000000 0.617940000000000 0.622080000000000 0.622980000000000 0.623100000000000 0.666620000000000 0.697180000000000 0.700760000000000 0.706560000000000 0.708380000000000 0.726640000000000 0.727440000000000 0.774540000000000 0.822400000000000 0.876900000000000 0.882300000000000 0.899140000000000 0.912020000000000 0.916380000000000 0.917680000000000 0.927680000000000 0.934580000000000 0.935000000000000 0.973560000000000 0.980200000000000 0.996220000000000
100000010000000001000010000010000000001000110000010001000011000010010
000001000011001110000101100000010111000000101100010000100100000000000
100000010000000001000010000010000000001000110000010001000011000010010
100000010000000001000010000010000000001000110000010001000011000010010
011110000001001110000101100000010111000000101100010000100100000000000
000000111000000001000010000010001000000100110000010000100100000000000
000000010000000001000010000000000000100010000000000011000001001000100
000000010000000001000010000000000000100010000000000011000001001000100
010000000000010000010000010000000000010000000000000001000001001000100
100000010000000001000010000010000000001000110000010001000011000010010
100000010000000001000010000010000000001000110000010001000011000010010
000000010000000001000010000000000000100010000000000011000001001000100
000000010100000001001010010000000000000000000010000001010001001000100
100000010000000001000010000010000000001000110000010001000011000010010
100000010000000001000101100000000000010000000000000000000001010010000
100000010000000001000010000010000000001000110000010001000011000010010
000000010100000001001010010000100000000000000000010000100100000000000
010100000001001110000101101000010111000000101100010000100100000000000
100000010000000001000010000010000000001000110000011001000011000010010
100000010000000001000010000010000000001000110000010001000011000010010
100000010100000001001010010000000000000000000000100000000001000010000
000001000000110000110000000100000000000001000010000101010001001000100
010000000001001100000101100000000000010000000000010000100100000000000
100000010000000001000010000010000000001000110000010001000011000010010
010000000001001100000101100000000000010000000000000001000001001000100
100000010000000001000010000010000000001000110000010001000011000010010
100000010000000001000010000010000000001000110000010001000011000010010
000000010000000001000010000011000000000000110001000001001001101000100
100000010000000001000010000010000000001000110000010001000011000010010
100000010000000001000010000010000000001000110000010001000011000010010
000001000000010000110001100000010111000000101100010000100001001001100
010000000001001100000101100000000000010000000000000001000001001000100
010000000001001110000101100000010111000000101100010000100100000000000
000000010100000001001010010000000000000000000000100000000001000110000
000001000000010000110000000100000000000001000000000001000011000010010
100000010000000001000010000010000000001000110000010001000011000010010
100000010000000001000010000010000000001000110000010000100100000000001
010000000001001100000101100000000000100010000000000001000011000010010
100000010000000001000010000010000000001000110000010001000011000010010
100000010000000001000010000010000000001000110000010001000011000010010
