//
segsites: 64
positions: 0.007660000000000 0.021920000000000 0.032440000000000 0.045760000000000 0.062140000000000 0.062820000000000 0.080300000000000 0.082180000000000 0.083260000000000 0.084640000000000 0.103860000000000 0.108480000000000 0.119160000000000 0.120300000000000 0.156120000000000 0.158640000000000 0.165460000000000 0.173200000000000 0.202440000000000 0.213000000000000 0.214000000000000 0.252300000000000 0.271660000000000 0.276840000000000 0.290560000000000 0.319160000000000 0.331020000000000 0.338100000000000 0.342700000000000 0.384620000000000 0.387540000000000 0.418700000000000 0.426100000000000 0.499780000000000 0.500000000000000 0.536420000000000 0.544220000000000 0.562380000000000 0.564560000000000 0.574160000000000 0.585960000000000 0.590780000000000 0.592200000000000 0.594220000000000 0.612180000000000 0.618780000000000 0.671520000000000 0.697220000000000 0.716000000000000 0.730260000000000 0.738020000000000 0.774920000000000 0.790340000000000 0.796880000000000 0.842320000000000 0.920000000000000 0.937520000000000 0.945780000000000 0.949160000000000 0.951140000000000 0.954740000000000 0.990240000000000 0.995380000000000 0.998360000000000
1100010000000001000000000000010000000001000000000000001010010000
0000000000000001000000000000100000000000001000000000000000010000
0100010000000001000000010000000100000001000100000000010000100110
0100010000000001000000100000000010010100000011101010000000000000
0100010000000011001101000001000000100010001000001000000001010001
0100010000000011001101000001000000100010001000001000000001010001
0100010000000011001101000001000000100010001000001000000001010001
0100010000000011001101000001000000100010001000001000000001010001
0100010000000101000000000000000000010100000011101000001010010000
0100010000000011001101000001000000100010001000001000000001010001
0100010000000011001101000001000000100010001000001000000001010001
0100010000000001000000000100000000000010001000001000000001010001
0011101110000011001101000001001000000010001000001000000001010001
0100010000000011001101000001000000100010001000001000000001010001
0100010000000011001101000001000000100010001000001000000001010001
0100010000000001000000000000000000000000001000000000000000010000
0100010000001001000000000000000000000000001000001000000001010001
0100010000000001000000000000000000000010001000001100000001010001
0100010000000011001101000001000000100010001000001000000001010001
0100010000000011001101000001000000100010001000001000000001010001
0100010000000011001101000001000000100010001000001000000001010001
0100010000000011001101000001000000100010001000001000000001010001
0100010000000011001101000001000000100001000000000000010000100110
0011101110010000010010000010000010000001000000001000101010010000
0100010000100001000000000000000000011100000011101000001010010000
0100010000000011001101000001000000100010001000001000000001010001
0100010001000011001101000001000000100010001000001000000001010001
0100010000000011001101000001000000100010001000001000000001010001
0011101110000001010010001000000000000010001000001000000001010000
0100010000000011001101000001000000100010001000001000000001010001
0100010000000011001101000001000000100010001000001000000001010001
0011101110000001010010001000000000000010001000001000000001010000
0100010000000011001101000001000000100010001000001000000001010001
0100010000000001000000000000000000000001000000000001001010011000
0100010000000001100000100010000010010100000011101000001010010000
0100010000000011001101000001000000100000110000010000000000000000
0100010000000011001101000001000000100010001000001000000001010001
0100010000000011001101000001000000100010001000001000000001010001
0100010000000011001101000001000001100000110000010000000001010001
0100010000000011001101000001000000100010001000000000000100000000
