//
segsites: 48
positions: 0.019540000000000 0.052940000000000 0.088120000000000 0.093720000000000 0.170040000000000 0.189080000000000 0.220560000000000 0.237220000000000 0.259100000000000 0.284020000000000 0.298240000000000 0.330240000000000 0.346480000000000 0.364600000000000 0.372380000000000 0.372940000000000 0.375340000000000 0.403680000000000 0.408480000000000 0.448860000000000 0.449920000000000 0.492620000000000 0.500000000000000 0.537480000000000 0.541840000000000 0.545860000000000 0.565340000000000 0.584360000000000 0.588700000000000 0.593380000000000 0.615160000000000 0.643440000000000 0.692420000000000 0.717020000000000 0.738880000000000 0.739800000000000 0.740980000000000 0.755340000000000 0.765460000000000 0.773240000000000 0.794440000000000 0.838460000000000 0.885120000000000 0.896500000000000 0.907760000000000 0.922040000000000 0.931220000000000 0.967640000000000
110011000100000001001001000010000000100101000000
001100010000111000010010001101001000100101000000
110001000000000001001001000010000010000000010010
110001000000000001001001000010000000000000000110
110011000100000001001001000010000000000000000010
001100010000111000010010001101001000100101000000
001100010000111000010010001101001000100101000000
001100010000000001001001000010110001000000101010
000001000000000011001001100010001000100101000000
000001000010000001001001000010000000000010000010
110011000100000001001001000010000000000000000010
000001100000000001001001000010000000000010000010
001100010000111000010010001101001000100101000000
110011000100000001001000001100001000100100000010
000001100000000001001001000010000000000000000010
001100000000000001001001000010000000000010000010
000001000001000001001001010010000000000010000010
001100010000111000010010001101001000100101000000
110001001000000001001001000010000000000000000010
001100010000111000010010001101001000100101000000
000001000000000001001001000010000000010010000010
110001000100000001101001000010000000000000000010
110001000000000001001001000010010000001000000011
000001100000000001001001000010000000000000000010
001100010000111000010010001101001000100101000000
000001100000000001001001000010000000000000000010
001100010000111000010010001101001000100101000000
110001000000000001001001000010000000000000000010
000001000000000001001101000010000000000010000010
000001100000000001001001000010000000000000000010
000001000000000001001001000010010000001000000011
110001000000000101001001000010000000000000000010
001100010000111000010010001101001000100101000000
110001000000000001001001000010000100000000000110
001100010000111000010010001101001000100101000000
110001000000000001001001000010000000000000000000
001100010000111000010010001101001000100101000000
001100010000111000010010001101001000100101000000
001100010000111000010010001101001000100101000000
000001100000000001001001000010000000000000000010
