//
segsites: 81
positions: 0.019520000000000 0.035060000000000 0.037980000000000 0.039080000000000 0.039340000000000 0.044540000000000 0.055380000000000 0.070460000000000 0.089560000000000 0.094740000000000 0.096380000000000 0.114100000000000 0.125540000000000 0.143720000000000 0.158080000000000 0.170560000000000 0.174660000000000 0.190200000000000 0.213740000000000 0.218180000000000 0.249220000000000 0.267060000000000 0.273480000000000 0.289080000000000 0.294580000000000 0.316400000000000 0.316500000000000 0.326420000000000 0.329600000000000 0.330460000000000 0.335520000000000 0.338260000000000 0.340820000000000 0.349740000000000 0.390520000000000 0.391560000000000 0.402420000000000 0.454040000000000 0.488500000000000 0.498240000000000 0.500000000000000 0.513680000000000 0.526340000000000 0.526780000000000 0.532120000000000 0.564840000000000 0.576260000000000 0.600260000000000 0.604680000000000 0.609540000000000 0.615520000000000 0.617180000000000 0.628840000000000 0.660880000000000 0.689800000000000 0.693540000000000 0.722420000000000 0.724440000000000 0.726220000000000 0.731980000000000 0.736540000000000 0.741220000000000 0.796880000000000 0.834900000000000 0.838360000000000 0.846160000000000 0.866240000000000 0.869060000000000 0.875860000000000 0.877200000000000 0.880980000000000 0.894620000000000 0.906180000000000 0.917260000000000 0.920500000000000 0.921060000000000 0.928120000000000 0.935100000000000 0.936860000000000 0.937120000000000 0.957400000000000
100010110000001011001000000010000100010000000001000001000100011000000000000010001
000000110000001011001001000000000000000111010100001100001011000000100001010000000
000000110010001011001001000000000000000111010100001100001011000000100001010000000
000000110000001011001001000000000000000111010100001100001011000000100001010000000
000001000000000000000010000010000100010000000001000001000100011000000000000010001
000000110000001011001001000100000000000000000001000000000100000000100001000010010
000000110000001011001001000000000000000111010100001100001011000000100001010000000
000000110000001011001001000000000000000111010100001100001011000000100001010000000
000000110000001011001001000000000000000111010100001100001011000000100001010000000
000000110001001011001001000000000010100000000000000000000100010101000000010000000
000001000000000000000000000010000100010000000001000001000100011000010000000010001
001000001000110000000000110000100000100000100000000000001011000000100001000010010
000000110000001011001001000000000000000111010100101100001011000000100001010000000
000000110000001011001001000000000000000111010100001100001011000000100001010000000
000001000000000000000000000010000100010000000001000001000100011000000000000010001
000001000000000000000000000000000000001101010110001100001011000000100001000010010
000000110000001011001001000000000000000111010100001100001011000000100001010000000
000000110000110000000000110000100000100000000000000000000100010001000000000001100
000000110000001011001001000000000000000111010100001100001011000000100001010000000
000000110000001011101001000000000000000111010100001100001011000000000000000010001
000000110000001011001001000000000000000101001000000010000100010010000000000000100
000000110000001011001001000100000000000000000001000000000100000000100001000010010
000000110000001011001001000000000000000111010100001100001011000000100001010000000
000000110000001011001001000000000000000111010100001100001011000000100001010000000
000100110000001111001001000000000000000101010100001100001011100000100001010000000
000000110000001011011001000000000000000101010100001100001011000000100001010000000
000000110000001011001001000100000000000000000001000000000100000000100001000010010
001000001000110000000000110001100000100000000000000000000100010001000000000001100
010000000100000000000100001000001001000000000100000100011010000000000000001110010
000000110000001011001001000000010000000000000001000000000100000000100001000010010
000001000000000000000000000010000100010000000001000001000100011000011000000010001
000000110000001011001001000100000000000000000001000000000100000000100001000010010
000000110000001011001001000000000000000111010100001100001011000000100001010000000
000000110000001011001001000000000000000111010100001100001011000000000000000010001
001000001000110000000000110000100000100000100000000000001011000000100011100010010
000000110000001011001001000000000000000111010100001100001011000000100001010000000
000000110000001011001001000000000000000111010100001100001011000000100001010000000
000000110000001011001001000000000000000111010100001100101011000000100001010000000
000000110001001011001001000000000010100000000000010000000100010001000100000001100
000001000000000000000000000000000000001101010110001100001011000000100001000010010
