//
segsites: 84
positions: 0.007740000000000 0.021120000000000 0.023780000000000 0.026640000000000 0.058900000000000 0.062800000000000 0.063080000000000 0.071820000000000 0.073620000000000 0.073880000000000 0.087940000000000 0.099300000000000 0.099980000000000 0.100720000000000 0.121800000000000 0.123580000000000 0.138840000000000 0.140620000000000 0.170120000000000 0.193640000000000 0.208720000000000 0.217400000000000 0.222000000000000 0.234120000000000 0.238960000000000 0.264060000000000 0.264240000000000 0.279000000000000 0.283440000000000 0.308000000000000 0.324080000000000 0.338620000000000 0.364040000000000 0.376580000000000 0.385480000000000 0.394220000000000 0.430280000000000 0.434680000000000 0.442060000000000 0.444000000000000 0.445960000000000 0.451100000000000 0.454680000000000 0.455300000000000 0.456580000000000 0.458380000000000 0.461080000000000 0.495640000000000 0.500000000000000 0.512780000000000 0.523420000000000 0.531520000000000 0.543960000000000 0.553500000000000 0.554560000000000 0.565500000000000 0.566980000000000 0.582300000000000 0.585340000000000 0.593740000000000 0.602640000000000 0.604080000000000 0.645220000000000 0.645840000000000 0.652240000000000 0.702000000000000 0.711940000000000 0.716200000000000 0.725740000000000 0.727220000000000 0.731900000000000 0.747200000000000 0.770400000000000 0.796040000000000 0.796820000000000 0.821360000000000 0.824320000000000 0.842660000000000 0.844860000000000 0.914820000000000 0.922860000000000 0.928920000000000 0.964140000000000 0.982120000000000
000000000110000000000000000000000000010000001001100000000000000010010000101000110000
000000000110000000000000000000000000010000001001100000000000000010010000101000110000
000000000110000000000000000010000000010000001001100000000000000010010000101000110000
000000000110000000000000000000000000010000001001100000000000000010010000101000110000
000000000110000000000000000000000100010000000000001001001011010000000000000000001000
000000000110000000000000000000000000010000001001100000000000000010010000101001110000
000000000110000000000000000000010000000100010000000010000010110000100000000000010000
001000000110000000000000000000000000010000000000001001001011010000000000000100001000
000000000110000000000000000000000000010000001001100000000000000010010000101000101000
000000000110000000000010000000010001000100010000000010000010110000100000000000010000
000000000110000000000000000000000000010000001001100000000000000010010000101000110000
000000000110000000000000000000000000010000001001100000000000000010010000101000110000
000010000110000000000000000000010000000100010000000010000010110000100000000000010000
001000000110000000000000000000000000010000000000001001001011010000000000000100001000
000000000110000000000000000000000000010000001001100000000000000010010000101000110000
000000000110000000000000000000000000010000001001100000000000000010010000101000110000
100000000100000000000101000100100000000000000000001001001011010000000000000000010001
000100010001100000011100000000000000001000000000000000001011010000100000000000001100
000000000110000000000000000000000000010000001001100000000000000010010000101000101100
000010000110000000000000000000010000000110010000000010100010110000100000000000010000
000000000110000000000000000000000000010000001001100000000000000010010000101000110000
000000000110000000000000000000000000010000001001100000000000000010010000101000110000
000100010001101000011100000000000000100000100000010000010100001001000000010010001100
000100010001100000011100000000000000100000100000010000010100001001000000010010001100
010000000000000101000100111001000000000000000000001001001011010000000000000000010000
000000000110000000000000000000000000010000001001100000000000000010010000101000110000
000000000110000000100000000000000000010000000000001001001000000010010000101000101100
000000000110000000000000000000000000010000000000001001001011010000000100000000001000
000000000110000000000000000000000000010000001001100100000000000010010000101000110000
000000000110000000000000000000000000010000001001100000000000000010010000101000110000
000000001110000000000000000000000000010000001001100000000000000010010000101000110000
000000000110000000000000000000000000010000001001100000000000000010011000101000110000
000000000110000000000000000000001000010000000001000000000000110100000000000000010010
000000000110000000000000000000000000010000001101100000000000000010010010101000110000
000100010001100000000000000000000000010000000000001001001011010000000100000000001000
000100100000010010000000000000000000010000000010001001001011010000000000000000001000
000101010001100000011100000000000010001001000000000000001011010000100001000000010000
000000000110000000000000000000000000010000001001100000000000000010010000101000110000
000000000110000000000000000000000000010000001001100000000000000010010000101000110000
000000000110000000000000000000000000010000001001100000000000000010010000101000110000
