//
segsites: 92
positions: 0.001860000000000 0.003960000000000 0.009540000000000 0.027240000000000 0.029440000000000 0.039260000000000 0.043560000000000 0.063500000000000 0.065780000000000 0.069580000000000 0.073000000000000 0.082000000000000 0.082220000000000 0.109460000000000 0.112000000000000 0.116880000000000 0.125580000000000 0.136820000000000 0.137240000000000 0.151380000000000 0.159500000000000 0.168860000000000 0.181220000000000 0.192820000000000 0.199680000000000 0.215820000000000 0.244620000000000 0.246400000000000 0.247280000000000 0.247900000000000 0.271780000000000 0.286780000000000 0.287240000000000 0.322520000000000 0.346160000000000 0.368680000000000 0.374240000000000 0.374920000000000 0.387740000000000 0.408580000000000 0.414500000000000 0.419560000000000 0.421500000000000 0.463480000000000 0.474280000000000 0.475840000000000 0.491300000000000 0.500000000000000 0.534640000000000 0.542300000000000 0.547900000000000 0.569160000000000 0.575100000000000 0.602740000000000 0.607780000000000 0.611720000000000 0.624740000000000 0.637280000000000 0.641780000000000 0.646140000000000 0.651460000000000 0.672600000000000 0.674440000000000 0.687000000000000 0.689040000000000 0.689660000000000 0.706060000000000 0.709640000000000 0.716100000000000 0.718920000000000 0.720200000000000 0.737760000000000 0.738480000000000 0.760300000000000 0.767340000000000 0.767720000000000 0.801840000000000 0.811620000000000 0.817980000000000 0.819920000000000 0.841020000000000 0.860460000000000 0.869780000000000 0.872640000000000 0.873520000000000 0.889760000000000 0.889900000000000 0.914840000000000 0.919520000000000 0.933720000000000 0.936100000000000 0.983540000000000
10000000000000010010000011001101011010000100100001000001100000001000001000000010000000001010
01000011000101000010010010001101011010000000100001000001100000001000001000000010000000001010
10000101000100000000000010001100000000001011000000010000001010010010010000100000000000001010
10000000000010010010000011001101011010000000100101000000001010010010010000000000000000001010
10000000000000010010000011001101011010000000100101000000001010010010010000000000000000001010
10000000000000010010000011001101000000000000010001000000000000000100100000000000000000000110
10000000000010010010000011001101011010000000100101000000001010010010010000000000000000001010
10000000000010010010000011001101011010000000100101000000001010010010010000000000000000001010
10000000000010010010000011001101011010000000100101000000000000000100000000010000001000000110
10000000000010010010000011001101011010000000100101000000001010010010010000000000000000001010
01010011000101000010010010001101011010000000100001000000001010010010010000000000000000001010
01000000000000001101101000010000000000000000001000000110000101000001000001001000010000100000
10000000000010010010000011001101011010000000100101000000001010010010010000000000000000001010
10000000000010010010000011001101011010000000100101000000001010010010010100000000000000001010
01000011000101000010010010001101011010000000100001000001100000001000001000000010000000001010
10000000000010010010000011001101011110010000100101000000001010010010010000000000000000001010
10000000000010010010000011001101011010000000100101000000001010010010010000000000000000001010
10000000000000010010000011001101011011000000100001000000001010010010010000100000000000001010
00000000000000010010000010001100100000000000000000000000000000100100001000000000000000001010
10000000001000010010000011001101011010000000100001000001100000001000001000000001100000001010
10000000000000010010000011001101011010000000100001000001100000001000001000000010000001001010
10000000000010010010000011001101011010000000100101000000001010010010010000000000000000001010
10100000000010010010000011001101011010000000100101000000001010010010010000000000000000001010
10000000000010010010000011001101011110010000100101000000001010010010010000000000000000001010
00000000000000010010000010001111011010000000100001001001110000001000001010000000000000001010
10000000000000010010000011001101011010000000100001000001100000001000001000000001100000001010
01000011000101000010010010001101011010000000100011000001100000001000001000000000000000001010
10000000000010010010000011001101011010100000100101000000001010010010010000000000000000001010
10000000000010010010000011001101011010000000100101000000001010010010010000000000000000001010
00001100100100100000000110001101011010000000100001000001100000001000001000000000000000001010
10000000000010010010000011001101011010000000100101000000001010010010010000000000000100001011
10000101000000010010000000101101011010000000100001000001100000001000001000000000000000011010
00000000000000010010000010001100100000000000000000100000000000100100000000001100010010100000
01000000000000001101101000010000000000000000001000000110000101000001000001001000010000100000
10000000000010010010000011001101011010000000100101000000001010010010010000000000000000001010
10000101000100000000000011001101011010000000100101000000001010010010010000000000000000001010
10000101000100000000000010001100000000001011000000010000001010010010010000100000000000001010
10000000010010010010000011001101011010000000100101000000001010010010010000000000000000001010
10000000000010010010000011001101011010000000100101000000001010010010010000000000000000001010
10000000000010010010000011001101011010000000100101000000001010010010010000000000000000001010
