//
segsites: 59
positions: 0.007740000000000 0.011960000000000 0.036320000000000 0.039540000000000 0.045020000000000 0.055860000000000 0.062840000000000 0.066340000000000 0.071740000000000 0.084680000000000 0.084680000000000 0.094200000000000 0.096880000000000 0.100780000000000 0.129060000000000 0.167280000000000 0.173040000000000 0.187800000000000 0.197280000000000 0.231640000000000 0.250260000000000 0.270200000000000 0.295320000000000 0.313940000000000 0.319900000000000 0.366900000000000 0.391380000000000 0.425120000000000 0.426520000000000 0.430980000000000 0.432740000000000 0.434440000000000 0.456720000000000 0.473160000000000 0.500000000000000 0.521340000000000 0.542400000000000 0.580800000000000 0.591060000000000 0.627780000000000 0.633020000000000 0.662680000000000 0.674040000000000 0.693420000000000 0.700760000000000 0.704760000000000 0.760740000000000 0.765580000000000 0.775980000000000 0.786760000000000 0.832260000000000 0.844360000000000 0.857140000000000 0.867300000000000 0.867380000000000 0.869300000000000 0.880880000000000 0.935180000000000 0.981960000000000
00110000100000100001010000000100000000010000110000101000000
10100000000000010000000100001010100010010000010010101000000
10100000000000000000000101001010101010010000010000100000000
10100000000000000000000100001010101010010000010000100000000
10100000000000000000000100001010101010010000010000100000000
10100000000000000000000100001010101010010000010000100000000
10100000000000000000000100001010101010010000010000100000000
10100000000000000000000100001010101010010000010000100000000
10100001000000000000000100001010101010010000010000100000000
10100000000000000000000100001010101010010000010000100000000
10100000000000000000000100001010100010010000010000101010000
10100000000000000000000100101010101010010000010000100000000
00100000000000000000100000010000100001000001001001000101010
00100000000000000000100000010000110001000001001001000100010
00110000100000100001010000000100000000010000010000101000100
00110000100000100001010000000100000000010000010000101000010
00110000100000100001010000000100000000010000010000101000010
00110000100000100001010000000100000000010000010000101000010
00100000001000000000001000000010100010010000010000101000000
00100000000000000000001000000010100010010000010000101000000
00100110000111000100010000000100000100100110010000101000000
10100000000000000000000100001010101010010000010000100000000
00110000100000100001010000000100000000010000010000101000010
10100000000000000000000100001010101010010000010000100000000
00110000100000100001010000000100000000010000010000101000000
00110000100000100001010010000100000000010000010000111000001
00110000100000100001010000000100000000010000010000101000100
01100000010111000100010000000101000100100010010000101000000
00110000100000100001010000000100000000011000010000101000010
10100000000000000000000100000100000000010000010000101000100
10100000000000000000000100001010101010010000010000100000000
10100000000000000000000100001010101010010000010000100000000
00110000100000100001010000000100000000010000010000101000010
10100000000000000000000100001010101010010000010000100000000
10100000000000000000000100001010101010010000010000100000000
00101000000000000000001000000010100010010000010000101000000
00100000010111000100001000000010100010010000010100101000000
00110000100000100001010000000100000000010000010000101000010
00110000100000001010001000000010100010010000010000101000000
10100000000000000000000100001010101010010000010000100000000
