//
segsites: 78
positions: 0.053800000000000 0.082240000000000 0.084420000000000 0.089600000000000 0.105980000000000 0.122380000000000 0.126360000000000 0.162300000000000 0.168460000000000 0.184100000000000 0.190020000000000 0.218980000000000 0.228520000000000 0.229640000000000 0.240480000000000 0.261300000000000 0.269160000000000 0.293140000000000 0.301440000000000 0.310600000000000 0.310740000000000 0.313080000000000 0.315700000000000 0.331300000000000 0.331620000000000 0.342340000000000 0.350100000000000 0.369700000000000 0.380200000000000 0.382040000000000 0.382480000000000 0.385660000000000 0.398280000000000 0.407820000000000 0.424200000000000 0.438200000000000 0.457500000000000 0.466000000000000 0.473100000000000 0.480200000000000 0.480960000000000 0.499620000000000 0.500000000000000 0.504640000000000 0.516820000000000 0.528640000000000 0.545680000000000 0.553480000000000 0.584160000000000 0.585480000000000 0.629600000000000 0.630360000000000 0.630600000000000 0.645760000000000 0.657340000000000 0.668720000000000 0.737160000000000 0.751920000000000 0.793820000000000 0.816900000000000 0.831200000000000 0.832860000000000 0.847020000000000 0.858020000000000 0.867600000000000 0.881840000000000 0.882020000000000 0.901100000000000 0.902840000000000 0.904080000000000 0.906260000000000 0.906720000000000 0.917340000000000 0.921200000000000 0.923960000000000 0.937000000000000 0.966280000000000 0.984020000000000
000100000000000000000010001000010000010100001000010000001100000000100001001001
100001000100001000000100100101000000010000001000100000001100000000100001001001
010000110000000000000000110000000000010000100000000001011000000000010000000010
001000001001011000000100100001000000010000001000100000001100000000100001001001
000100000000000000000010001000010000010100001000010000001100000000100001001001
001000001001010100010000000000000000010001000000000000011000000100010000010010
000000000000000011100001000010101101000001000000011010101000010001000011001001
010000110000000000000000110000000000010000100000000001011000000000010000000010
010000110000000000000000110000000000010000100000000001011000100000010000000010
010000110000000000000000110000000000010000100000000001011000000000010000000010
000000000000000000000010001000010000010100001000010000000000000100010000010010
010000110000000000000000110000000000010000100000000001011000000000010000000010
010000110000000000000000110000000101000001000000010010101000011001000000000010
010000110000000000000000110000000000010000100000000001011000000000010000000010
010000110000000000000000110000000000010000100000000001011000000000010000000010
010000110000000000000000110000000000010000100000000001011000000000010000000010
010000110000000000000000110000000000010000100000010000001101000000100001001001
010000110000000000000000110000000000010010100000000001011000000000010000000010
010000110000000000000000110000000000010000100000000001011000000000010000000010
010010100000000000000000110000000000010000000000000000011000000010010000000010
000000001001010100011000000000000000010001000001000100001100000000100101001101
010000110000100000000000110000000000010000100000000001011000000000010000000010
010000110000000000000000110000000000010000100000000001011000000000010000000010
010000110000000000000000110000000000010000100000000001011000000000010000000010
000000000000000000000010001000010000011100011100010000011000000000100001001001
010000110000000000000000110000000000010000100000000001011000000000010000000010
010000110000000000000000110000000000010000100000000001011000000000010000000010
010000110000000000000000110000000000010000100000000001011000000000010000000010
010010100000000000000000110000000000010000000000000000011000000010010000000010
000000001011010100010000000000000000110001000011000100001010000000001001101001
010000110000000000000000110000000000010000100000000001011000000000010000000010
100001000100000000000010001000010010011100011100010000000000000000010000000010
010000110000000000000000110000000000010000100000000001011000000000010000000010
000000000000000000000000110000000000010000100000000001011000000000010000000010
010000110000000000000000110000000000010000100000000001011000000000010000000010
010000110000000000000000110000000000010000100000000001011000000000010000000010
010010100000000000000000110000000000010000000000000000011000000010010000000010
010010100000000000000000110000000000010000000000000000011000000010010000000010
000000001001010100011000000000000000010001000001000100001100000000100101001001
010000110000000000000000110000000000010000100000000001011000000000010000000010
