//
segsites: 73
positions: 0.012440000000000 0.023020000000000 0.067880000000000 0.071740000000000 0.078120000000000 0.089840000000000 0.098240000000000 0.117000000000000 0.126820000000000 0.131500000000000 0.148160000000000 0.149400000000000 0.186220000000000 0.196720000000000 0.205100000000000 0.224520000000000 0.230020000000000 0.234360000000000 0.242640000000000 0.252060000000000 0.272860000000000 0.302160000000000 0.334320000000000 0.348260000000000 0.349180000000000 0.402920000000000 0.421660000000000 0.426720000000000 0.437480000000000 0.443940000000000 0.469860000000000 0.475180000000000 0.477380000000000 0.481140000000000 0.483580000000000 0.500000000000000 0.505120000000000 0.516340000000000 0.528960000000000 0.547100000000000 0.561940000000000 0.569060000000000 0.573540000000000 0.584360000000000 0.627860000000000 0.629340000000000 0.636620000000000 0.640620000000000 0.641720000000000 0.643540000000000 0.651920000000000 0.655840000000000 0.665520000000000 0.669320000000000 0.723400000000000 0.724280000000000 0.726040000000000 0.740760000000000 0.743420000000000 0.768680000000000 0.776220000000000 0.822880000000000 0.832620000000000 0.836000000000000 0.848600000000000 0.852520000000000 0.863740000000000 0.903800000000000 0.917460000000000 0.918720000000000 0.953620000000000 0.973780000000000 0.978140000000000
0000111000100000000001100011010000010011000000010100110000001000000001000
0000011000100000000001100011010000010011000000010100110000001000000001000
0000011000100000000001100011010000010011000000010100110000001000000001000
0000011000100000000001100011010000010011000000010100110000001000000001000
0000000000000000010100000000100010100100000000000001010000001110001001110
0000000000000000010100000000100000100100000000000001011000001110001001000
0000000000001001010000000000101000001000000000000010000001100000000000000
0000011000100000000001100011010000010011000000010100110000001000000001000
0000011000100000000001100011010000010011000000010100110000001000000001000
0000011000100000000001100011010000010011000000010100110000001000000001000
0000011000100000000001100011010000010011000000010100110000001000000001000
0100000000000001010000000000101000001000000000000010000001100000000000000
0000000000000001011000000000101000001000000000000010000001100000000000000
0000011000100000000001100011010000010011000000010100110000001000000001000
0000000000000000010100000000100000010011000000010100110000001000000001000
0000011001100000000001100011010000010011000000010100110000001000000001000
0000011000100000000001100011010000010011000000010100110000001000000001000
0000000000000000010100001000100000100100011000000000000000100000000000000
0000011000100000000001100011010000010011000000010100110000001000000001000
0000000000000000010100000000100000100100000000000001010000001110001001110
0100000000000000010100000000100000100100100000001001010100001000000011000
0000011000100000000001100011010000010011000000010100110000001000000001100
0000011000100000000001100011010000010011000000010100110000001000000001000
0000011000100000000001100011010000010011000000010100110000001000000001000
0010000000010000110100000000100001001000000000000010000011110000000000001
0000011000100000000001100011010000010011000100000010000000001110001001110
1001010010000010000010000101000000100100000001001001010000001000000001000
0000011000100000000001100011010000010011000000010100110000001000000001000
0000000000000101010000000000101000001000000010000010000001100000000000000
0000011000100000000001110011010000010011000000010100110000001000000001000
0000000000000001010000000000101000001000000000101001010000001000000001100
0000011000100000000001100011010000010011000000010100110000001000000001000
0000011000100000000001100011010000010011000000010100110000001000000001000
0000000000000101010000000000101000000100000000001001010100001000000011000
0000000000000101010000000000101000001000000010000010000001100000000000000
0000000000000001010000000101010100000000001000000000000000100001110000000
0100000000000000010100000000100000100100100000001001010100001000000011000
0000011000100000000001100011010000010011000000010100110000001000000001000
0000011000100000000001100011010000010011000000010100110000001000000001000
0000000100000000000010000101010100000000001000000000000000100001110100000
