//
segsites: 97
positions: 0.001980000000000 0.012840000000000 0.014200000000000 0.016720000000000 0.040500000000000 0.060520000000000 0.067340000000000 0.071700000000000 0.086560000000000 0.097660000000000 0.119400000000000 0.141620000000000 0.147280000000000 0.157980000000000 0.158560000000000 0.159980000000000 0.171100000000000 0.174700000000000 0.176000000000000 0.187680000000000 0.212380000000000 0.214380000000000 0.215340000000000 0.240140000000000 0.241200000000000 0.255680000000000 0.259520000000000 0.287220000000000 0.287300000000000 0.287720000000000 0.288640000000000 0.294720000000000 0.309020000000000 0.311480000000000 0.314060000000000 0.322420000000000 0.335720000000000 0.342340000000000 0.346940000000000 0.372800000000000 0.409060000000000 0.422580000000000 0.433940000000000 0.440160000000000 0.455800000000000 0.457720000000000 0.465280000000000 0.488400000000000 0.490780000000000 0.490960000000000 0.500000000000000 0.507900000000000 0.519580000000000 0.522260000000000 0.550040000000000 0.550120000000000 0.552900000000000 0.576440000000000 0.577240000000000 0.582220000000000 0.591040000000000 0.604100000000000 0.604800000000000 0.610860000000000 0.614100000000000 0.617180000000000 0.642380000000000 0.667740000000000 0.699640000000000 0.705220000000000 0.709280000000000 0.709560000000000 0.710220000000000 0.715920000000000 0.737920000000000 0.742040000000000 0.748020000000000 0.748520000000000 0.759080000000000 0.769360000000000 0.774300000000000 0.785160000000000 0.797200000000000 0.808820000000000 0.854380000000000 0.863860000000000 0.867780000000000 0.868940000000000 0.880360000000000 0.903100000000000 0.906200000000000 0.914820000000000 0.928060000000000 0.962420000000000 0.972260000000000 0.982620000000000 0.998300000000000
0000000000000000001000100001000001000000001000000010101100100000001000001100000000000001000000100
0000000000000000001000100001000001000000001000000010000010000000110000000110000000100010000000001
0000000000001000001000000000000001000000000000000000100000100000001000000001101001001000000000000
0000000000000000001000100001000001000000001000000010000010000000110000000110000000100010000000001
0100000000000000001010000100001000000000000010000000100000100001001000000001100011000100000010000
1000000100000000100000000000010001000000000000000000100000100000001000000001101001001000000101000
0000001000001000001000000000000001000000100000100100000010000000000000110000000000000100000010000
1000000100000000001000100001000001000000001000000010000010000000110000000110000000100010000000001
0100000000000000001010000100001000000000000010000000100000100001001100000001100011000100000010000
0000010000001000001000000000000001000000001000001000000010000000010000001100000000000001000000100
0000001000001000001000000000000001000000100000100100000010000000000000110000000000000100000000011
1000000001000001000000000010100001010100100101000000010010000000000010000000000100010001010000000
0000100000001000001000000000010001000010000000000000100000100000001000001100000000000001000010000
1000000100000000100001000000010001001001001000001000000010000000010000000110000000100000101000000
0000001000001000001000000000000001000000100000100100000010000000000000110000000000000100000010000
0000000000000000001000100001000001000000001000000010000010000000110000000110000000100010000000001
0000000000100000100000001000010001000010000000000000101100100000001000001100000000000001000000100
0000000000100000100000001000010001000000001000000010000010010000110000000110000000100010000000001
0000001000001000001000000000000001000000100000100100000010000000000000110000000000000100000000011
0000000000000000001010000100000001000000100000100100000010000000000000000000000000000000101000000
0000000000000000001000100001000001000000001000000010000010000000110000000110000000100010000000001
0001000000000000001000100001000001000000001000000000000011000000010000110000010000000100000010000
0000000000000000001000100001000001000000001000000010000010000000110000000110000000100010000000001
0000000000000010001000100001000001000000001000000010000010000000110000000110000000100010000000001
0000000000000000001000100001000001000000001000000010000010000000110000000110000000100010000000001
0000000000000000001000100001000001000000001000000010000010000000110000000110000000100010000000001
0000000000000000001000100001000001000000001000000010000010000000110000000110000000100010000000001
0000000000001000011000000000000001000000000000000000100000100000001001001100000000000001000000100
0000000010000000001100010010000101000000001000000000000010000000110000000110000000100010000000001
0000000000001100001000000000000001000000100000100100000010000010000000000000000000000000101000000
0000000000000000001000100001000001000000001000000000100000100001001000000001100011000100000010000
0000001000001000001000000000000001000000100000110100000010000000000000110000000000000100000010000
0000000000000000001000100001000001000000001000000010000010000000110000000110000000100010000000001
0000000000000000001000100001000011000000001000000010000010000000110000000110000000100010000000001
0000000000000000001000100001000001000000011000000010000010000000110000000110000000100010000000001
1010000100000000001010000100001000100000000010000000100000100001001000000001100011000100000010000
0000000000000000001010000000010001000000000000000000100000000001000000000110000000100010000000001
0100000000001000001000000000000001000000000000000000100000100000001000000001101001001000000000000
1000000001010000100000000000010001000000000000000000100000101100001000000001101001001000000000000
0000000000000000001000100001000001000000001000000001000011000000010000110000000000000100000010000
