//
segsites: 47
positions: 0.002640000000000 0.041800000000000 0.046860000000000 0.068340000000000 0.082900000000000 0.094040000000000 0.163300000000000 0.165960000000000 0.173620000000000 0.192000000000000 0.208720000000000 0.246580000000000 0.280460000000000 0.291860000000000 0.311620000000000 0.360500000000000 0.416760000000000 0.421300000000000 0.430260000000000 0.451680000000000 0.479880000000000 0.485000000000000 0.486140000000000 0.487160000000000 0.489120000000000 0.495220000000000 0.500000000000000 0.611400000000000 0.612620000000000 0.643720000000000 0.645100000000000 0.653220000000000 0.671500000000000 0.693500000000000 0.695940000000000 0.729960000000000 0.737480000000000 0.761920000000000 0.805220000000000 0.806420000000000 0.816620000000000 0.825280000000000 0.846580000000000 0.856420000000000 0.900340000000000 0.949660000000000 0.964240000000000
00101000001101000010000010100100010010000011010
00001000100001000110100010001100010010010011010
00101001001101001110000010000100010010000011010
00101000001101000010000010100100010010000011010
00101000001101000010000010100100010010000011010
00101000100001000110001010001100010010000011010
00101000001101000010000010100100010010000011010
00101000011101000110000010000100010010000011010
11001100100010100010010010000100011010000011110
00101000100001000110000010001100010010000011010
00101000001101000010000010100100010010000011010
00101000001101000010000010100100010010000011010
00101000001101000010000010100100010010000011010
00101000001101000010000010100100010010000011010
00101000001101000010000010100100010010000011010
00101000001101000010000010100100010010000011010
00101000001101000010000010100100010010000011010
00101000001101000010000010100100010010000011010
01001010100001000010010110000101010010000000000
00101000001101000010000010100100010010000011010
00101000001101001110000010000100010010000011010
00101000001101000010000010100100010010000011010
00010000000010000000000001000010000000101000010
00101000001101000010000010100100010010000011010
11001100100010100010010010000100011010000011110
00101000001101010010000010100100010010000011010
00101000001101001110000010000100010010000111010
00101000001101001110000010000100010010000011010
00101000001101000010000010100100010010000011010
00101000001101000010000010100100010010000011010
00101000001101000010000010100100010110000011010
00101000001101000010000010100100010010000011010
00001000100001000110100010001100010010010011010
00101000100001000110000010001100010010000011010
00101000001001000110000010010101110010000000000
00101000001101000110000010000100010010000011010
00101000001101001111000010000100010011000011011
00101000001101000010000010100100010010000011010
00101000001101000010000010100100010010000011010
00101000001101000010000010100100010010000011010
