//
segsites: 82
positions: 0.015400000000000 0.018340000000000 0.070000000000000 0.075840000000000 0.081960000000000 0.086280000000000 0.092140000000000 0.122540000000000 0.134060000000000 0.164260000000000 0.169780000000000 0.177780000000000 0.179620000000000 0.211900000000000 0.220960000000000 0.232300000000000 0.259460000000000 0.262920000000000 0.272240000000000 0.292300000000000 0.298960000000000 0.311240000000000 0.314200000000000 0.321560000000000 0.328500000000000 0.342460000000000 0.394360000000000 0.413820000000000 0.413960000000000 0.421080000000000 0.430660000000000 0.448540000000000 0.459280000000000 0.460520000000000 0.471620000000000 0.476020000000000 0.476560000000000 0.500000000000000 0.504880000000000 0.511960000000000 0.516160000000000 0.522880000000000 0.533360000000000 0.537640000000000 0.551880000000000 0.584420000000000 0.596960000000000 0.600320000000000 0.608200000000000 0.608640000000000 0.622220000000000 0.639800000000000 0.642040000000000 0.642920000000000 0.682140000000000 0.696980000000000 0.714400000000000 0.744340000000000 0.749560000000000 0.752260000000000 0.779740000000000 0.809240000000000 0.815040000000000 0.819520000000000 0.838320000000000 0.862720000000000 0.867500000000000 0.872060000000000 0.894320000000000 0.896140000000000 0.898040000000000 0.904180000000000 0.907260000000000 0.908740000000000 0.913880000000000 0.942200000000000 0.953720000000000 0.966760000000000 0.982980000000000 0.987300000000000 0.989420000000000 0.992860000000000
1001010000100000010100001001000000110100010000000001101010000110010000000100010000
1001011000100000010100001100000101000010001000000000000100111000000010001000000000
1001010000100000010000001000000101000010001000000000000000110010000000001010000000
1001010000100000010000001000000101000010001000000000000000111000000010000000000001
1001010000100000010100001001000000110100010000000001101000000110010000000100010000
1001010000100000010100011001000000110000010001000000000000111000000010000000000000
1001010000100000010000001000000101000010001000000000000000111000000010000000000000
1001010000100000010100001001000000110100010000000001101000000110010000000100010000
1001010000100000010100001001000000110100010000000001101000000110010000000100010000
1001010000100100011000001000000101000010001100000000000000111000100010000000000010
0000000011000010100011000010111000100000000000110000000000111000000010000000000000
1001010000100000010100001000000101000010001000000000001000000110010000000100010100
1001010000100000010000001000000101000010001000000000000000111000000010000000000000
1001010000100000010100101001000000110000010000000001101000000110010000000100010000
1001010000100000010100001001000000110100010000000001101000000110010000000100010000
0001010000100000010000001000000101000010001000000000000000111000000010100000100000
1001010000100001000000000000000000000000000010011010010000101000000010010000000000
1001010000100000010000001000000101000010001000000000000000111000000010000000000001
1001010000100001000000000000000000000001000010011010010001100000001101000001000001
1001010000100000010100001001000000110100010000000001101000000110010000000100010000
1001010100100000010100001001000000110000010000000001101000000110010000000100010000
1001010000100000010100001001000010110100010000000001101000000110010000000100010000
1001010000100000010100001001000000110100010000000001101000000110010000000100000000
1001010000100000010100001001000000110100010000000001101010000110010000000100010000
1001010000100000010100001001000000110000001000000000000000111000000010000000000001
1001010000100000010100001001000000110100010000000001101000000110010000000100010000
1001010000100000010000001000000101000010001000000000000000111000000010000000000000
1001110000100001000000000001000000110100010000000001101000000110010000000100010000
1001010000100000010100001001000000111000101000000000000000111000000010000000000001
1001010000100000010100001001000000110100010000000001101000000110010000000100010000
0100000000001001000100001001000000110000010000000101101000000110010000000100010000
1001010000100000010100001001000000110100010000000001101000000110010000000100010000
1001010000100000010100001001000000110000001000000000000000111001000010000000000001
0100000000001001000000000000000000000000000010011010010000100000001101000000000000
1001010000100000010100001001000000110100010000000001101000000110010000000100010000
1001010000100000010100001001000000110100010000000001101000111000000010000001000001
0100000000001001000000000000000101000010001000000000000000111000000010001000001000
1000000000001000010000001000000000000000000010011010010000100000001101000000010000
0100000000011001000000000001000000110100010000000001101000000110010000000100010000
0110000000001001000100001001000000110000010000000001101000000110010000000100010000
