//
segsites: 116
positions: 0.005660000000000 0.010940000000000 0.012800000000000 0.012820000000000 0.013120000000000 0.018220000000000 0.022280000000000 0.035140000000000 0.041940000000000 0.051560000000000 0.065400000000000 0.071400000000000 0.079620000000000 0.089120000000000 0.090160000000000 0.096400000000000 0.099380000000000 0.110740000000000 0.111160000000000 0.128800000000000 0.138180000000000 0.141360000000000 0.146680000000000 0.147100000000000 0.156420000000000 0.156620000000000 0.182760000000000 0.197760000000000 0.227760000000000 0.247520000000000 0.262940000000000 0.268020000000000 0.268540000000000 0.269420000000000 0.272180000000000 0.273560000000000 0.287980000000000 0.290040000000000 0.321260000000000 0.321540000000000 0.336720000000000 0.354560000000000 0.366720000000000 0.375800000000000 0.378700000000000 0.402260000000000 0.404820000000000 0.405440000000000 0.407780000000000 0.423400000000000 0.463920000000000 0.467560000000000 0.468360000000000 0.500000000000000 0.504100000000000 0.506940000000000 0.531220000000000 0.536460000000000 0.543080000000000 0.550140000000000 0.566840000000000 0.575000000000000 0.577080000000000 0.585920000000000 0.586220000000000 0.594940000000000 0.603480000000000 0.604660000000000 0.620380000000000 0.620580000000000 0.626880000000000 0.639700000000000 0.653940000000000 0.665740000000000 0.679280000000000 0.681340000000000 0.693800000000000 0.699760000000000 0.708920000000000 0.716780000000000 0.719040000000000 0.722680000000000 0.733740000000000 0.746100000000000 0.767980000000000 0.773720000000000 0.775980000000000 0.786900000000000 0.796280000000000 0.796720000000000 0.807340000000000 0.808700000000000 0.812620000000000 0.821640000000000 0.828680000000000 0.860100000000000 0.860340000000000 0.878240000000000 0.881100000000000 0.885880000000000 0.892660000000000 0.906660000000000 0.926820000000000 0.929240000000000 0.939980000000000 0.950920000000000 0.951980000000000 0.954600000000000 0.959700000000000 0.977160000000000 0.980160000000000 0.983200000000000 0.983560000000000 0.986380000000000 0.990300000000000 0.996220000000000
00000000000000000000000010100000010000010010000000010100100000000010101000010000000010000100000000000001000000000000
00000000000000000000000010100000010000010010000000010100100000000010101000010000000010000100000000000001000000000000
00000000000000000000000010100000010000010010000000010100100000000010101000010000000010000100000000000001000000000000
10000010000100000000000000000010001000000000000000000011000000000010001000010000100000110000000000000001000000000001
00000000000000001000000010100000010000010010000000010100100000000010101000010000000010000100000000000001000000000000
00000000000000000000000010100000010000010000000000010000100010000010001100010000000010000100000000000001000000000000
00000000000000001000000010100000010000010010000000010100100000000010101000010000000010000100000000000001000000000000
00000000000000001000000010100000010000010010000000010100100000000010101000010000000010000100000000000001000000000000
10000010000100100000000000000000000000000000000110010000100010000011001001000000000010000000000001000000100000000010
00000000000001000000001000000100000010100000000000000011010000001010001000000000000000010000010100100110000000000000
00000000000000000010000010100000010000010010000000010100100000000010101000010000000010000100000000000001000000000000
00000000000000000000000010100000010000010010000000010100101000000010101000010000000010000100000000000001000000000000
00000001000000000000000010100000010000010010000000010100100000000010101000010000000010001001101000000000100010000010
00000000000000000000000010100000010000010010000000010100100000000010101000010000000010000100000000000001000000000000
00000000000000000000000010100000010000010010000000010100100000000010101000010000000010000100000000000001000000000000
00000000000000001000000010100000010000010010000000010100100000000010101000010000000010000100000000000001000000000000
00000000000001000000001000000100000010101000100000000011010000001010001000000000000010000000000000011000010000110100
00000000000000000000000010100000010000010010000000010100100000000010101000010000000010000100000000000001000000000000
00000000100000000000000011100000010000010010000000010100100000000010101000010000000010000100000000000001000000000000
01001000000000000000000000111000010001100001000000010100100100000010101000010000000010000100000000000001000000000000
10000010000100000000000000000100000010100000001000000011010000001010001000000000000000010000010000100110000000000000
00000000000000000000000010100000010000010010000000010100100000000010101010010000000010000100000000000001000000000000
00000000000000000000000010100000010000010010000000010100100000000010101000010000000010000100000000000001000000000000
00000000000000000000000010100000010000010010000000010100100000000010101000010000000010000100000000000001000000000000
00000000000000001000000010100000010000010010000000010100100000000010101000010000000010000100000000000001000000000000
01001000000000000000000000111000010001100000000000100000000000000010001000001011010000001001101000000000000000000000
00000000000001000000001000000100000010100000000001000011010000001010001000000000000000010000010000100110000000000000
00000000000000001000000010100000010000010010000000010100100000000010101000010000000010000100000000000001000000000000
10000010000110100000000000000000000000000000000110010100100000000010101000010000000010000100000000000001000000000000
01110000000000010000000000100000010000010000000000010000100000000010001100000100000111000010000001000000100000000010
00000000000000001000000010100000010000010010000000010100100000000010101000010000000010000100000000000001000000000000
01001000000000000000000000111000010001100000000000011000100000010010001000010000000010000000000000000001000000000001
10000010000100100001000100100000010000000100010000000001000001100110001000000000000000000000000000000001000001000001
10000010000100000000000000000010001000000000000000000011000000000010001000010000100000010000000000000001000000000001
00000000000000000000000010100000010000010010000000010100100000000010101000010000000010000100000000000001000000000000
00000000010000000000110000000001100100000000000000000000000000000010001000001011010000001001101000000000100010000010
10000110000100000000000000000010001000000000000000000000000000000000010000101001001000000000000000010000000100101100
10000010001100000000000000000010001000000000000000000011000000000010001000010000100000010001101010000000001100101100
00000000000001000000001000000100000010101000100000000011010000001010001000000000000010000000000000011000010000110100
00000000000000000100000010100000010000010010000000010100100000000010101000010000000010000100000000000001000000000000
