//
segsites: 72
positions: 0.032820000000000 0.040260000000000 0.071160000000000 0.074880000000000 0.079240000000000 0.083220000000000 0.092800000000000 0.101240000000000 0.102700000000000 0.108540000000000 0.118060000000000 0.128020000000000 0.146620000000000 0.150160000000000 0.151680000000000 0.154320000000000 0.157920000000000 0.177100000000000 0.198620000000000 0.201700000000000 0.271600000000000 0.274940000000000 0.288280000000000 0.290140000000000 0.293100000000000 0.367280000000000 0.370200000000000 0.377800000000000 0.397740000000000 0.400540000000000 0.400680000000000 0.402440000000000 0.406880000000000 0.417700000000000 0.422800000000000 0.452900000000000 0.460100000000000 0.475640000000000 0.500000000000000 0.520340000000000 0.524900000000000 0.528340000000000 0.530720000000000 0.531660000000000 0.543880000000000 0.556820000000000 0.574120000000000 0.582180000000000 0.634140000000000 0.653060000000000 0.678160000000000 0.683300000000000 0.704740000000000 0.709420000000000 0.761280000000000 0.776820000000000 0.786880000000000 0.812020000000000 0.815220000000000 0.834060000000000 0.866700000000000 0.868800000000000 0.887220000000000 0.889900000000000 0.891240000000000 0.902800000000000 0.915180000000000 0.919780000000000 0.934060000000000 0.963880000000000 0.969140000000000 0.997780000000000
000000100000000010001001100000010100001000000001000000000010001000010000
000100010000011000000010000000001100000100000000000000000010001001010000
000000100000000010001001100000010100001000000001000000000010001000010000
001000100000000010100010000100000110000000000000000000000010001000010000
000000100000000010001001100000000100000100000000000000000010001100010000
000000100000000010001001100000010100001000000001000000000010001000010000
000000100000000010010010000100000100000000000000000000000010001000010000
000000100000000010001001100000010100001000000001000000000010001000010000
000000100000000010001001100000010100001000000001000000000010001000010000
010001000101000000000000000000000100010010000000000111111000010000000000
100010000000000011001000101010100100000000100000000000100000000010101010
000001000111000000000100000000000000000001000010010101100000000000010000
000000100000000010001001100000010100001000000001000000000010001000010000
010001000101000000000000000000000100010010000000000111111000010000000000
000000100000000010001001110000010100001000000001000000000010001000010000
000000100000000010001001100000010100001000000001000000000010001000010000
000000100000000010001001100000010100001000000001000000000010001000010000
000000010000111000000010000000001100000100000000001000000010001000010000
000000100000000010001001100000010100001000000001000000000010001000010000
000000100000000010001001100000010100001000000001000000000010001000010000
000000100000000010001001100000010100001000000001000000000010001000010000
000000100000000010001001100000010100001000000001000000000010001000010000
000000100000000010001001100000010100001000000001100000000010001000010000
000000101000000010001001100000000100000100000100000000000011001100010000
000000100000000010001001100000010100001000000001000000000010001000010000
000000100000000010001001100000010100001000000001000000000010001000010000
000000100000000010001001100001010100001000000001000000000010001000010000
000000100000000010001001100000010100001000000001000000000010001000010000
000000100000000010001001100000010100001000000001000000000010001000010000
000000010000011000000010000000001100000100000000000000000010001000010000
000000100000000010001001100000010100001000000001000000000010001000010000
000010000000000011001000101010100100000000100000000000100000000010101010
000000100000000010001001100000010100001000000001000000000010001000010000
000000100000000010001001100000010100001000000001000000000010001000010000
000000100000000010001001100000010100001000001001000000000010001000010000
001000100000011000000000000000000101100000010010000101100100100000000101
000000100000000010001001100000010100001000000001000000000010001000010000
001000100000000110100010000100000100000000000000000000000010001000010000
000000100000000010001001100000010100001000000001000000000010001000010000
000010000000000011001000101010100100000000100000000000100000000010101010
