//
segsites: 86
positions: 0.008500000000000 0.025120000000000 0.025240000000000 0.027780000000000 0.036320000000000 0.040440000000000 0.059140000000000 0.076240000000000 0.083080000000000 0.087060000000000 0.091760000000000 0.092220000000000 0.124880000000000 0.129560000000000 0.130500000000000 0.153040000000000 0.181340000000000 0.201460000000000 0.201780000000000 0.238620000000000 0.244600000000000 0.259760000000000 0.274720000000000 0.275480000000000 0.286680000000000 0.308520000000000 0.329880000000000 0.335600000000000 0.339980000000000 0.340880000000000 0.362600000000000 0.378040000000000 0.380600000000000 0.407560000000000 0.413660000000000 0.463580000000000 0.464060000000000 0.477260000000000 0.481520000000000 0.494200000000000 0.500000000000000 0.500760000000000 0.512200000000000 0.520300000000000 0.534740000000000 0.566100000000000 0.587160000000000 0.588180000000000 0.589500000000000 0.599260000000000 0.606880000000000 0.608960000000000 0.631820000000000 0.638120000000000 0.641620000000000 0.659980000000000 0.660740000000000 0.730520000000000 0.748180000000000 0.752420000000000 0.754600000000000 0.757120000000000 0.758960000000000 0.758960000000000 0.761980000000000 0.778980000000000 0.803700000000000 0.805680000000000 0.805800000000000 0.812260000000000 0.824180000000000 0.851060000000000 0.865000000000000 0.869040000000000 0.881040000000000 0.922080000000000 0.925600000000000 0.926540000000000 0.944460000000000 0.948560000000000 0.974600000000000 0.974980000000000 0.978000000000000 0.987940000000000 0.990820000000000 0.991880000000000
00000000010000000010000000010010001100000000110000000010000001000101100000010010010000
00100110000000010001000001000000101010000010000100100000011010000001100000000000010010
00000111000000010001000000000000101010000010000100100000011010000001100000000000010000
00000000010000000010000000010010001100000100110000000010000001000101100000010010010000
00000000010110000010000000010000011001100000001100011000100000100000000000101100100101
00000110000000010001000000000000101010010010000100100000011010000001100000000010010000
00000110000000010001000000000000101010001010000100100000000000100000000000101100100101
00000110000000010001000000000000101010001010000100100000000000100000000000101100100101
00000110000000010010000000010000011001101010000100100000000000100000000000101100010000
00000000010001000010000100010010001100000000110001000010000000100000000000101100101101
00000110000000010001000000010000011001100000001100011000000000100000000000101100100101
00000110000000010001000000100000101010000010000100100000011010000001100000000000010010
00000110000000010001000000000000101010000010000100100000011010000011100000000000010000
00000110000000010001000000000000101010001010000100100000000000100000000000101100100101
00000110000000010001000000000000101010001010000100100000000000100000000000101100100101
00000000010000000010100000010010001100000000110010000011001010000001100000000000010000
00000000010000000010000000010010001100000000110000000010001010000001100000000000010000
00000110000000010001000000000000101010001010000100100000000000100000000000101100100101
10000000100000000010000000010010001010000010000100100000011010000001100000000000010000
00000110000000010001000000000000101010001010000100100000000000100000000000101100100101
00000110000000010001000000000000101010001010000100100000000000100000000000101100100101
00000110000000010001000000000000101010001010000100100000000000100000000000101100100101
00000000001000100000011010000000101000000000000000000000000000010101100000000000010000
00000110000000010001000000000000101010001010000100100000000000100000000000101100100101
00000110000000010001000000000100101000000000000000000000000000010101100000000000010000
00000110000000010001000000000000101010001010000100100000000000100000000000101100100101
00000000100000000010000000010011001100000000110010000011001010000001100000000000010000
00000000001000100000011010000000101010000010000100100000011010000011100000000000010000
00000000010000000010100000010010001100000000110010000011001010000001100000000000010000
00000110000000010001000000000000101010001010000100100000000000100000000000101100100101
00000000010000000010000000010010001100000001110010000011001010000001100000000000010000
00000110000000010001000000000000101010001010000100100000000000100000000000101100100101
00000110000000010001000000000000101010001010000100100000000000100000000000101100100101
01011000000000001100000000001000011001000000010000000000000100001000011110000101010000
00000110100000000010000000010010001000000000110000000010011010000001100001000000010000
00000110000000010001000000000000101010000010000100100000011010000011100000000000010000
00000110000000010010000000010000011001100000001100010100000000100000000000101100101101
00000110000000010001000000000000101010001010000100100000000000100000000000101100100101
00000110000000010001000000000000101010001010000100100000000000100000000000101100100101
00000110000000010001000000000000101010001010000100100000000000100000000000101100100101
