//
segsites: 72
positions: 0.008340000000000 0.009380000000000 0.027780000000000 0.036420000000000 0.053940000000000 0.055760000000000 0.061180000000000 0.063900000000000 0.093400000000000 0.140420000000000 0.142940000000000 0.147640000000000 0.156220000000000 0.161820000000000 0.199220000000000 0.213600000000000 0.255740000000000 0.275820000000000 0.288840000000000 0.294080000000000 0.306400000000000 0.316020000000000 0.326080000000000 0.335920000000000 0.343740000000000 0.353700000000000 0.365860000000000 0.409920000000000 0.453120000000000 0.469940000000000 0.493380000000000 0.500000000000000 0.503440000000000 0.515660000000000 0.521360000000000 0.526700000000000 0.527620000000000 0.574200000000000 0.575860000000000 0.583460000000000 0.584540000000000 0.596000000000000 0.600440000000000 0.610760000000000 0.617920000000000 0.647560000000000 0.655820000000000 0.679120000000000 0.687120000000000 0.722480000000000 0.743580000000000 0.751260000000000 0.764800000000000 0.798980000000000 0.827660000000000 0.847580000000000 0.847860000000000 0.849960000000000 0.853560000000000 0.854140000000000 0.870920000000000 0.900160000000000 0.900520000000000 0.902620000000000 0.903100000000000 0.932580000000000 0.942580000000000 0.944840000000000 0.945380000000000 0.947360000000000 0.971200000000000 0.983840000000000
011011010010100001001000010010010000001100000000100001010100000000000000
011011010010100001001000010010010000001100000000100001010100000000000000
011011010010100001001000010010010000001100000000100001010100000000000000
011011010010100001001000010010010000001100000000100001010100000000000000
000000101001001001001100010000100100001010000000000001100100000000000011
011011010010100001001000010010010000001100000000100001010100000000000000
011011010010100001001000010010010000001100000000100001010100000000000000
011011010010100001001000010010010000001100000000100001010100000000000000
011011010010100001001000010010010000001100000000100001010100000000000000
011011010010100001001000010010010000001100000000100001010100000000000000
011011010010100001000010011010000000001100000000000000000001100001000100
010000000100000111001000010001000001100001000000011000000100101000000000
010000000100000111001000010001000001100001000000011000000100101000000100
110000000100010111001000010000000001100001000000011000000100101000000100
011011010010100001001000110010010000001100000000100001010100000000000000
011011010010100001001000010010010000001100000000100001010100000000000000
011011010010100001001001010000100100001010000100000011001100000000100000
011011010010100001001000010010000100001010000000000001000100010000000001
010000000100000111001000010000001001101010000000000001000100000000000000
011011010010100001001000010010010000001100000000100001010100000000000000
000000101010100001001000010010000000001100000000100001010100000000000000
000000101001001001001000010010000100001010000000000001000100000000000000
011011010010100001001000010010010000001100000000100001010100000000000000
010000000100000111001000010000000001100001000000011000000100101000000100
011011010010100001001000010010010000001100000000100001010100000000000000
000000101001001001001100010000100100001010000000000001000100000000000000
011011010010100001111000010010010000001100000000100001010100000010000000
011011010010100001001000010010010000001100000000100001010100000100000000
011011010010100001001000010010010000001100000000100001010100000000000000
011011010010100001001000010110000000001100000000100101000100000000000000
011011010010100001001000010010010000001100000000100001010100000000000000
011011010010100001001000010010010000001100011010000000000010100001000100
011011010010100001001000010010010000001100000000100001010100000000000000
011011010010100001001000010010010000001100000000100001010100000000000000
011011010010100001001000010010000000001100000001100001010100000000000000
000000101001001001001100010000100100001010000000000001000100000000000000
110100000100000111001000010000100110001010000000000001000001101000011100
011011010010100001001000010010010000011100100000100001010100000010000000
110000000010100001001000010010010000001100000000100001010100000000000000
011011010010100001001000010010010000001100000000100001010100000000000000
