//
segsites: 66
positions: 0.011460000000000 0.033260000000000 0.042640000000000 0.058880000000000 0.093140000000000 0.098840000000000 0.142180000000000 0.163960000000000 0.166560000000000 0.174000000000000 0.186880000000000 0.202480000000000 0.212120000000000 0.222860000000000 0.241160000000000 0.247740000000000 0.251400000000000 0.252700000000000 0.267800000000000 0.319080000000000 0.321100000000000 0.346180000000000 0.361360000000000 0.412780000000000 0.445400000000000 0.464400000000000 0.464780000000000 0.479960000000000 0.500000000000000 0.500200000000000 0.503560000000000 0.503760000000000 0.512240000000000 0.514940000000000 0.521940000000000 0.524380000000000 0.559420000000000 0.576340000000000 0.581080000000000 0.591540000000000 0.609380000000000 0.614780000000000 0.622520000000000 0.628680000000000 0.636640000000000 0.641680000000000 0.659680000000000 0.665020000000000 0.679240000000000 0.685540000000000 0.689860000000000 0.698720000000000 0.702780000000000 0.713800000000000 0.719840000000000 0.741320000000000 0.798560000000000 0.845800000000000 0.877520000000000 0.892020000000000 0.934960000000000 0.944080000000000 0.954120000000000 0.967760000000000 0.972320000000000 0.973420000000000
000000000001000011011000000001000000000000000100000010001000000000
010000001000000011011010001010001000000000100000100000001000111000
010000001001000011011000000001000000000000000100000010001000000000
010000001000000011111010001010001000000000100000100000001000111000
011000001000000011011010001010001000000000100000100000001000111000
010000001000000011011010000000001001000000010000010001101000111000
010000001000000011011010000000101000000000000001001000011100111000
010000001010000011011010000000001001000000010000010001101010000000
010000001000000011011010100000000000000000010000010001101010000000
010000001000000011011010001010001000000000100000100000001000111000
010000001000000011011010000000001001000000010000010001101010000000
100011101000110100001010001000001000010000000010000100000000110000
010000001000000011011010001010001000000000100000100000001000111000
010000001000000011011010000000001001000000010000010001101010000000
010000001000001011011010000000001001000000010000010001101000000111
100001101000110100001000000000000000100000000001001000011000110000
010000001000000011111110001010001000000000100000100000001000111000
010000001000000011011010000000001100000000000000100001101010000000
010000001000000011111010001010001000000000100000100000001000111000
010000001000000011111010001010001000000000100000100000001000111000
010000001000000011011010001010001000000000100000100000001000111000
100101111000000010001001000000000000001111001001001000010000000100
100000001000000011011010001010001000000000100000100000001000111000
010000001001000011011010001010001000000000100000100000001000111000
010000001000000011011010001010001000000000100000100000001000111000
010000001000000011011010011010001000000000100000100000001000111000
010000001000000011011010000000011001000000010000010001101010000000
010000001000000011011010001010001000000000100000100000001000111000
100001101000110100011000000001000000000000000100000010001000000000
010000001000000011011010001010001000000000100000100000001000111000
100101111000000010001001000000000000001111001001001000010000000100
100001101000110100001000000000000000000000000001001000011000000111
010000001010000011011010001010001000000000100000100000001000111000
010000001000000011011010000000001001000000010000010001101010000000
100001101000110100001010001000001000010000000001001000011101110000
010000001000000011011010001010001000000000100000100000001000111000
010000001000000011011010001010001000000000100000100000001000111000
100011101000110100001010001000001000010000000010000100000000110000
010000001000000011111010001010001000000000100000100000001000111000
010001101100110100001000000100000010000000000001001000011101110000
