//
segsites: 85
positions: 0.016560000000000 0.018960000000000 0.043360000000000 0.047320000000000 0.050160000000000 0.051100000000000 0.056600000000000 0.063780000000000 0.071480000000000 0.072620000000000 0.087780000000000 0.093280000000000 0.098720000000000 0.115560000000000 0.117200000000000 0.121720000000000 0.136400000000000 0.140180000000000 0.142200000000000 0.152120000000000 0.171080000000000 0.172600000000000 0.182600000000000 0.188300000000000 0.196820000000000 0.216080000000000 0.225980000000000 0.258880000000000 0.259020000000000 0.260760000000000 0.278180000000000 0.279640000000000 0.293680000000000 0.300700000000000 0.306700000000000 0.311560000000000 0.324660000000000 0.328500000000000 0.329160000000000 0.338160000000000 0.362860000000000 0.373620000000000 0.375400000000000 0.377240000000000 0.380920000000000 0.394920000000000 0.401980000000000 0.405300000000000 0.430020000000000 0.437660000000000 0.440140000000000 0.440560000000000 0.484060000000000 0.494120000000000 0.500000000000000 0.501340000000000 0.503540000000000 0.531240000000000 0.537840000000000 0.551180000000000 0.555920000000000 0.574980000000000 0.594760000000000 0.596900000000000 0.602960000000000 0.635280000000000 0.645440000000000 0.649920000000000 0.670200000000000 0.673000000000000 0.690980000000000 0.705660000000000 0.706980000000000 0.748740000000000 0.823840000000000 0.832980000000000 0.834020000000000 0.838900000000000 0.882440000000000 0.917020000000000 0.928920000000000 0.931200000000000 0.940240000000000 0.958600000000000 0.975740000000000
0000001010000010011100000000000000000000000000110100000100000001100010100000100000000
0000001010000010011110000000100000000000000000111100000000000001100010000110001000000
0000001010110000010100001000000000000000000000110100000000000001100010000001100000000
0000001010110000010100001000000000100000000000110100000000000001100010000000100101001
0000000001101000010000000000000100000000000000000001111000000101001000000100000000000
0000000001101000010000000000000100000000000000000001111000000101001000000100000000000
0000000001101000010000000000000100000000000000000001111000000101001000000100000000000
0000001010110000011101000000000000001100000000110100000000000001100010000000100000000
0000001010110000010100001000000000000000000000110100000000000001100011000000100000000
0011100001101000010000000000000100000000000000000001111000000101011000000100000000000
0000000001101000010000000000000100000000000000000001111000000101001000000100000010000
0000000001101000010000000000000100000000000000000001110000000101001000000100000000000
0011100000000000100000010010010010000011010000110100000001000001100010100000100000000
0000000001101000010000000000000100000000000000000001111000000101001000000100000000000
0000001010110000010100001000000000000000000000110100000000000001100010000000100000000
0000001010110000010100101000000000000000000010110100000100000001100010000000110101001
0000001010110000010100001000000000000000000000110100111000000101001000000100000000000
0000001010110000011100000000000000001000000000110100000100000001001000000100000000000
0000001010110000010100001000000000000000000000110100000000001001100010000110001000000
0000000001101000010000000000000100000000000000000001111000000101001000000100000000000
0000000001101000010000000000000100000000000000000001111000000101001000000100000000000
0011100000000100000000010000000000010000000000110100000100010001100010001110000000000
0000000001101000010000000000000100000000000000000001111000000101001000000100000000000
0100010000000000010100001000000000000000000000110100000000000001100110000000100000100
0000000001101000010000000000000100000000000000000001111000000101001000000100000000000
0100010000000000010100001000000000000000000000110100000100000001100010000110001000000
0000001010110001010100001000000000000000000000110100000000000001100010000000100000000
1100010100000010010000000000000000000000000000110100000000000011000010000100001000000
0100010000000010010000000101001001000000101001000011000010000011000000010010001000010
0000000001101000010000000000000100000000000000000001111000000101001000000100000000000
0000000001101000010000000000000000001100000000110100000000000001100010000000100000000
0000000001000010011100000000000000000000000000110100000100000001100010000000100000000
0000001010110000010100001000000000000000000000110100000000000001100010000110001000000
0000000001101000010000000000000100000000000100000001111000000101001000000100000000000
0000000001101000010000000000000100000000000000000001111000000101001000000100000000000
0100010000000000010100001000000000000000000000110100000100000001100010000110001000000
0000000001101000010000000000000100000000000000000001111000000101001000000100000000000
0000001010110000010100001000000000000000000000110100000000000001100011000000100000000
0000001010110000010100001000000000000000000000110100000000100001100010000000100000000
0000000001101000010000000000000100000000000000000001111000000101001000000100000000000
