//
segsites: 85
positions: 0.000420000000000 0.016360000000000 0.019940000000000 0.022780000000000 0.024060000000000 0.028820000000000 0.037260000000000 0.077080000000000 0.077740000000000 0.084020000000000 0.085200000000000 0.086840000000000 0.087440000000000 0.099100000000000 0.117580000000000 0.123340000000000 0.126640000000000 0.133320000000000 0.137400000000000 0.156420000000000 0.164040000000000 0.170480000000000 0.174880000000000 0.183300000000000 0.185080000000000 0.186900000000000 0.187220000000000 0.199240000000000 0.199520000000000 0.214120000000000 0.222220000000000 0.227580000000000 0.229020000000000 0.229080000000000 0.230880000000000 0.248820000000000 0.260040000000000 0.261600000000000 0.284080000000000 0.373560000000000 0.376400000000000 0.384500000000000 0.390700000000000 0.398620000000000 0.430780000000000 0.441460000000000 0.450260000000000 0.450900000000000 0.452780000000000 0.458420000000000 0.471460000000000 0.478420000000000 0.485560000000000 0.492940000000000 0.496160000000000 0.500000000000000 0.534220000000000 0.564400000000000 0.583100000000000 0.596660000000000 0.607920000000000 0.633680000000000 0.638880000000000 0.650420000000000 0.669720000000000 0.677440000000000 0.680820000000000 0.692060000000000 0.705780000000000 0.710760000000000 0.710920000000000 0.822100000000000 0.835180000000000 0.848760000000000 0.860500000000000 0.860740000000000 0.886380000000000 0.887360000000000 0.899060000000000 0.926440000000000 0.931580000000000 0.948760000000000 0.985020000000000 0.988180000000000 0.995640000000000
1000100000000001000000000000000000100100000000000000001100100010101010100010001000000
1000100000000001000000000000000000100100000010001000001000100010101000100010001000000
1000100000000001000000000000000000100100000000000000001100100010101010100010001000000
1000100000000001000000000000000000100100000000000000001100100010101010100010001000000
1000100000011001100000000000000000100000000000000000001001001000000000000001010000001
0100000001000000000000000000000000010000001001000000001001000100000000000100100001000
1000100000000001000000000000000000100100000000000001001100100010101010100010001000000
1000100000011001100000000000000000100000000000000000001001001000000000000001010000001
1000100000000001000000000000000000100100000000000000001100100010101010100010001000000
1000100000000001000000000000000000100100000000000000001100100010101010100010001000000
0100001011000000001000000000000010000000001000100010100000001000000000100010001000000
1000100000000001000000000000000000100100000000000000001100100010101010100010001000000
1000100000000001000000000000000000100100000000000000001100100010101010100100100001000
1000100000000001000000000000000000100100000000000000001100100010101010100010001000000
0100000001000000000000000000000000010000001001000000001011000100000000000100100001000
0100001011000000001000000000000000000000001000100010100000100010101000100000000000100
1000100000000001000000000000000000100100000000000000001100101000000101000000010010100
1000110000000001000000100000000100001011000100000000110001000100000000000000010000001
1000100100000001000000000000000000100100000000000000001100100010101010100010001000000
0101000000101000000100000101110000100000000000000100001001011000000001000000010000001
1000100000000001000000000000000000100100000000000000001100100010101010100010001000000
1000100000000001000000000000000000100100000000010000001001000100000000000100100001000
1000100000000001000000000000000000110000001001000000001001000101000000000100100001000
1000100000011001100000000000000000100000000000000000001001001000010000000001010001000
0100000000101000000100000101110000100000000000000100001001001000000101001000010010001
0100000000101000000000000000000000100100000000000100001000100010101010100010001000000
0100000001000000000000000000000000010000001001000000001001000100000000000100100001000
1000100000000001000000000000000000100100000000000000001100100010101010100010001000000
1000100000000001000000000000000000100100000000000000001100100010101010100010001000000
0100000000101000000100000110001000000000001000100010100000100010101000100001010001000
0110000000101100000100000101110000100000000000000000001001001000000000000000010000011
1000100000000001000000000000000000100100000000000000001000100010101000100010001100000
1000100000000001000000000000000000100100000000000000001100100010101010100010001000000
1000110000000001000000100000000100001010001000100010100000100010101000100000010000001
1000100000000001000000000000000000100100000000000000001100100010101010100010001000000
0000000000000010010011001000000001100000010100000010101001001000000101000000010000001
1000100000011001100000000000000000100000000000000000001001001000000000000001001000001
0100000000101000000100000110001000000000001000100010100000100010101000100000010000001
1000100000000001000000000000000000100100000000000000001100100010101010100010001000000
1000100000011001100000010000000000100000100000000000001001001000000000010000100001000
