//
segsites: 75
positions: 0.030860000000000 0.044020000000000 0.052120000000000 0.065000000000000 0.080480000000000 0.084560000000000 0.093500000000000 0.175640000000000 0.212440000000000 0.224200000000000 0.229080000000000 0.242140000000000 0.247820000000000 0.267540000000000 0.278560000000000 0.279080000000000 0.289120000000000 0.289820000000000 0.301560000000000 0.321980000000000 0.323120000000000 0.325200000000000 0.325680000000000 0.336260000000000 0.351920000000000 0.353440000000000 0.369540000000000 0.378160000000000 0.389080000000000 0.389480000000000 0.408940000000000 0.414060000000000 0.468140000000000 0.473560000000000 0.500000000000000 0.502800000000000 0.509520000000000 0.511080000000000 0.518120000000000 0.521620000000000 0.523940000000000 0.555200000000000 0.564820000000000 0.565640000000000 0.573960000000000 0.588520000000000 0.599020000000000 0.610140000000000 0.613500000000000 0.630360000000000 0.638360000000000 0.642720000000000 0.664060000000000 0.665580000000000 0.678020000000000 0.688840000000000 0.729460000000000 0.737240000000000 0.748960000000000 0.749120000000000 0.749400000000000 0.766280000000000 0.775760000000000 0.785360000000000 0.790220000000000 0.790460000000000 0.835200000000000 0.877780000000000 0.880560000000000 0.900440000000000 0.963460000000000 0.964220000000000 0.966000000000000 0.985260000000000 0.988140000000000
001001000100000000000000010001101001000010101011000000000010010000000000100
001001000001000011000000100001101001000010101011000000000010000000000000100
001001000001000011000000100000000000001000000000010111000100000010000010001
001011000001000011000000100001001011000010101011000000000010000000000000100
001001000100000000000000010001101011000010101011000000000010000000000000110
001001000100000000000000010001101011000010101011000000000010000000000000100
001001000100000000000000010001101011000010101011000000000010000000000000100
001001000100000000000000010001101011000010101011000000000010000000000000100
001001000001000011000000100000000000001000000011000000000010000000000000100
001001000100000000000000010001101001000010101011000000000010000000000010001
001001000100000000000000010001101011000010101011000000000010000000000000100
001001000100000000000000010001101011000010101011000000000010000000000000100
001001000001000011000000100000000000010000000000000000100000000010000000110
001001001100000000000000010001101001000010101011000000000010000000000000100
101000000100000100000000010001000100001000101000000000000010000000001000000
001001000100000000000000010001101011000010101011000000000010000000000000100
001001000100000000000000010001101011000010101011000000000010000000000000100
001001000100000000000000010001101011000010101011000000000010000000000000100
001001000001000011000000100000000000001000000000010111000100000010000010001
001001000100000000000000010001101011000010101011000000000010000000000000100
001001000100000000000000010001101011100010101011000000000010000000000000100
001001000001100000001000000010000000010000000000000000100000000010000000110
001001000001000011000100100000000000001000000000010111000000000010000010001
001001000100000000000000010001101011000010101011000000000010000000000000100
001001000001000011100000100000000000010000000100001000000011101101100100100
001001000100000000000000010001101011000010101011000000000011000000000000100
001001000001000011000000100000000000010000000000000000100000000010000000110
001001000001000011000000100000001011000010101011000000000010000000000000100
001001000001000011000000100000000000010000000000000000100000000010000000110
001000000100000100000000010001000100001000101000000000001010000000000000100
001001000100000000000000010001101011000010101011000000000010000000000001000
001000010101000000010010001100010000001101010000000000000010000000000000100
001001000100000000000000010001101011000010101011000000000010000000000000100
001000010101000000010010001100010000001101010000000000000010000000000000100
001000000100001100000000010001000100001000101000100000000011001101100000000
001001000100010000000000010001101011000010101011000000000010000000000000100
001001100100000011000001100000000000001000000000010111000000000000000000100
001000000100000100000000010001000100001000101000000000000010000000010000100
011101000011000011000000100000000000010000000000000000110000000010000000100
101000000100000100000000010001000100001000101000000000000010000000001000000
