//
segsites: 80
positions: 0.014200000000000 0.018180000000000 0.022100000000000 0.024580000000000 0.039160000000000 0.048900000000000 0.054920000000000 0.084080000000000 0.090400000000000 0.102400000000000 0.103540000000000 0.131940000000000 0.139820000000000 0.152020000000000 0.152700000000000 0.190560000000000 0.235000000000000 0.282740000000000 0.303040000000000 0.309640000000000 0.312840000000000 0.318080000000000 0.371440000000000 0.373800000000000 0.391360000000000 0.413560000000000 0.429360000000000 0.429440000000000 0.433960000000000 0.451540000000000 0.451960000000000 0.492220000000000 0.500000000000000 0.501460000000000 0.503080000000000 0.512140000000000 0.540480000000000 0.555700000000000 0.561560000000000 0.588960000000000 0.591100000000000 0.598860000000000 0.601460000000000 0.607800000000000 0.631980000000000 0.652840000000000 0.682460000000000 0.683560000000000 0.701740000000000 0.724180000000000 0.735040000000000 0.750560000000000 0.768040000000000 0.777980000000000 0.790500000000000 0.792160000000000 0.814000000000000 0.814180000000000 0.821280000000000 0.830440000000000 0.830860000000000 0.842480000000000 0.846620000000000 0.852220000000000 0.853460000000000 0.863880000000000 0.864120000000000 0.867120000000000 0.869620000000000 0.886060000000000 0.886540000000000 0.897460000000000 0.916260000000000 0.923980000000000 0.932260000000000 0.933260000000000 0.944660000000000 0.975340000000000 0.976940000000000 0.980280000000000
00101011000100000000000000000001100011100001000100000000010101000100000010101000
00101011000100000000000000000001100011100001000100000000010101000100000000010001
00101011000100000000000000000001100010010000000000000000010000010011001000000000
00001011010000000000001110000001100011100001000100000000010101000100000010101000
00101011000100000000000000000001100011100010110011000101000000010000000100010001
00101011000100000000000001000001100011100001000100000000010101000100000010101000
00001011010000000000001110000000000100010000000000000000010000010011001000000000
00101011000100000000000000000001100011100001000100000000010101000100000010101000
00101011000100000000000000000001100011100001000100000000010101000100000010101000
00001011010000000000001110000000000100010000000010000101000000011000000100010001
00000000000100000000000000000001100011100001000100000000010101000100000010101000
00001011010000010011001100000000010010000001000000101000000010000000000001000100
00101011000100000000000000000001100011100001000100000000010101000100000010101000
00001011010000000000001110000000000100010000000000000000110000010011001000000000
00001011010000000000001110000000000100100001000100000000010101000100000010101000
00101011000100000000000000000001100011100001000100000000010101000100000010101000
00101011000100000000000000000001100011100001000100000000010101000100000010101000
00011011010000000000000000111000000010000100111010000101001000010000000100010001
00001011010000000000001110000000000100010000000000000000010000010011101000000000
00001011010000000000001110000000000100010000000000000000010000010011001000000000
10000000001001100000110000111000000010000100110010000101000000010000010100010001
10000000001001100000000000000001100011100001000100000000010101000100000010101000
00101011000100000000000000000001100011100001000100000000010101000100000010101000
00001011010000000000001110000100000100010000000000000000010000010011001000000000
00101011000100000000001110000000000100010000000000000010010000010011000000000110
00101011000100000000000000000001100011100001000100000000010101000100000010101000
00001011010000000000001110000010000100011000000000000000010000010011001000000000
00000000000100000000000000000001100011100001000100000000010101000100000010101000
00001011010000000000001100000001100011100001000100000000010101100100000010101000
00000000000100000000000000000000001000000010110011010101000000010000000100010001
00101011100100000000000000000001100011100001000100000000010101000100000010101000
10000000001001100000110000111000000010000100110010000101000000010000010100010001
00001011010000001000001110000000000100010000000000000000010000010011001000000000
00101011000100000000000000000001100011100001000100000000010101000100000010101000
01000100000010000100000000001000001000000010110011000101000000010000000100010001
00101011000100000000000000000001100011100001000100000000010101000100000010101000
00001011010000010011001100000000010010000001000000101000000010000000000001000100
00101011000100000000000000000001100011100001000100000000010101000100000010101000
00001011010000000000001100000001100011100001000100000000010101000100000010101000
00101011000100000000000000000001100011100001000100000000010000010011001000000000
