//
segsites: 67
positions: 0.028380000000000 0.046520000000000 0.060220000000000 0.060240000000000 0.077740000000000 0.080740000000000 0.081340000000000 0.087520000000000 0.089220000000000 0.105020000000000 0.108880000000000 0.149360000000000 0.152120000000000 0.155620000000000 0.161320000000000 0.209280000000000 0.219900000000000 0.236140000000000 0.252380000000000 0.272940000000000 0.282760000000000 0.294640000000000 0.317100000000000 0.322700000000000 0.359220000000000 0.371940000000000 0.416200000000000 0.416300000000000 0.431100000000000 0.444560000000000 0.446220000000000 0.451560000000000 0.454860000000000 0.457680000000000 0.458360000000000 0.459220000000000 0.500000000000000 0.502800000000000 0.523380000000000 0.546240000000000 0.556760000000000 0.560500000000000 0.600360000000000 0.612800000000000 0.613420000000000 0.642560000000000 0.667900000000000 0.668840000000000 0.676660000000000 0.677060000000000 0.691900000000000 0.704820000000000 0.709120000000000 0.709500000000000 0.716300000000000 0.724960000000000 0.728760000000000 0.756700000000000 0.802800000000000 0.824400000000000 0.825840000000000 0.864580000000000 0.872020000000000 0.882620000000000 0.903120000000000 0.932040000000000 0.947560000000000
0000100011001001110100010100000111000010101011100000100110000000001
0010100000000010000000000001011000100000000001000000000110000010010
0010100000000010000000000001011000100000010001000000000110000001000
1101101000100100000000010000010000101101000001100000100110000000001
0000100001001001010010000001011000100000000001000001000110000000001
0000100011001001010100010100000111000010101010001010010000010010010
0101101000100100000000000000110000000000100001000100000110001000001
1101101000100100000000010000010000101101000001100000100110000000001
0101101100100100000000010000010000100101000001100000100110000000001
1101101000100100000000010000010000101101000001100000100110000000001
0000100000000010001000010000010000100101000001100000100110000000001
1101101000100100000000010000010000101101000001100000100110000000001
1101101000100100000000010000010000101101000001100000100110000000001
0000100001001001010010000001011000100000000001000001000111000000001
0010100000000010000000000001011000100000010001000000000110000001000
1101101000110100000000010000010000101101000001100000100110000000001
1101101000100100000000010000010000101101000001100000100110000000001
1101101000100100000000010000010000101101000001100000100110000000001
0000100001001001010100010001011000100000000001000000010000010010010
0000100011001001010100010010000000010000000100000000010000010010010
1101101000100100000000010000010000101101000001100000100110000000001
0000100001001001010010000001011000100000000001000001000110000000001
0000100000000010001000010001011000100000000001010000001110100000100
1101101000100100000000010000010000101101000001100000100110000000001
1101101000100100000000010000010000101101000001100000100110000000001
1101101000100100000000010000010000101101000001100000100110000000001
1101101000100100000000010000010000101101000001100000100110000000001
0000110000000010001001111001011000100000000001000000000000000000001
0000100001001001010100010001011000100000000001000000010000010010010
0000100001001001010100010100000111000010101010001010010000010010010
0010100000000010000000000001011000100000000001000000000110000000000
1101101000100100000000010000010000101101000001100000100110000100001
0000100000000010000000000000010000000000101010001010010000000000001
0000100000000010001001110001011000100000000001000000000000000010000
0000100000000010001000010001011000100000000001010000001110100000100
1101101000100100000000010000010000101101000001100000100110000000001
0000100000000010001001110001011000100000000001000000000000000010010
0000100000000010001001110001011000100000000001000000000000000010000
1101101000100100000000010000010000101101000001100000100110000000001
1101101000100100000000010000010000101101000001100000100110000000001
