//
segsites: 78
positions: 0.027260000000000 0.037360000000000 0.050940000000000 0.065700000000000 0.072700000000000 0.076180000000000 0.104260000000000 0.114600000000000 0.115280000000000 0.135260000000000 0.135960000000000 0.146480000000000 0.171260000000000 0.179240000000000 0.241140000000000 0.261640000000000 0.276440000000000 0.283880000000000 0.284560000000000 0.291380000000000 0.309100000000000 0.340580000000000 0.360040000000000 0.365140000000000 0.367340000000000 0.380100000000000 0.383700000000000 0.397380000000000 0.418240000000000 0.422200000000000 0.427620000000000 0.437780000000000 0.450740000000000 0.455260000000000 0.488620000000000 0.490300000000000 0.494300000000000 0.495600000000000 0.500000000000000 0.507000000000000 0.523780000000000 0.525960000000000 0.551380000000000 0.556860000000000 0.569020000000000 0.575060000000000 0.610140000000000 0.615400000000000 0.616500000000000 0.622640000000000 0.637320000000000 0.639740000000000 0.669740000000000 0.684180000000000 0.685460000000000 0.687000000000000 0.689780000000000 0.700240000000000 0.701040000000000 0.706300000000000 0.714680000000000 0.715540000000000 0.752600000000000 0.761360000000000 0.763720000000000 0.765240000000000 0.781520000000000 0.804040000000000 0.809860000000000 0.824200000000000 0.859980000000000 0.866220000000000 0.870460000000000 0.924660000000000 0.924800000000000 0.939100000000000 0.950120000000000 0.981860000000000
000000100100000000000000010100100000101000000000001010000000100000010010010100
000000100100000000000000010100100000101000000000001010000000100000010010010100
000000100100000000000000010100100000101000000000001010000000100000010010010100
001000000000010010001100001001000001000100000000000000100111000000100001000100
000000100100000000000000010110100000101000000000001010000000100000010010010100
000000100100000000000000010100100000101000000000001010000000100000010010010100
000000000010010010001000000001010011000100000011000000000110000000000001000100
000000000001010010001000100001000001000100000001000000000110000000000001000100
000000000000100001000000010100100000100000001000000010000000100000000010010100
000000000000010010001100000001000001000100000000000000100111001000100001000100
000000100100000000000000010100101000101000000000001010000000100000010010010100
000000000000100010001000000001000001000100000001100000001110000000000101000010
000000000000010010001000000001000001000100000001000000001110000000000101000010
000000100100000000000000010100100000101000000000001010000000100000010010010100
001000000000010010001100000001000001000100000000000000100111000000100001000100
000000001000010010001000000001000001000100000000000000000110000001000000000000
000000000000100101010000010100100000100000000000000010000000100000000010010100
000000000000100101110000010100100000100000000000000000000110000000000101000010
000000110100000000000011000000000100000111000100000000000000000010000000000000
000000100100000000001000000001000001000100000000000100000110000001000000000000
001000000000010010001000000001000001000100000000000000100111000000100001000101
000000100100000010001000000001000001000100000001000000001110000000000101000010
000000100100000000000000010100100000101000000000001010000000100000010010010100
000000100100000000000000010100100000101000000000001010000000100000010010010100
000000100100000000000000010100100000101000000000001010000000100000010010010100
000000000000011010001000000001000001010100000001000001000110000000000001000000
000000000000010010001000000001000001000100000001000000000110000000000001001100
110111000000010000000000000100100000101000000000001010000000100000010010010100
000000100100000000000000010100100000101000000000001010000000100000010010010100
000000100100000000000000010100100000101000000000001010000000100000010010010100
000000100100000000000000000000000000000100100000010000000000010000000000100100
000000000000100101000000010100100000100000000000000010000000100000000010010100
000000100100000000000000010100100000101000000000001010000000100100010010010100
000000100100000000000000010100100000101000000000001010000000100000010010010100
000000100100010010001000000001000001000100001000000010010000100000000010010100
001000000000010010001000000001000001000100010000000000100111000000101001000101
000000100100000000000000010100100000101000000000001010000000100000010010010100
000000100100000000000000010100100000101000000000001010000000100000010010010100
000000000000010010001000000001000001000100000000000000000110000001000000000000
000000000000100010001000000001000001000100000001100000001110000000000101000010
