//
segsites: 92
positions: 0.002600000000000 0.017140000000000 0.018640000000000 0.021740000000000 0.024380000000000 0.053460000000000 0.059500000000000 0.083700000000000 0.123100000000000 0.128160000000000 0.141940000000000 0.142180000000000 0.169340000000000 0.182340000000000 0.192080000000000 0.194840000000000 0.201400000000000 0.211720000000000 0.239520000000000 0.241140000000000 0.245480000000000 0.277340000000000 0.281900000000000 0.283920000000000 0.327800000000000 0.331120000000000 0.334320000000000 0.346700000000000 0.358260000000000 0.363020000000000 0.366220000000000 0.376080000000000 0.389760000000000 0.393720000000000 0.444880000000000 0.452960000000000 0.471580000000000 0.491740000000000 0.494040000000000 0.500000000000000 0.504080000000000 0.532160000000000 0.533760000000000 0.535760000000000 0.541620000000000 0.545380000000000 0.549920000000000 0.553780000000000 0.565520000000000 0.578000000000000 0.587400000000000 0.622240000000000 0.632180000000000 0.637120000000000 0.644620000000000 0.664180000000000 0.676580000000000 0.701420000000000 0.709560000000000 0.731940000000000 0.751080000000000 0.779880000000000 0.785460000000000 0.796180000000000 0.803680000000000 0.805000000000000 0.813440000000000 0.822320000000000 0.822360000000000 0.826240000000000 0.836500000000000 0.843300000000000 0.850340000000000 0.873460000000000 0.879820000000000 0.886380000000000 0.892280000000000 0.896700000000000 0.916460000000000 0.919100000000000 0.929200000000000 0.929280000000000 0.930640000000000 0.944880000000000 0.945920000000000 0.950040000000000 0.951220000000000 0.954380000000000 0.955160000000000 0.959740000000000 0.961040000000000 0.977860000000000
00100010000000000010000000000000000001000010000010000010100000000110000000010000010000000010
00000000100000000000000000000000000001010011000000010000000001000100100000000000001000000000
00000000100000000000000000000000000001010011000000000010100000000110000000000000010000010010
00000000110100010001001000000000000001100010000000000010000010011001000000001000001000000000
00000000000000000010000000000000000001000010000000000010100000100000001000000000000010001100
11000001000001000000000000000000000011001100100000001000001110010001010001101000000100000000
00000000100000000000000000000000000001010011000000000010100000000110000000000001010000010010
11000001000001000000000000001001001000000010000000000010000000000110000000010000010000000010
11000001000001000000000000000000000011001100100000001000001110010001010001101000000100000000
00000000100000000000010100101001000000000010000000000010000000000110000000000000010000000010
00000000100000000000010100101001000000000010000000000010000000000110000000000000010000000010
00100010000000000100000000000000100001000010000000000010100000100000001000000000000010001100
00000000100000000000000000000000000001010011000100000010100000000110000000000000010000010010
11000001000001000000000000001001001000000010000000000010000000000110000000000000010000010010
11000101000001000000000000010000000001000010010000010100000001000100100000000000100000000010
00000000100000000000000000000000000001010011000000000010100000000110000000000000010000010010
00000000110100010001001000000100000001100010000000000010000010010001000000001000001000000000
00000000110100010001001000000000000001100010000000000010000010000110000110000110010000000010
00000000100000000000000000000000000001010011000000000010100000000110000000000000010000010010
11000101000001000000000000010000000001000010000000110000000000000100100000000000000100100000
00010000100000000000000000000000000001010011000000000010100010011001000000001000001000000000
00000000100000000000000000000000000001010011000000000010100000000110000000000000010000010010
11000101000001000000000010000000000101000010000000000010000000000110000000000000010000000010
00000000100000000000000000000000000001010011000000000010100000000110000000000000010000010010
00000000110100010001001000000000000001100010001000000011000010011001000000001000001000000000
11000001000001000000000000000000000001000010010000010000000001000100100000000000001000000001
00000000100000000000000000000000000001010011000000000010100000000110000000000000010000010010
00100010000000000010000000000000000001010011000000000010100000000110000000000000010000010010
11000001000001000000000000000000000011001100100000001000001110010001010001101000000100000000
11000001000001000000100000000000000011001100100000001000001110010001010001101000000100000000
00000001000010000000000000000000000001000010010001010010000010011001000000001000001000000000
00000000100000000000000000000000000001010011000000000010100000000110000000000000010000010010
00100010000000000100000000000000000001000010000000000010100000100000001000000000000010001100
00000000100000000000000000000000000001010011000000000010100000000110000000000000010000010010
11000001000001000000000000000000000001010011000000000010100000000110000000000000010000010010
11000101000001000000000000000000000001000010010000010000010001000100100000000000000101000000
11000001000001000000000000000000000011001100100000001000001110010001010001101000000100000000
00001001000000101000000000101011001000000010000000000010000000010001010001101000000100000000
00000000111100010001001001000100000001100010000000000010000010010001000000001000001000000000
00000010000000000000000000000000010001000010000000000010100000100000001000000000000010000100
