//
segsites: 85
positions: 0.011480000000000 0.011620000000000 0.015580000000000 0.022380000000000 0.026840000000000 0.037120000000000 0.053680000000000 0.054800000000000 0.056940000000000 0.078620000000000 0.085740000000000 0.095420000000000 0.107460000000000 0.128980000000000 0.186580000000000 0.187140000000000 0.196680000000000 0.247320000000000 0.254540000000000 0.267980000000000 0.273580000000000 0.295880000000000 0.311380000000000 0.345540000000000 0.356360000000000 0.359680000000000 0.375300000000000 0.390640000000000 0.404040000000000 0.424200000000000 0.436340000000000 0.443300000000000 0.446800000000000 0.477180000000000 0.498540000000000 0.499440000000000 0.500000000000000 0.500500000000000 0.501440000000000 0.507900000000000 0.509360000000000 0.519900000000000 0.520660000000000 0.552980000000000 0.557220000000000 0.571900000000000 0.572540000000000 0.578140000000000 0.583780000000000 0.613140000000000 0.636440000000000 0.638500000000000 0.650740000000000 0.664540000000000 0.665560000000000 0.667580000000000 0.686100000000000 0.691020000000000 0.694780000000000 0.708300000000000 0.713800000000000 0.718060000000000 0.722580000000000 0.733260000000000 0.745920000000000 0.774240000000000 0.776020000000000 0.781500000000000 0.813540000000000 0.816740000000000 0.831060000000000 0.831380000000000 0.861820000000000 0.862620000000000 0.868140000000000 0.885380000000000 0.908660000000000 0.946180000000000 0.947060000000000 0.947460000000000 0.954200000000000 0.955740000000000 0.970920000000000 0.977340000000000 0.990040000000000
1000010010100000000000100000010010001000000000000001000010000100000001000001001110011
1000010010100000000000100000010010001000000000000001000010000100000001000001001110011
1001001000000001000000000000000001000000111000000100000101000010100100001100000001000
1000010010100000000000100000010010001000000000000001000010000100000001000001001110011
1001001000000001010001010000000100110110000000000001000010000100000001000001001110000
1001001000000001000000000000000001000000111000000100000101000010100100001100000001000
1000010010100000000000100000010010001000000000000001000010000100000001000001001110011
1000010010100000000000100000010010001000000000000001000010000100000001000001001110011
1001001000000001000000000000000001000000111001000100000101001010100100001100000001000
1000010010100000000000100000010010000001000000000001000010000100000001000001001110000
1001001000000001000000000000010010001000000000000001000010000100000001000001001110011
1001001000000001000000000000000001000000111000000100000101000010100100001100000001000
1000010010100000000000100000010010001000000000000001000010000100000001000001001110011
0100100001000000100101010000000100110010000000001000100001000011010001000011000010011
1000010010100000000000100000010010001000000000000001000010000100000001100001001110000
1000010010100000000000100000010010001000000000000001000010000100000001000001001110011
1000010010100000000000100000010010001000000000000001000010000100000001000001001110011
1001001000000001010001010000000100110110000000000001000010000100000001000001001110000
1001001100010001000000101000010010001000000000000001000010000100000001000001001110011
1001001000000001010001010000000100110010000000000001000010000100000001000001001110000
1000010010100000000000100000010010001000000000000001000010000100000001000001001110011
1000010010100000000000100000010010001000000000000001000010000100000001000001001110011
1000010010100000000000100000010010001000000000000001000010000100000001000001001110011
1000010010100000000000100000010010001000000000000001000010000100000001000001001110011
1011001000000001000010000011010100110000000000001000100001000011000001000001001110000
1001001000000001000000000000010010001000000000000001010010000100000001000001001110011
1001001000100000000000000001010100110000000000001000100001000011010001000011000010011
1001001000000001010001010000000100110010000000000001000010000100000001000001001110000
1001001000000001000010000011010100110000000000001000100001000011010001010011000010011
1000010010100000000000100000010010000000000000000001000010000100000001000001110010100
1000010010100000000000100000010010001000000000000001000010000100000001000001001110011
1000010010100000000000100000010010001000000000000001000010000100000001000001001110011
1000010010100000000000100000010010001000000000000001000010000100000001000001001110011
1000010010100000000000100000010010001000000000000001000010000100000001000001001110011
1000010010100000000000100000010010001000000000000001000010000100000001000001001110011
1001001000001100001010000110010010000000000110110010000000110000001011000000000000000
1001001000000001010001010000010100110000000000001000101001000011010001000011000010011
1000010010100000000000100000010010001000000000000001000010000100000001000001001110011
1000010010100010000000100000011010000000000000000001000010000100000001000001110010100
0100100001000000100101010000100100000000000000000001000000000100000001000001001110000
