//
segsites: 83
positions: 0.003800000000000 0.045780000000000 0.055560000000000 0.058560000000000 0.071420000000000 0.075060000000000 0.081080000000000 0.089980000000000 0.105660000000000 0.123520000000000 0.124500000000000 0.140160000000000 0.164560000000000 0.174620000000000 0.174700000000000 0.179140000000000 0.186740000000000 0.195380000000000 0.196360000000000 0.200660000000000 0.201060000000000 0.201780000000000 0.204080000000000 0.219160000000000 0.221220000000000 0.222980000000000 0.225760000000000 0.240860000000000 0.246980000000000 0.260900000000000 0.309560000000000 0.312140000000000 0.316140000000000 0.331660000000000 0.339260000000000 0.365880000000000 0.369120000000000 0.374860000000000 0.385660000000000 0.399500000000000 0.459760000000000 0.460560000000000 0.478760000000000 0.496860000000000 0.500000000000000 0.504700000000000 0.516360000000000 0.518900000000000 0.525040000000000 0.529060000000000 0.546040000000000 0.563840000000000 0.564880000000000 0.580680000000000 0.588340000000000 0.604440000000000 0.623820000000000 0.642140000000000 0.658720000000000 0.670960000000000 0.741000000000000 0.774700000000000 0.813180000000000 0.813260000000000 0.815500000000000 0.818220000000000 0.821780000000000 0.825360000000000 0.858480000000000 0.882840000000000 0.889640000000000 0.902820000000000 0.903660000000000 0.907560000000000 0.918740000000000 0.919840000000000 0.920380000000000 0.927720000000000 0.944580000000000 0.974240000000000 0.979000000000000 0.981800000000000 0.997320000000000
01011000001000000100000011000000110001001000000010011100000010000000000001000011000
00100001010100010001000000000000110000000000101000000000000001000101000001001010000
10000100000001000000110000000000110000010000000001000001001100000000000000010000000
00100001110100010001000000000000110000000000101000000000000001000101000001001010000
00100001010100010001000000000000110000000000101000000000000001000101000001001010000
00100001010100010001000000000000110000000000101000000000000001000101000001001010000
10000100000001000000010000000000110100000000000001000000001100000000010000000000000
00100001010100010001000000000000110000000000101000000000000001000101000001001010000
00100001010100010001000000000000110000000000101000000000000001000101001110000000000
00100001000100010001000000000000110000000000101000000000000001000101000001001010000
00100001010100010001000000000000110000000000101000000000010001000101000001001010000
00100001010100010001000000000000110000000000101000000000001100000000000000010100000
00100001010100010001000100000000110000100101010000000000000000000101000001001010000
00000010000000000000001000000100001000000101010001000010000000000000000000000000111
00100001010100010001000000000000110000000000101000000000000001000101000001001000011
00100001010100010001000000000000110000000000101000000000000001000101000001001010000
00000010000001000000010000000000110000000000000001000000001000100010010000000000000
00100001010100010001000000000000110000000000101000000000000001000101000001001010000
10000100000001000000010000000000000000000000000100000000100001011000001110000001000
00100001000100001000000000000010000000100101010000000000000000000000000000000000011
00100001000100010001000000000000110000000000001000000001001100000000000000010000000
00100001010100010001000000000000110000000000101000000000000001000101000001001010000
01011000001010100000000000110001010010000000001000000000000001000101000001000010000
00100001010100010001000000000000110000000101010000000000000000000101100001001010000
00100001010100010001000000000000110000000000101000000000000001000101000001001010000
00100001010100010001000000000000110000000000101000000000000001000101000001001010000
00100001010100010001000000000000110000000000101000000000000001000101000001001010000
10000001000100010001000000000000110000000000001000000000000000100000010000000000000
10000100000001000000010000000000000000000000000100000000100001011000001110000001000
10000100000001000000010000001000110100000000000001000000001100000000000000010000000
00100001010100010001000000000000110000000000101000000000000001000101000001001010000
00100001010100010001000000000000110000000000101000000000000000000101100001001010000
00100001010100010001000000000000110000000000101000000000000001000101000001001010000
00000100000001000000010000000000110000000000000001100001001100000000000000010010000
00100001010100010001000000000000110000000000101000000000000001000101000001001010000
00100001010100010001000000000000110000000000101000000000000001000101000001001010000
00100001010100010001000000000000110000000000101000000000000001000101000001001010000
00100001010100010001000000000000110000000000101000000000000001000101000001001010000
00100001010100010011000000000000110000000000001000000000000000100000010000000000000
00000010000000000000001000000000110000000010000001000000001000100000010000100000000
