//
segsites: 65
positions: 0.022000000000000 0.041160000000000 0.058740000000000 0.121300000000000 0.133240000000000 0.159140000000000 0.171120000000000 0.197020000000000 0.246500000000000 0.276780000000000 0.279840000000000 0.283800000000000 0.310420000000000 0.319100000000000 0.322600000000000 0.326820000000000 0.326860000000000 0.333780000000000 0.340920000000000 0.400200000000000 0.423440000000000 0.483100000000000 0.500000000000000 0.506720000000000 0.573240000000000 0.575940000000000 0.578780000000000 0.580800000000000 0.598600000000000 0.602180000000000 0.604240000000000 0.610560000000000 0.612680000000000 0.646120000000000 0.650860000000000 0.667660000000000 0.687780000000000 0.689460000000000 0.693500000000000 0.700680000000000 0.707840000000000 0.717300000000000 0.718960000000000 0.725340000000000 0.726680000000000 0.748500000000000 0.760920000000000 0.785740000000000 0.796680000000000 0.823820000000000 0.831880000000000 0.833660000000000 0.856760000000000 0.862400000000000 0.871180000000000 0.877220000000000 0.910560000000000 0.949500000000000 0.958960000000000 0.967280000000000 0.975440000000000 0.985380000000000 0.989500000000000 0.995140000000000 0.995640000000000
01000000100010000000011000000100000010101100000010000000000001000
01000000100010000000011000000100000010101100000010000000000001000
01000000111001001000100000000000000000001100000010000100000001000
01000000111000001000100000010000000000001100000010000000000001000
01000000100010000000011000000100000010101100000010000000000001000
01000000100010000000011000000100000010101100000010000000000001000
01000000100010000000011000000100000010001100000010000000000001000
01100100100000001000010010000100000010101100000011000000000001000
01001000111000001000100000000000000000001100000110000000000001000
10010011000000010111000000000001100001000000100000000011100000100
01000000111000001000100000001010010100001000000010000000000011001
01000000100010000000011000000100000010101100000010000000000001000
01000000100010000000011000000100000010101100000010000000000001000
01000000100010000000011000000100000010101100000010000000000001000
01000000100010000000011000000100000010101100000010000000000001000
01000000100010000000011001000100000010101100000010000000000001000
10010011000000010111000000000001100001000000100000001011100000100
01000000100010000000011100000100000010101100000010000000000001000
01000000100010000000011000100100000010101100000010000000000001000
01000000100010000000011000000100000010101100000010000000000001000
01000000100010000000011100000100000010101100000010000000000001000
01000000100010000000011000000100000010101100000010000000000001000
00100100100010000000010000000100001010100001011000110000011100000
01000000100010000000011000000100000010101100000010000000000001000
01000000100010000000011000000100000010101100000010000000000001000
01000000100010000000011000000100000010101100000010000000000001000
01000000100010000000011000000100000010101110000010000000000001000
01000000100010100000011000000100000010101100000010000000000001000
01001000111000001000100000000000000000001100000110000000000001000
01000000100010000000011000000100000010101100000010000000000001000
01000000100010000000011000000100000010101100000010000000000001000
01000000100010000000011000000100000010101100000010000000000001000
01000000100010000000011000000100000010001100000010000000000001000
00100100100010000000010000000100000010101100000010000000000001000
00100100100010000000010000000100000010100001011000110000011100000
00100100100110000000010000000100000010101100000010000000000001000
01000100111000001000100000001010010100001000000010000000000011001
01000000111000001000100000000000000000001100000010000000000001000
01000000100010000000011000000100000010101100000010000000000001000
01000000100010000000011000000100000010111100000010000000000001010
