//
segsites: 89
positions: 0.010320000000000 0.048240000000000 0.060320000000000 0.062760000000000 0.065760000000000 0.082000000000000 0.083760000000000 0.087740000000000 0.093500000000000 0.117580000000000 0.180060000000000 0.199020000000000 0.205520000000000 0.219340000000000 0.227560000000000 0.232240000000000 0.235900000000000 0.261040000000000 0.262220000000000 0.264920000000000 0.281960000000000 0.289500000000000 0.299100000000000 0.300180000000000 0.318880000000000 0.320300000000000 0.322220000000000 0.324440000000000 0.344860000000000 0.352800000000000 0.353400000000000 0.370540000000000 0.372180000000000 0.391460000000000 0.393920000000000 0.397260000000000 0.400600000000000 0.430940000000000 0.434200000000000 0.447580000000000 0.453020000000000 0.459080000000000 0.472980000000000 0.489900000000000 0.500000000000000 0.516560000000000 0.534380000000000 0.535680000000000 0.540260000000000 0.550860000000000 0.570000000000000 0.586120000000000 0.592560000000000 0.639980000000000 0.644780000000000 0.644800000000000 0.657120000000000 0.659000000000000 0.671680000000000 0.686180000000000 0.701900000000000 0.708640000000000 0.714440000000000 0.730020000000000 0.765520000000000 0.767400000000000 0.776120000000000 0.796940000000000 0.797640000000000 0.817300000000000 0.818200000000000 0.835960000000000 0.887520000000000 0.889100000000000 0.893940000000000 0.895600000000000 0.906360000000000 0.918700000000000 0.919360000000000 0.929080000000000 0.936920000000000 0.959860000000000 0.964720000000000 0.972460000000000 0.973440000000000 0.980160000000000 0.987000000000000 0.990400000000000 0.999660000000000
00000000000000000100000001001000000100000000100010000000100010010001000010000010001001110
00000000000000000100000001001000000100000000100010000000100010010001000010000010001001110
00000000000000000100000001011000000100000000100010000000100010010001000010000010001001110
00000000000000000100000001001000000100000000100010000000100010010001000010000010001001110
00000000000000100100000001001100000100000000000010000000100010010001000010000010001001110
00000000000000000100000001001000000100000000100010000000100010010001000010000010001001110
00000000000000000100000001001000000100000000100010000000100010010001000010000010001001110
00000011100010000001000000000010000000001000001100100010010000000000001000010000000010000
00010000010001010000000000100000001010000100100010000000100010010001000010000010001001110
00000000000000000100000001001000000100000000100010000000100010010001000010000010001001110
00000000000000000100000001001000000100000000100010000000100010010001000010000010001001110
00000000000000000100000001001000000100000000100010000000100010010001000010000010001001110
00000000000000000100000001001000000100000000100010000000100010010001000010000010001001110
00000000000000000100000001001000000100000000100010000000100010010001000010000010001001110
00000000000000000100000001001000000100000000000010000000100010010001000000111000110000001
00001100001000001010101100000000010001000011000010000000100010010001000010000010001001110
00000000000000000100000001001000000100000000100010000000100010010001000010000010001001110
00000011100010000001000000000010000000001000001100100010010000010001000010000010001001110
00101100000000001000101000000000110001000001010001000000100001001000100100111001010000000
00000000000000000100000001001000000100000000100010010000100010010001000010000010001001110
00000000000100000100000001001000010001000001000001000000100001001000100000111000110000001
00000000000000000100000001001000000100000000100010000000100010010001000010000010001001110
00000000000000000100000001001000010001010001000001000100100001001000100000111000110000001
00000000000000000100000001001000000100000000100010000000100010010001000010000010001001110
00000000000000000100000001001000000100000000100010000000100010010001000010000010001001110
00001100000000001000111010000000010001000001000001000000100001001000101010000010001001110
00000000000000000100000001001000000100000000100010000000100010010001000010000010001001110
00000011100010000001000000000010000000001000001100100010010000000000001000010100000010000
00001100000000001000101000000000010001000001000001000000100001001000100000111000010000000
00000000000000000100000001001000000100000000100010000000100010010001000010000010001001110
00000000000000000100000001001000000100000000100010000000100010010001000010000010001001110
01000000000000000100000001001000000100000000100010000000100010010001000010000010001001110
00000011100010000001000000000010010001000001000001000000100001001000100000111000110000001
10000011100010000001000000000010000000001000000000001001001100000110010001000000000000000
00010000010001010000000000100001001010100100000000001001001100000110010001000000000000000
00000000000000001000101000000000010001000001000001000000100001101000100000111000110000001
00000000000000000100000001001000000100000000100010000000100010010001000010000010001001110
00010000010001010000000000100000001010000100000000001001001100000110010001000000000100000
00000000000000000100000001001000000100000000100010000000100010010001000010000010001001110
00000000000000000100000001001000010001010001000001001001001100000110010001000000000000000
