//
segsites: 76
positions: 0.028760000000000 0.032520000000000 0.046580000000000 0.054240000000000 0.056480000000000 0.062440000000000 0.067680000000000 0.109540000000000 0.112520000000000 0.116040000000000 0.153320000000000 0.156660000000000 0.163920000000000 0.165160000000000 0.185760000000000 0.241740000000000 0.271960000000000 0.282880000000000 0.286440000000000 0.296820000000000 0.322340000000000 0.322780000000000 0.332840000000000 0.340520000000000 0.354740000000000 0.356280000000000 0.359100000000000 0.367260000000000 0.394820000000000 0.400980000000000 0.404560000000000 0.422780000000000 0.423860000000000 0.457800000000000 0.463200000000000 0.483620000000000 0.489340000000000 0.500000000000000 0.506840000000000 0.553500000000000 0.558000000000000 0.565240000000000 0.604860000000000 0.629780000000000 0.641460000000000 0.664440000000000 0.671780000000000 0.677300000000000 0.703280000000000 0.724380000000000 0.742940000000000 0.761460000000000 0.783780000000000 0.790880000000000 0.803380000000000 0.806480000000000 0.807340000000000 0.816140000000000 0.846320000000000 0.851240000000000 0.852920000000000 0.853120000000000 0.865920000000000 0.875660000000000 0.883500000000000 0.884540000000000 0.908180000000000 0.918180000000000 0.941060000000000 0.952060000000000 0.955440000000000 0.965460000000000 0.970640000000000 0.972280000000000 0.991960000000000 0.996200000000000
0000000010000010110000100001011001111100000011010000001010100000100000000010
0000001000010001000001000001011001111100000011010000001010101000100000000010
0000001000010001000001000001011001111100000011010000001010100000100000000010
0000001000010001000001000001011001111100000011010000001010100000100000000010
0000001000010001000001000001011001111100000011010000001010100000100000000010
0100100010000100000001000001011001111000100011010000101010100011100010000001
0000001000010001000001000001011001111100000011010000001010100000100000000010
0110100010000100000001000001011001111000100011010000001010100011100010000001
0000000010000010110000100001000010000010000010000000011010100000100000000010
0000001000010001000001000001011001111100000011010001001010100000100000000010
0000001000010001000001000001011001111100000011010000001010100000100000001010
0000001000010001000001000001011001111100000011010000001010100000100000000010
1000010011000000110001010001011001111000000010000000011010100000100000000010
1000010011000000110000100001000010000010000010000000011010100000100000000010
0000001000010001000001000001011001111100000011010000001010100000100000000010
0000001000010001000001000001011001111100000011010000001010100000100000000010
0000000110000000110000000000000000010001010000100000000000000000100000000110
0000001000010001000001000001011001111100000011010000001010100000100000000010
0001000010000010110000100001000010000010000010000000011010100000100000000010
0100100010000100001010001001000001011000000000000000000001100100000000000001
0000001000010001000001000001011001111100000011010000001010100000100000000010
0000001000010001000001000001011001111100000011010000001010100000100000000010
0000000010000010110000100001000000000010000100000000001010100010110100000001
0000000010000010110000100001000000000010000000000000001010100010110100000001
1000010011000000110001000001111001111000000011011000000100000000000000000000
0000001000010001000001000001011001111100000011010000001010100000100000000010
0000000110000000110000000100000000010001000000100000000000010000000001100010
0100100010001100001010001001000101011000000000000110000100000000100000000110
0000001000010001000001000001011001111100000011010000001010100000100000000010
0000001000010001000001000001011001111000000011010000001010100000100000000010
0000001000010001000001000001011001111000000011010110000100000000101000010110
0000001000010001000001000001011001111100000011010000001010100000100000000010
0000000011000000110000000000000000010001000000100000000000010000000001100010
0000001000110001000001000001011001111000100011010000001010100011100000000001
0000000010000010110000100001000010000010000010000000011010100000100000000010
0100100010000100001000000000000000000010000000000000001010100010100000000001
0000000110000001000100000010000000000010000010000000011010100000100000000010
0000001000010001000001000001011001111100001011010000001010100000100000000010
0000001000010001000001000001011001111100000011010000001010100000100000000010
0000001000010001000001000001011001111100000011010000001010100000100000000010
