//
segsites: 59
positions: 0.014820000000000 0.021200000000000 0.043200000000000 0.050080000000000 0.082540000000000 0.090780000000000 0.101640000000000 0.119520000000000 0.127220000000000 0.130860000000000 0.140120000000000 0.152540000000000 0.164360000000000 0.188280000000000 0.202720000000000 0.261720000000000 0.263960000000000 0.268180000000000 0.293960000000000 0.308220000000000 0.340500000000000 0.355000000000000 0.355760000000000 0.374820000000000 0.375280000000000 0.378500000000000 0.414960000000000 0.455440000000000 0.460480000000000 0.500000000000000 0.517720000000000 0.523120000000000 0.544460000000000 0.555620000000000 0.558060000000000 0.562860000000000 0.579060000000000 0.580600000000000 0.596300000000000 0.600100000000000 0.637280000000000 0.666380000000000 0.687340000000000 0.705460000000000 0.712160000000000 0.720720000000000 0.735540000000000 0.799060000000000 0.816160000000000 0.839520000000000 0.851280000000000 0.905040000000000 0.966780000000000 0.968820000000000 0.969920000000000 0.976040000000000 0.978540000000000 0.995700000000000 0.996420000000000
10101010101000001000100000010000100000001001010011100011000
10101000100000001100000000000000011011000010100000001000001
00010101010010110001000001000000000000100100000000010000100
10101000101000001010100000010100100000001001010000000100110
00010100010010110001000000000010000000100100000000001000001
01010100010010110001000000000000000000110100000000010000100
10101000101000001010100000010100100000001001010000000100110
10101000100000001100000000000000011011000010000000000001000
10101000100000001100001000000000000000100100000100000001000
00010100010101000000010110101001000100000000001000010000100
