//
segsites: 59
positions: 0.015840000000000 0.017880000000000 0.026580000000000 0.029360000000000 0.056980000000000 0.076560000000000 0.111760000000000 0.124860000000000 0.137300000000000 0.150100000000000 0.169100000000000 0.184000000000000 0.192260000000000 0.205720000000000 0.214700000000000 0.232860000000000 0.241780000000000 0.242960000000000 0.287480000000000 0.290360000000000 0.336820000000000 0.363960000000000 0.364720000000000 0.367080000000000 0.368220000000000 0.369200000000000 0.377340000000000 0.395220000000000 0.396900000000000 0.407100000000000 0.469600000000000 0.493700000000000 0.500000000000000 0.504900000000000 0.508040000000000 0.531780000000000 0.534300000000000 0.559040000000000 0.570080000000000 0.590640000000000 0.607580000000000 0.610180000000000 0.700180000000000 0.715280000000000 0.719260000000000 0.728120000000000 0.737460000000000 0.746100000000000 0.756740000000000 0.767280000000000 0.839040000000000 0.849900000000000 0.878800000000000 0.885140000000000 0.895520000000000 0.896920000000000 0.903380000000000 0.936200000000000 0.972880000000000
10110001000000000100110100001000000000001011010100001011101
00001000010000010000000000000001001001000000001000110000010
00001000010001001010001000000100010110100011010000001011101
00001000011001001011000011000100010010100011010010001011101
00000100010001000000000000010100000000010000100001000000000
01000010100110010000000000000010001001000000001000110100010
00000100010001100000000000010100000000010100100001000000000
00000100010001000000000000010100010010100011010000001011101
00001000010001100000000000010100000000010000100001000000000
01000010100110010000000000100010101001000000001000110000010
