//
segsites: 47
positions: 0.001780000000000 0.005820000000000 0.015940000000000 0.055660000000000 0.060080000000000 0.060380000000000 0.071720000000000 0.075360000000000 0.090000000000000 0.125340000000000 0.135700000000000 0.165260000000000 0.175220000000000 0.226380000000000 0.362000000000000 0.378480000000000 0.392160000000000 0.397000000000000 0.434900000000000 0.499460000000000 0.500000000000000 0.507200000000000 0.529520000000000 0.607040000000000 0.617720000000000 0.628060000000000 0.632720000000000 0.666200000000000 0.677840000000000 0.705580000000000 0.729680000000000 0.731480000000000 0.743860000000000 0.768140000000000 0.786940000000000 0.808160000000000 0.872980000000000 0.885180000000000 0.903580000000000 0.921920000000000 0.927360000000000 0.937200000000000 0.963800000000000 0.963880000000000 0.968420000000000 0.996260000000000 0.999160000000000
10100000000100000111100111000011001101001010100
10100000000100000111100111000011011111001000100
00000010110101110101000111000010001000000000000
01010000010101000101000111000010011000000000000
00000000000000001000011000000100100000010000011
10100000000100000111100111000011001101001010100
00001100001010000101000111000010001100001101100
01010001010101000101000111000010011000000000000
00000010110101010101000111110100100001001000100
00000010110101010101000111001010000101101001100
