//
segsites: 44
positions: 0.019720000000000 0.081740000000000 0.102980000000000 0.112800000000000 0.172760000000000 0.183280000000000 0.199300000000000 0.203780000000000 0.245880000000000 0.268880000000000 0.304300000000000 0.354800000000000 0.364360000000000 0.411240000000000 0.478740000000000 0.489480000000000 0.500000000000000 0.539300000000000 0.540540000000000 0.546500000000000 0.552500000000000 0.567820000000000 0.571300000000000 0.621520000000000 0.646520000000000 0.647000000000000 0.648120000000000 0.652420000000000 0.661540000000000 0.717040000000000 0.787560000000000 0.804560000000000 0.834540000000000 0.873500000000000 0.885680000000000 0.887220000000000 0.890620000000000 0.898800000000000 0.904160000000000 0.915100000000000 0.937680000000000 0.976720000000000 0.984740000000000 0.995580000000000
10010001100000000111000000000101100100101101
00011100010001000000001000010101100000000101
00011100010001000000001000010101100010000101
01100011100000000000000011001111110000100001
00011100010001001000101000010101100000000101
00010000100001000101010000000100001001000010
10010001101011100000000100100000001001010010
00000001100100010000001000010101100000000001
00011100010001001000101000010101100000000101
00000001100100010000001000010101100000000001
