//
segsites: 29
positions: 0.046860000000000 0.068340000000000 0.082900000000000 0.173620000000000 0.197980000000000 0.208720000000000 0.246580000000000 0.280460000000000 0.291860000000000 0.311620000000000 0.416760000000000 0.421300000000000 0.430260000000000 0.450780000000000 0.485000000000000 0.487160000000000 0.489120000000000 0.500000000000000 0.538380000000000 0.611400000000000 0.612620000000000 0.643720000000000 0.653220000000000 0.693500000000000 0.737480000000000 0.786380000000000 0.846580000000000 0.856420000000000 0.949660000000000
10100100100110001001011110000
10100110100111001000010110000
10100110100110001000010110111
00110000100110001000110110111
10100110100010001100010110111
10100110100010111000011110001
10100110101110001000010110111
10100110100010001100010110111
10100001010010101010000001000
01001000001110001000010110111
