//
segsites: 47
positions: 0.001860000000000 0.003960000000000 0.039260000000000 0.043560000000000 0.063500000000000 0.082000000000000 0.082220000000000 0.109460000000000 0.116880000000000 0.137240000000000 0.168860000000000 0.199680000000000 0.215820000000000 0.247280000000000 0.247900000000000 0.286780000000000 0.322520000000000 0.346160000000000 0.374240000000000 0.414500000000000 0.421500000000000 0.463480000000000 0.474280000000000 0.500000000000000 0.516140000000000 0.542300000000000 0.569160000000000 0.611720000000000 0.624740000000000 0.641780000000000 0.651460000000000 0.687000000000000 0.689040000000000 0.689660000000000 0.706060000000000 0.709640000000000 0.718920000000000 0.720200000000000 0.762100000000000 0.801840000000000 0.811620000000000 0.817980000000000 0.850080000000000 0.860460000000000 0.889900000000000 0.919520000000000 0.936100000000000
10000000110111111110001001011000100001000000011
10000010110111111110001101000111001010000000011
10000010110111111110001101000111001010000000011
10000010110111111110001101000111001010000000011
10000000110111111110001001011000100001000000011
01011101011101111110001001011000100001000100011
10000000110111111110001011011000100001000000011
10101100000101100001110000000000010000111001100
10000000110111111110001001011000000100010001100
10000000110111110001110000100111001010000010011
