//
segsites: 48
positions: 0.028280000000000 0.104200000000000 0.129220000000000 0.129680000000000 0.147980000000000 0.149380000000000 0.165840000000000 0.208080000000000 0.232280000000000 0.236760000000000 0.240360000000000 0.245920000000000 0.280700000000000 0.307640000000000 0.310320000000000 0.329740000000000 0.334040000000000 0.358520000000000 0.392660000000000 0.407300000000000 0.426700000000000 0.439020000000000 0.471740000000000 0.484400000000000 0.494580000000000 0.500000000000000 0.559680000000000 0.588140000000000 0.596160000000000 0.607300000000000 0.634820000000000 0.642880000000000 0.648600000000000 0.658780000000000 0.704600000000000 0.706680000000000 0.766200000000000 0.780100000000000 0.784460000000000 0.815340000000000 0.826480000000000 0.837720000000000 0.884120000000000 0.885400000000000 0.888000000000000 0.900020000000000 0.922660000000000 0.972060000000000
011000001011000100000010010111000100101000110000
000011001010001100000010010111000100101000110000
011000001011000100000010010111000100101000110000
000011001010001110110101000111001100000001001011
000100010010110000001000000000010010000001001011
000011001010001100000101101000100011010100000100
110000000110000001000110000111000100101010110000
000011001010001100000101101000100011010100000100
000011101010001110010101000111001100000001001011
010000000110000001000110000111000100101010110000
