//
segsites: 38
positions: 0.002700000000000 0.069920000000000 0.073000000000000 0.107740000000000 0.127400000000000 0.154720000000000 0.159220000000000 0.164780000000000 0.202760000000000 0.210140000000000 0.246960000000000 0.249880000000000 0.296360000000000 0.403620000000000 0.430880000000000 0.440600000000000 0.443100000000000 0.444820000000000 0.500000000000000 0.502960000000000 0.506780000000000 0.586700000000000 0.694480000000000 0.698000000000000 0.723100000000000 0.734500000000000 0.738240000000000 0.753100000000000 0.777880000000000 0.818680000000000 0.830200000000000 0.839900000000000 0.841640000000000 0.853020000000000 0.885720000000000 0.890560000000000 0.931040000000000 0.959820000000000
01000100010111001000011100001000110001
10001010100000000001001100000001000000
01000000000100000000001100010011000000
01011001100000000000001101000001000010
10001010100000010011001100000001000000
10101000100000000001001100000001000000
01000000001000100100100010000100001100
10001000100000000001001100000001000000
10001010100000000001001100000001000000
00001001100000100100100010100100001100
