//
segsites: 60
positions: 0.011240000000000 0.014100000000000 0.044920000000000 0.055100000000000 0.073220000000000 0.087040000000000 0.093900000000000 0.107700000000000 0.141800000000000 0.150300000000000 0.202240000000000 0.284160000000000 0.304120000000000 0.363240000000000 0.380600000000000 0.389720000000000 0.414620000000000 0.414980000000000 0.424320000000000 0.433460000000000 0.444660000000000 0.452220000000000 0.460820000000000 0.478720000000000 0.480440000000000 0.500000000000000 0.506740000000000 0.525080000000000 0.533660000000000 0.545080000000000 0.554080000000000 0.563920000000000 0.571240000000000 0.574600000000000 0.576420000000000 0.595300000000000 0.599820000000000 0.613600000000000 0.620020000000000 0.645220000000000 0.663520000000000 0.665700000000000 0.678540000000000 0.696600000000000 0.705220000000000 0.715780000000000 0.719400000000000 0.776880000000000 0.789820000000000 0.795220000000000 0.812880000000000 0.825980000000000 0.853200000000000 0.857820000000000 0.858160000000000 0.863280000000000 0.899160000000000 0.922740000000000 0.937780000000000 0.943960000000000
101000001000000001111101100100000000100111000100010011100011
111010001000001110000000001010001100110111110101011001000000
000101010000001000000000000000010000100111000100010001001010
001000001011110000001100100100100001001000000010000001001010
101000001100000001111100100100000000100111000100010011100011
000101010000001000000000010000010000100111000100010001001010
001000001000000001110010000001000010000100001100000100010100
000101010000001000000000010000010000100111000100010001001010
101000101000000001110010000000000010000100001100000000010100
000101010011110000001100100100100001001000000010100001000010
