//
segsites: 38
positions: 0.049580000000000 0.062600000000000 0.076440000000000 0.183620000000000 0.211000000000000 0.224500000000000 0.249160000000000 0.249180000000000 0.302720000000000 0.393120000000000 0.408500000000000 0.412380000000000 0.417820000000000 0.435640000000000 0.445020000000000 0.450780000000000 0.471340000000000 0.482960000000000 0.491380000000000 0.500000000000000 0.508360000000000 0.568400000000000 0.592580000000000 0.602840000000000 0.636260000000000 0.696780000000000 0.698860000000000 0.712920000000000 0.757340000000000 0.758160000000000 0.783920000000000 0.827680000000000 0.855000000000000 0.855160000000000 0.889080000000000 0.962280000000000 0.974600000000000 0.998980000000000
00101110000111101000011010011110110000
00001110000101001000011010011110110110
10010000111000000000001010011000001000
01101110000101001010011010011110110001
00101110000111101000011010011000000110
00000000000000010101100001011000000110
00001110000100010100100000011110110000
00000000000000010100100000011110110000
00001110000101001000011010111110110110
00001011000101010100100100011001000110
