//
segsites: 45
positions: 0.024660000000000 0.040100000000000 0.045940000000000 0.064580000000000 0.069740000000000 0.093640000000000 0.115520000000000 0.118220000000000 0.155440000000000 0.171120000000000 0.176220000000000 0.187800000000000 0.208540000000000 0.209800000000000 0.244060000000000 0.271340000000000 0.300680000000000 0.318880000000000 0.328540000000000 0.345320000000000 0.345660000000000 0.368460000000000 0.426000000000000 0.426260000000000 0.455700000000000 0.493740000000000 0.502480000000000 0.511340000000000 0.547200000000000 0.589720000000000 0.641580000000000 0.644740000000000 0.666020000000000 0.716080000000000 0.723640000000000 0.731480000000000 0.752320000000000 0.767660000000000 0.805320000000000 0.841860000000000 0.851500000000000 0.861400000000000 0.887040000000000 0.919440000000000 0.938060000000000
000010001000000010110000011011111000001001000
001101110100110000000000011011111000001001000
110000001000000010110000011011111000001001000
001001100110001001000111100000000111100010001
001101100100001000000000100000000110110010010
001001100110000000001000000100000110110110000
000010001000000010110000011011111000001001000
000000000101000101000111100000000000001001000
001101110100110000000000011011111000001110100
000000001000000010110000011011000110110010000
