//
segsites: 36
positions: 0.015900000000000 0.039320000000000 0.081280000000000 0.116500000000000 0.139940000000000 0.144800000000000 0.145620000000000 0.155960000000000 0.194100000000000 0.202880000000000 0.236400000000000 0.253900000000000 0.272660000000000 0.288400000000000 0.350520000000000 0.467100000000000 0.500000000000000 0.506720000000000 0.520480000000000 0.529300000000000 0.548300000000000 0.565340000000000 0.587760000000000 0.606260000000000 0.614080000000000 0.643680000000000 0.664260000000000 0.686560000000000 0.689400000000000 0.729060000000000 0.795920000000000 0.801940000000000 0.833420000000000 0.891140000000000 0.896320000000000 0.965600000000000
110000011011001011010000000000011001
110000011011001011010000000000011001
110000011011001011010000000000011001
110111100100110000110001000000000111
111011100100010100010110111111000011
110000011011001011010000000000011001
110000011011001011011000000000011001
110011100100010000010000000000100001
110000011011001011010000000000011001
110000011011001011010000000000011001
