//
segsites: 37
positions: 0.000460000000000 0.009420000000000 0.022600000000000 0.032300000000000 0.044980000000000 0.053260000000000 0.055360000000000 0.077400000000000 0.078300000000000 0.084440000000000 0.174560000000000 0.270120000000000 0.312400000000000 0.331060000000000 0.397440000000000 0.439240000000000 0.507340000000000 0.526120000000000 0.537560000000000 0.592600000000000 0.620660000000000 0.637120000000000 0.655580000000000 0.663520000000000 0.687620000000000 0.689820000000000 0.702260000000000 0.724860000000000 0.738640000000000 0.809740000000000 0.824100000000000 0.843580000000000 0.866240000000000 0.872000000000000 0.872640000000000 0.959080000000000 0.985900000000000
0000010101000100001001010111101000001
1110101010000100010110000010000110000
0110101000000100001001011011101000001
0000000000000100010110000010001000001
0110101000000100010100100000000010000
0000000000100011100000100000000010000
0000000000110011100000100000000010000
0110101000000100010110000010010101110
0011000000001100010110000010000110000
0000010101000100001001010111101000001
