//
segsites: 30
positions: 0.032780000000000 0.073060000000000 0.080260000000000 0.125740000000000 0.131580000000000 0.169400000000000 0.181500000000000 0.186540000000000 0.224200000000000 0.244320000000000 0.299440000000000 0.309300000000000 0.369120000000000 0.377640000000000 0.409000000000000 0.432920000000000 0.436100000000000 0.471320000000000 0.500000000000000 0.504920000000000 0.611360000000000 0.651920000000000 0.662880000000000 0.763680000000000 0.798360000000000 0.809520000000000 0.877440000000000 0.878260000000000 0.886260000000000 0.908380000000000
100000000111001000011010000110
110001000111001000111010000110
100001000111001010111010000110
100001000000110101010101110001
101010111010100101010010001110
100001000000110101010010000110
100001000111001000111010000110
100001000111001000111010000110
100101000111001000010010000110
100001000000110101010011110000
