//
segsites: 38
positions: 0.032160000000000 0.066380000000000 0.159480000000000 0.186760000000000 0.189740000000000 0.287860000000000 0.292640000000000 0.315000000000000 0.372120000000000 0.396860000000000 0.462600000000000 0.485420000000000 0.486260000000000 0.488980000000000 0.500000000000000 0.518280000000000 0.555460000000000 0.594040000000000 0.621440000000000 0.624880000000000 0.627120000000000 0.630760000000000 0.690440000000000 0.706340000000000 0.720800000000000 0.721200000000000 0.743940000000000 0.777620000000000 0.783080000000000 0.784200000000000 0.835900000000000 0.889500000000000 0.893620000000000 0.925860000000000 0.928500000000000 0.931240000000000 0.955900000000000 0.956060000000000
00000111110001100001001110001000110101
11100110110001000001001110001000101010
10000110111110011110010000110110101010
10001110110001000001101110001000101010
11100110110001000001001111001001110101
10010110110001000001101110001000101010
11100110110001000001001110001001110101
00000111110001100001001110001000101010
10000110110001000001101110001000101010
11100110110001000001001110001001110101
