//
segsites: 46
positions: 0.025980000000000 0.062420000000000 0.095020000000000 0.101120000000000 0.108900000000000 0.117900000000000 0.130080000000000 0.137680000000000 0.181200000000000 0.202840000000000 0.228360000000000 0.300860000000000 0.302100000000000 0.307840000000000 0.330180000000000 0.369280000000000 0.424380000000000 0.436260000000000 0.436960000000000 0.443320000000000 0.500000000000000 0.503120000000000 0.542380000000000 0.572560000000000 0.576600000000000 0.593500000000000 0.608680000000000 0.655660000000000 0.655900000000000 0.660880000000000 0.674300000000000 0.695620000000000 0.698880000000000 0.715120000000000 0.721880000000000 0.726040000000000 0.739220000000000 0.742440000000000 0.771840000000000 0.779020000000000 0.818580000000000 0.824160000000000 0.862360000000000 0.872040000000000 0.903760000000000 0.950660000000000
1110000110000100011010010010010101100100000111
0001101010110011000000000100001101011011110010
0000000000111010000001101001000101000000000010
0000010001000100100100010010100111100100000111
1110000110000100011010010010010101100100000111
1110000110000100011010010010010101100100000111
0000000001000100011000010010000101100100001111
1110000110000100011010010010010101100100000111
0000000001000100011000010010000101100100001111
1110000110000100011010010010010101100100000111
