//
segsites: 26
positions: 0.019480000000000 0.095720000000000 0.112700000000000 0.117120000000000 0.192380000000000 0.252900000000000 0.299240000000000 0.372340000000000 0.376820000000000 0.377640000000000 0.448480000000000 0.466800000000000 0.500000000000000 0.519140000000000 0.534340000000000 0.536980000000000 0.543700000000000 0.544080000000000 0.546160000000000 0.556720000000000 0.638560000000000 0.696120000000000 0.712240000000000 0.892800000000000 0.893140000000000 0.951420000000000
00010111101111001001000010
00010111101111001001000010
00010111101111001001000010
00010111101111001001000010
00010111101111001001000010
00010111101111001001000010
10000000000000001001100101
01101110000001110100011010
00010000010001110010011001
00010111101111001001000010
