//
segsites: 38
positions: 0.063240000000000 0.136680000000000 0.217620000000000 0.234560000000000 0.251400000000000 0.275000000000000 0.275660000000000 0.279580000000000 0.312580000000000 0.317280000000000 0.329060000000000 0.349400000000000 0.373880000000000 0.380060000000000 0.412440000000000 0.415480000000000 0.433840000000000 0.447080000000000 0.500000000000000 0.552680000000000 0.562780000000000 0.569460000000000 0.574580000000000 0.580700000000000 0.615500000000000 0.661400000000000 0.672480000000000 0.700120000000000 0.749440000000000 0.751780000000000 0.770060000000000 0.804380000000000 0.825940000000000 0.841700000000000 0.855980000000000 0.943900000000000 0.958480000000000 0.981760000000000
00100000000111100000100101010000111110
00100000000111100010100101010000111110
00100000000111100000100101010000111110
00100000000111100000100101010000111110
11001011110000011100011000001011001011
00010101000000011101100101010000111110
00100000001111100000100101010100111110
00100000001111100000100101010000111110
00100000000111100000100101110000111110
10010101000000011101100111010000111110
