//
segsites: 40
positions: 0.024400000000000 0.032280000000000 0.126220000000000 0.127740000000000 0.159760000000000 0.193360000000000 0.202260000000000 0.202440000000000 0.235360000000000 0.240520000000000 0.250980000000000 0.274120000000000 0.282560000000000 0.296400000000000 0.368420000000000 0.372780000000000 0.375340000000000 0.395200000000000 0.407040000000000 0.466080000000000 0.483020000000000 0.500000000000000 0.645740000000000 0.650600000000000 0.723980000000000 0.726360000000000 0.741060000000000 0.761860000000000 0.784180000000000 0.796880000000000 0.803400000000000 0.805080000000000 0.821280000000000 0.861780000000000 0.892420000000000 0.935200000000000 0.950100000000000 0.953280000000000 0.959540000000000 0.978400000000000
0100000110111000000000011000000100010000
1000000110111000000000010011100000001100
1000000110100110001110001000000100010000
0100000110111000000000010011100000001100
0100101000000010001101000110011010100010
0100000110100011001100100110000000000001
1010011001000010001100001000000100010000
0100101000000010001101000110011010100010
1001101000000010011100001001000001000001
1000000110111000100000010011100000001100
