//
segsites: 44
positions: 0.024100000000000 0.028700000000000 0.037500000000000 0.059660000000000 0.071180000000000 0.072500000000000 0.119560000000000 0.128660000000000 0.160000000000000 0.168680000000000 0.210560000000000 0.258820000000000 0.269900000000000 0.275520000000000 0.279740000000000 0.286680000000000 0.299820000000000 0.309600000000000 0.309980000000000 0.325440000000000 0.329520000000000 0.354900000000000 0.387160000000000 0.393080000000000 0.470600000000000 0.472840000000000 0.484140000000000 0.501360000000000 0.527600000000000 0.615840000000000 0.616420000000000 0.641300000000000 0.664740000000000 0.680200000000000 0.699000000000000 0.777700000000000 0.784400000000000 0.847200000000000 0.857860000000000 0.878820000000000 0.903400000000000 0.915580000000000 0.947940000000000 0.959780000000000
11000001000000000001000010000001111010010000
00000000000001011010010100010001110100000101
00000011110001011010010100010001110010010010
00000000000001011010010100010001110010010010
00000000000001011010010100010001110010010010
11000001000000000000010101010001110001100001
00000000001000100001000000101110000110001000
00101100000010000100001000101001110001100000
00000000000001011010010100010001110010010010
00010000000100000000100000010001110100000101
