//
segsites: 48
positions: 0.013740000000000 0.032800000000000 0.050740000000000 0.061220000000000 0.084720000000000 0.099200000000000 0.100240000000000 0.100440000000000 0.102500000000000 0.115180000000000 0.115240000000000 0.135460000000000 0.147540000000000 0.168820000000000 0.234620000000000 0.241480000000000 0.262300000000000 0.316540000000000 0.348720000000000 0.351220000000000 0.373740000000000 0.406060000000000 0.465700000000000 0.477640000000000 0.487160000000000 0.500000000000000 0.549900000000000 0.598620000000000 0.618680000000000 0.648580000000000 0.665580000000000 0.689240000000000 0.691560000000000 0.695220000000000 0.698820000000000 0.725560000000000 0.752400000000000 0.752440000000000 0.758240000000000 0.766440000000000 0.790640000000000 0.809980000000000 0.850900000000000 0.880040000000000 0.885660000000000 0.910440000000000 0.917380000000000 0.941160000000000
100000101001001000000000010000000000010110100111
000011010101000000100000000000000100010010110111
001000000000010011011100101111111011011001010111
100000101001001000000000010000000000010110100111
000000000100100100000011000000000000100001011111
100000101001001000000000010000000000010110100111
000100000100100100000011000000000000100000010110
100000101001001000000000000000000000010110100111
010000100011000000100000000000000100010010110111
100000101001001000000000000000000000010110100111
