//
segsites: 58
positions: 0.009960000000000 0.016220000000000 0.018420000000000 0.021800000000000 0.040420000000000 0.097000000000000 0.097040000000000 0.111540000000000 0.174640000000000 0.176680000000000 0.182000000000000 0.212200000000000 0.218500000000000 0.245240000000000 0.300720000000000 0.317000000000000 0.334940000000000 0.347280000000000 0.367940000000000 0.372660000000000 0.379680000000000 0.400320000000000 0.441100000000000 0.469500000000000 0.478220000000000 0.500000000000000 0.515380000000000 0.559740000000000 0.565180000000000 0.567480000000000 0.588420000000000 0.597020000000000 0.635020000000000 0.645980000000000 0.656960000000000 0.667180000000000 0.679260000000000 0.680120000000000 0.685060000000000 0.713180000000000 0.726260000000000 0.764240000000000 0.768400000000000 0.773640000000000 0.790280000000000 0.795140000000000 0.797660000000000 0.799560000000000 0.805140000000000 0.834620000000000 0.896700000000000 0.899800000000000 0.911780000000000 0.920360000000000 0.929340000000000 0.979400000000000 0.993660000000000 0.998520000000000
0100110000101001110100000110100000101000000000000111010000
0100110000101001110100000110100000101000000000000111010000
0100010000100001110100000010000000010110100110100000111000
0100110000101001110100000110100000101000000000000111010000
0011001000100001110100000010000000101000000000001111010000
1000000100000110000001000010010000101000000000000111010000
1000000100000110000001011000001011010010111000010000000111
0100010000101001110100000010100100000001000001000000011000
1000000111110000101110100001000000010010100100000000010000
0100110000101001110100000110100000101000000000000111010000
