//
segsites: 50
positions: 0.010940000000000 0.075200000000000 0.140560000000000 0.151260000000000 0.164880000000000 0.206280000000000 0.218500000000000 0.266000000000000 0.275760000000000 0.283100000000000 0.301440000000000 0.371880000000000 0.403960000000000 0.422580000000000 0.439060000000000 0.446960000000000 0.500000000000000 0.515100000000000 0.542920000000000 0.587360000000000 0.625800000000000 0.626980000000000 0.640900000000000 0.641080000000000 0.662100000000000 0.726960000000000 0.728760000000000 0.766780000000000 0.770880000000000 0.771920000000000 0.772100000000000 0.785660000000000 0.817320000000000 0.825300000000000 0.830880000000000 0.834740000000000 0.854080000000000 0.868500000000000 0.876860000000000 0.892980000000000 0.904760000000000 0.916660000000000 0.929240000000000 0.942060000000000 0.942140000000000 0.981560000000000 0.983780000000000 0.992080000000000 0.993140000000000 0.993700000000000
11001010111001010010010000000110000000100100100110
11011011111000000001000000000110000000100110100110
11001010111000000110000010001000010010000000010001
11001010111000000010000010001000010010000000000110
11100110000111011011000001110001001101011001000110
11011110000101110010101100000000100000010000000010
11100110000111010010000000000110000000100100110001
11100110000111011010000000000110000000100100101110
11100110000111011010000000000110000000100100101110
11100110000111011011000001110001001101011001000110
