//
segsites: 28
positions: 0.024020000000000 0.033880000000000 0.039760000000000 0.078600000000000 0.119500000000000 0.170540000000000 0.267080000000000 0.330760000000000 0.334680000000000 0.356200000000000 0.359200000000000 0.436280000000000 0.438940000000000 0.449060000000000 0.479200000000000 0.556200000000000 0.632640000000000 0.675280000000000 0.692640000000000 0.702540000000000 0.708620000000000 0.715480000000000 0.738400000000000 0.892140000000000 0.924060000000000 0.930860000000000 0.970180000000000 0.977980000000000
1011000111000010001111100001
1001101001111100010010111110
1001111001100010001111100000
1101101001111100010010100001
1101100111000010001111100000
1001101001111101010010100001
1101101001111100110010100000
1001101001111100110010100000
1101101001111100010010100000
1001101001111101010010100001
