//
segsites: 53
positions: 0.014520000000000 0.019320000000000 0.032160000000000 0.078680000000000 0.087660000000000 0.096800000000000 0.147680000000000 0.153920000000000 0.251820000000000 0.305880000000000 0.336580000000000 0.340580000000000 0.359840000000000 0.377260000000000 0.388560000000000 0.404300000000000 0.404360000000000 0.417400000000000 0.423020000000000 0.426100000000000 0.438180000000000 0.449660000000000 0.452080000000000 0.494380000000000 0.500000000000000 0.503440000000000 0.560120000000000 0.572700000000000 0.575800000000000 0.580400000000000 0.582420000000000 0.598260000000000 0.656460000000000 0.657260000000000 0.659900000000000 0.707880000000000 0.723480000000000 0.725940000000000 0.747020000000000 0.780480000000000 0.806180000000000 0.853060000000000 0.853580000000000 0.857560000000000 0.858760000000000 0.872960000000000 0.873120000000000 0.873600000000000 0.887480000000000 0.890440000000000 0.899100000000000 0.900820000000000 0.905420000000000
10010000000010100000100001100000100000000010000000000
10010000000010100100100001100000000000000000000011100
01111000011000010000101000010010011000000000000000001
10010000000010100000101000001001000000110000000010010
01111000000010100100100011100000000000000000000000001
01111000100010101000100001100000000000000010000000000
10010110011101010000101000001001000001000010011000000
00010100001000010011010100001100000110001101100100000
10010000000010100100100001100000000000000010011000000
00010101000010100000100100001000000110001001100000000
