//
segsites: 38
positions: 0.012360000000000 0.030960000000000 0.074760000000000 0.080660000000000 0.083600000000000 0.100520000000000 0.178920000000000 0.211820000000000 0.302040000000000 0.307160000000000 0.307380000000000 0.347280000000000 0.354180000000000 0.398180000000000 0.422820000000000 0.429180000000000 0.451780000000000 0.479380000000000 0.492660000000000 0.500000000000000 0.529980000000000 0.542700000000000 0.568440000000000 0.583620000000000 0.614040000000000 0.683160000000000 0.695920000000000 0.715940000000000 0.728460000000000 0.771440000000000 0.843700000000000 0.932800000000000 0.936860000000000 0.942100000000000 0.944260000000000 0.965360000000000 0.965680000000000 0.983960000000000
01010010001001100001011010011101010100
01100011000010011100100101101000101011
01010010001001100001011010011101010100
01010010001001100001011010011101010100
01010010001001100001011010011101010100
01001111000010011110100001101000101010
01010010001001100001011010011101010100
01010010001001100001011010011101010100
10000000110111000000011010011101010100
01100011000010011100100101101010101011
