//
segsites: 58
positions: 0.001060000000000 0.004840000000000 0.012760000000000 0.013720000000000 0.047240000000000 0.051840000000000 0.057820000000000 0.069220000000000 0.088360000000000 0.101420000000000 0.152900000000000 0.168220000000000 0.199840000000000 0.203880000000000 0.211400000000000 0.217520000000000 0.228160000000000 0.235900000000000 0.237280000000000 0.241840000000000 0.244020000000000 0.280900000000000 0.287180000000000 0.325780000000000 0.327680000000000 0.330820000000000 0.364380000000000 0.377460000000000 0.379640000000000 0.379720000000000 0.391720000000000 0.406040000000000 0.430360000000000 0.431660000000000 0.462880000000000 0.465620000000000 0.483340000000000 0.503540000000000 0.505320000000000 0.521880000000000 0.539420000000000 0.566000000000000 0.582060000000000 0.666000000000000 0.678980000000000 0.702980000000000 0.718440000000000 0.744600000000000 0.746840000000000 0.766200000000000 0.894380000000000 0.919760000000000 0.942420000000000 0.972000000000000 0.982200000000000 0.990220000000000 0.992060000000000 0.995240000000000
1000000000100010000000101101000000110000000001001011000110
0000100000100000011011010000000111001101000000000011111000
0011000000001001000000000000100000000000010001001011000100
0011000000001001000000000000100000000000000000000100000001
0000100011000100100100101010010000000000001100100000001001
0011000000001001000000000000100000000000000001001011000100
0011000000001001000000000000100000000000000001001011000100
0010111100000000000000000000101000000010100010010000001000
0011000000001001000000000000100000000000000000000100000001
0100100000010000000000101101000000110100000000000100000001
