//
segsites: 39
positions: 0.051500000000000 0.085640000000000 0.101100000000000 0.105340000000000 0.145560000000000 0.161720000000000 0.173360000000000 0.201380000000000 0.227020000000000 0.330720000000000 0.333740000000000 0.356420000000000 0.460160000000000 0.500000000000000 0.537740000000000 0.540780000000000 0.631320000000000 0.638720000000000 0.698440000000000 0.725500000000000 0.726440000000000 0.738260000000000 0.754380000000000 0.766200000000000 0.808660000000000 0.831420000000000 0.841820000000000 0.852740000000000 0.876260000000000 0.890460000000000 0.903640000000000 0.910940000000000 0.930080000000000 0.933460000000000 0.940960000000000 0.961420000000000 0.963920000000000 0.975540000000000 0.983640000000000
000000000011100101010000010001010001000
001000000011110100100100000100101010110
000000000011100101010000010001010001000
110111010111001010000110000100000100001
110110110111001010001001101010000100000
000000000011100101010000010001010001000
000000000011100101010000010001010001000
000000000111001010001001101010000100000
110110011111001010001001101010000100000
000000000011100101010000010001010001000
