//
segsites: 33
positions: 0.039780000000000 0.057220000000000 0.061860000000000 0.080380000000000 0.186040000000000 0.187700000000000 0.198360000000000 0.204680000000000 0.250140000000000 0.363580000000000 0.364760000000000 0.385180000000000 0.393400000000000 0.399340000000000 0.463080000000000 0.494420000000000 0.586260000000000 0.652360000000000 0.687000000000000 0.701340000000000 0.709660000000000 0.746700000000000 0.822580000000000 0.839260000000000 0.848860000000000 0.883060000000000 0.889900000000000 0.912100000000000 0.913920000000000 0.914040000000000 0.945440000000000 0.986480000000000 0.993600000000000
010100110110111111101101100100001
010000011110111011101100011010100
010111010110000000010100100100011
010000011110111011101100011010100
010100010110111111101100011011000
010100110110111111101100011011000
110000110110111111101100011011000
001000011110111011101101100100001
010100010110111111101100011011000
010000010111111011101110011010000
