//
segsites: 41
positions: 0.126740000000000 0.199580000000000 0.213780000000000 0.226220000000000 0.234540000000000 0.240100000000000 0.264380000000000 0.295480000000000 0.298580000000000 0.362580000000000 0.462620000000000 0.463360000000000 0.500000000000000 0.527020000000000 0.529280000000000 0.596740000000000 0.597880000000000 0.598500000000000 0.601460000000000 0.637460000000000 0.643860000000000 0.648000000000000 0.660640000000000 0.678680000000000 0.685920000000000 0.703340000000000 0.706940000000000 0.711340000000000 0.719640000000000 0.722120000000000 0.736060000000000 0.746320000000000 0.750060000000000 0.751600000000000 0.833300000000000 0.850000000000000 0.924500000000000 0.926960000000000 0.949440000000000 0.956500000000000 0.957980000000000
10011000001000000100100000010010000000000
10110010100000011011010000000101000000000
11011100001000000100100001001000111011100
10011000010100000000000000100101000100000
10011000010100000000000000000000000000000
10011000001000000101010100000101000000010
10110010100010111010000000000000000000001
10011000001000000100101000010010000000000
10011001001001000100000010000000000000000
10110010100000011011010000000101000000000
