//
segsites: 57
positions: 0.044240000000000 0.067760000000000 0.069960000000000 0.072880000000000 0.078440000000000 0.112860000000000 0.119300000000000 0.165440000000000 0.169260000000000 0.173420000000000 0.251240000000000 0.279640000000000 0.280440000000000 0.281180000000000 0.323340000000000 0.358000000000000 0.367680000000000 0.372000000000000 0.390560000000000 0.398060000000000 0.409600000000000 0.411840000000000 0.435180000000000 0.453060000000000 0.458620000000000 0.482980000000000 0.500000000000000 0.517240000000000 0.542000000000000 0.549000000000000 0.557120000000000 0.626520000000000 0.639500000000000 0.641580000000000 0.684560000000000 0.696000000000000 0.709880000000000 0.720060000000000 0.730060000000000 0.742160000000000 0.751960000000000 0.765620000000000 0.775000000000000 0.776340000000000 0.805740000000000 0.823720000000000 0.827900000000000 0.831360000000000 0.858780000000000 0.880560000000000 0.896660000000000 0.905940000000000 0.914780000000000 0.932980000000000 0.947620000000000 0.952140000000000 0.982400000000000
100000100011001000001000000010100010100000001000110101000
001110000111001000001000000010100010100000001000110101000
010001111000011100000010001100000001000001010001011000100
100000100000000010010100000000001100011100000000000000001
010001111000011100000010000100000001000001010000011000000
010000101000100001100001010001010000000000100000000000010
010001111000011100000010000100000001000001010001011000000
010001111000011100000010001100000001000001010001011000100
100000100000000010010100100000001100011100000000000000001
001010000011001000000000000010100000000010000110000010001
