//
segsites: 64
positions: 0.008180000000000 0.009880000000000 0.021040000000000 0.024540000000000 0.028780000000000 0.038740000000000 0.049020000000000 0.104120000000000 0.109380000000000 0.115580000000000 0.130980000000000 0.132880000000000 0.158800000000000 0.173420000000000 0.196420000000000 0.218820000000000 0.249580000000000 0.258260000000000 0.296180000000000 0.297520000000000 0.310840000000000 0.312000000000000 0.351940000000000 0.356160000000000 0.363940000000000 0.377860000000000 0.439860000000000 0.448460000000000 0.500000000000000 0.505960000000000 0.518380000000000 0.524760000000000 0.550860000000000 0.557560000000000 0.558580000000000 0.588720000000000 0.597240000000000 0.609360000000000 0.612680000000000 0.620720000000000 0.621660000000000 0.637180000000000 0.641000000000000 0.644320000000000 0.677580000000000 0.709320000000000 0.723600000000000 0.724120000000000 0.737220000000000 0.740820000000000 0.743480000000000 0.788600000000000 0.809480000000000 0.829800000000000 0.844760000000000 0.851020000000000 0.891060000000000 0.906540000000000 0.933740000000000 0.945480000000000 0.951920000000000 0.953400000000000 0.961440000000000 0.961760000000000
1010000010010010001010011100001000111000100011101010001001000100
0000000000000001001010100000001111000100000110010101000010110000
0000011001101000100001000000001000010001100011101010001001000100
0010000010010010001010011100010000000000010000010100100010100000
0010100110010001001110100000001111000000000110010100000010100000
0100000000000100100001000011100010000010000000000000010000001001
0001011001101000100001000000000010000010000000000000010010100010
0000011001101000100001000000001000010001100011101010001001000100
0000011001101000100001000000001000010001101011101010001001000100
0000000000000100111010000000001000111000100011101010001101000100
