//
segsites: 47
positions: 0.019480000000000 0.030760000000000 0.036800000000000 0.046220000000000 0.072220000000000 0.083460000000000 0.085620000000000 0.112520000000000 0.117420000000000 0.134340000000000 0.149880000000000 0.157700000000000 0.180040000000000 0.185960000000000 0.246620000000000 0.253320000000000 0.259560000000000 0.270440000000000 0.281420000000000 0.285500000000000 0.362800000000000 0.372280000000000 0.386800000000000 0.406260000000000 0.500000000000000 0.510020000000000 0.516600000000000 0.519960000000000 0.565180000000000 0.580120000000000 0.619440000000000 0.647460000000000 0.664880000000000 0.722840000000000 0.757060000000000 0.776980000000000 0.784220000000000 0.786420000000000 0.804760000000000 0.816220000000000 0.826380000000000 0.845320000000000 0.850460000000000 0.880600000000000 0.913020000000000 0.914720000000000 0.963440000000000
00000000010001010000100110011110000000011110010
10000000001010000001100100011110000000010000000
00000000010001010000000000010101000000000000000
00000000010001010000100110011110000000011110010
10001000001010100010000000010100101100000000001
00000000010001010000100110011110000000011110010
00000000101010001100000000010100111100000000101
01000100010001010000000000100101000000000000000
10000000001010000001100101010000000011000001000
00110011000100000010011000011110000011100000000
