//
segsites: 59
positions: 0.010860000000000 0.023220000000000 0.036460000000000 0.041800000000000 0.075680000000000 0.083540000000000 0.116180000000000 0.120580000000000 0.139220000000000 0.157880000000000 0.167840000000000 0.202500000000000 0.218740000000000 0.251140000000000 0.262380000000000 0.263580000000000 0.268140000000000 0.297520000000000 0.302800000000000 0.319400000000000 0.344240000000000 0.351460000000000 0.365520000000000 0.376240000000000 0.400980000000000 0.405440000000000 0.439880000000000 0.493800000000000 0.500000000000000 0.519780000000000 0.525940000000000 0.530860000000000 0.588040000000000 0.604540000000000 0.626380000000000 0.661320000000000 0.662540000000000 0.678400000000000 0.678660000000000 0.679640000000000 0.688320000000000 0.689100000000000 0.695020000000000 0.696120000000000 0.706620000000000 0.717320000000000 0.750980000000000 0.782080000000000 0.784860000000000 0.813760000000000 0.816700000000000 0.827540000000000 0.859760000000000 0.879460000000000 0.904420000000000 0.913020000000000 0.916700000000000 0.961580000000000 0.996820000000000
11000001000000000001110001000100000001100000000010010000010
01000001000000100001100001001100000001100001000010010000010
01000001000000000001100001000100000001100000000010010000010
01000001000000100001100001001100000001100001000010010000010
01000001101000000001100001000110000001100000000010010000010
00010100000000000001001000000000010001100000000010010000010
00010100000011010011001000000001000100000000000000000000000
01000001000000100001100001001100000001100001000010010000010
00101010010100001100000110110000100010010000100101101101000
00010100000000000001001000000000001001001110011000000010101
