//
segsites: 45
positions: 0.010360000000000 0.067540000000000 0.075520000000000 0.078360000000000 0.079480000000000 0.088900000000000 0.119820000000000 0.162600000000000 0.219680000000000 0.249000000000000 0.251540000000000 0.260120000000000 0.270500000000000 0.322760000000000 0.343700000000000 0.360320000000000 0.362020000000000 0.442980000000000 0.454220000000000 0.500000000000000 0.504360000000000 0.536580000000000 0.540120000000000 0.629700000000000 0.650160000000000 0.659160000000000 0.678020000000000 0.685980000000000 0.704180000000000 0.712900000000000 0.713720000000000 0.783180000000000 0.799180000000000 0.818480000000000 0.852560000000000 0.864060000000000 0.873120000000000 0.876320000000000 0.883160000000000 0.903360000000000 0.945600000000000 0.951880000000000 0.959660000000000 0.971740000000000 0.991440000000000
000010010010000001001111000001001000000000010
101100010010000001000100000010001100000001000
000010010011000001010100000010001100000001000
000000100100001101000110000001001000001000100
000010010010000001000100000000100001001100100
101101010010100001001111000001001010100010000
101101011000010101100110000000100001001100101
101100010010000001000100000010001100000001000
000000100100001101000110011001001000001000000
010000001000010010000000100100010000010000000
