//
segsites: 26
positions: 0.009100000000000 0.068420000000000 0.100160000000000 0.118700000000000 0.139080000000000 0.144680000000000 0.190840000000000 0.247460000000000 0.248880000000000 0.377760000000000 0.394700000000000 0.400680000000000 0.496320000000000 0.500000000000000 0.578100000000000 0.603920000000000 0.616320000000000 0.618860000000000 0.668620000000000 0.823140000000000 0.840640000000000 0.859840000000000 0.869760000000000 0.902400000000000 0.978540000000000 0.987640000000000
11100000000110010010011001
10100010000010010010011111
11100000001001100000011001
10100000010010000000111001
11100000000010011011011001
10100010000000100000011001
11100000001001100000011001
00011101101000100100011001
11100000001001100000011001
11100000001000100000011001
