//
segsites: 46
positions: 0.033680000000000 0.050560000000000 0.057500000000000 0.112500000000000 0.123160000000000 0.126400000000000 0.134240000000000 0.146660000000000 0.157760000000000 0.177300000000000 0.248220000000000 0.265320000000000 0.275420000000000 0.277240000000000 0.285380000000000 0.322660000000000 0.335820000000000 0.341040000000000 0.351020000000000 0.362200000000000 0.366300000000000 0.419900000000000 0.457960000000000 0.467120000000000 0.479520000000000 0.495580000000000 0.500000000000000 0.526740000000000 0.555000000000000 0.582660000000000 0.585900000000000 0.598480000000000 0.622120000000000 0.628080000000000 0.653420000000000 0.766760000000000 0.778620000000000 0.801320000000000 0.814040000000000 0.819560000000000 0.832060000000000 0.922540000000000 0.960000000000000 0.977680000000000 0.980140000000000 0.998360000000000
1100001000110110001010001010010101010101110100
1100001000110110001010001010010101010101110100
1001100110001001010000010000101000000000000011
0000010000000000100101100000000010100000001000
0010000111001001000000010000000000101000000000
0001100110001001000000010001101000000010000000
1100001000110110001010001010010101010101110100
1100001000110110001010001010010101010101110000
1100001000110110001010001010010101010101110100
0011100110001001000000010100101000000010000000
