//
segsites: 48
positions: 0.011040000000000 0.030820000000000 0.041980000000000 0.089580000000000 0.095220000000000 0.111200000000000 0.152860000000000 0.204920000000000 0.220680000000000 0.225420000000000 0.225860000000000 0.235440000000000 0.244900000000000 0.272220000000000 0.284240000000000 0.301040000000000 0.307160000000000 0.321140000000000 0.325740000000000 0.426940000000000 0.447500000000000 0.500000000000000 0.520640000000000 0.576060000000000 0.578600000000000 0.585560000000000 0.596280000000000 0.601680000000000 0.612720000000000 0.663260000000000 0.675640000000000 0.690420000000000 0.722800000000000 0.734260000000000 0.735640000000000 0.784380000000000 0.799020000000000 0.811480000000000 0.843440000000000 0.857320000000000 0.880120000000000 0.906720000000000 0.907700000000000 0.914220000000000 0.917940000000000 0.968020000000000 0.988240000000000 0.996640000000000
000101001001001101001001110101010000010001010100
001000010110010010011100001010001111000000100010
001000010110010010011000001010001111000000100010
001000010110100000101010001010001110100000000010
001000010110010010011000001010001111000000100010
100010010110010000011000001010101110001110001011
100010010110010000011000001010101110001010001011
001000010110010010011100001010001111000000100010
010010110110010000011000001010001110100000000010
001000010110010010011100001010001111000000100010
