//
segsites: 56
positions: 0.029720000000000 0.054160000000000 0.058160000000000 0.081340000000000 0.096720000000000 0.101160000000000 0.117660000000000 0.139700000000000 0.148780000000000 0.177980000000000 0.180220000000000 0.201240000000000 0.207800000000000 0.209780000000000 0.282520000000000 0.308400000000000 0.308600000000000 0.328520000000000 0.329060000000000 0.330700000000000 0.377940000000000 0.378900000000000 0.389340000000000 0.421400000000000 0.487700000000000 0.490680000000000 0.492880000000000 0.494360000000000 0.500000000000000 0.500860000000000 0.504580000000000 0.558680000000000 0.561380000000000 0.571480000000000 0.597500000000000 0.602320000000000 0.606140000000000 0.615260000000000 0.629280000000000 0.666520000000000 0.683120000000000 0.729500000000000 0.731660000000000 0.740960000000000 0.749940000000000 0.788500000000000 0.836920000000000 0.848220000000000 0.856120000000000 0.856760000000000 0.870420000000000 0.887180000000000 0.923900000000000 0.962320000000000 0.969540000000000 0.986620000000000
01000011000110011010001010000100101010010010100010011011
01000011000110011010001010000100101010010010100010011011
01100111000110011010011010000100100000000001011100100100
10000000110000000000000000000000000100000000000000000000
10000000000001000000100100011001000001110010100010001011
00011000001001100001000001100010010000000001011100100100
10000000000001000000100100011001000001110010100010001011
10000000110000000000000000000000000010011110100011001011
01100111000110011110011010000100100010010001011100100100
00011000001001100000000001100010010000000000000000000000
