//
segsites: 38
positions: 0.122240000000000 0.165120000000000 0.197040000000000 0.203560000000000 0.204860000000000 0.219120000000000 0.231000000000000 0.241400000000000 0.241560000000000 0.254140000000000 0.255480000000000 0.289440000000000 0.361540000000000 0.364980000000000 0.411700000000000 0.487180000000000 0.491760000000000 0.500000000000000 0.510600000000000 0.538260000000000 0.578880000000000 0.587220000000000 0.627780000000000 0.632340000000000 0.644840000000000 0.679240000000000 0.703500000000000 0.716560000000000 0.804420000000000 0.813740000000000 0.830760000000000 0.873520000000000 0.880760000000000 0.901780000000000 0.912460000000000 0.923280000000000 0.973060000000000 0.987300000000000
00000000000010100010100010000011010010
00111001011011010001001000101100010010
01000000000011100010100001000010001000
00000110000111100010010100011000000000
00111001111011010001001000101100010010
10111000000010101010100010000010100000
00111001011011010101001000101100010010
00111001111011010001001000101100010011
00000000000010110001001000101100010110
00000000000010100010100010000011010010
