//
segsites: 39
positions: 0.000040000000000 0.034560000000000 0.120380000000000 0.140980000000000 0.242600000000000 0.281820000000000 0.348920000000000 0.365980000000000 0.368980000000000 0.399760000000000 0.404860000000000 0.420340000000000 0.420640000000000 0.427360000000000 0.428440000000000 0.434240000000000 0.441060000000000 0.450180000000000 0.475700000000000 0.500000000000000 0.554940000000000 0.562320000000000 0.608300000000000 0.638680000000000 0.665280000000000 0.675600000000000 0.680860000000000 0.711180000000000 0.722720000000000 0.749700000000000 0.807020000000000 0.808380000000000 0.813420000000000 0.817980000000000 0.820380000000000 0.830460000000000 0.840220000000000 0.854900000000000 0.877780000000000
010000000010000000100010111001111000111
100100000101111011000001010100000110000
010001000010000000100010111001111000111
100000101010000000100010111001000011000
101000000010000000100010111000000110000
100010010000000100011100010010000011000
100010010000000100011100010010000011000
100000100010000000100010111000111000111
100000100010000000100010111001000011000
100010010000000100011100010010000011000
