//
segsites: 49
positions: 0.054020000000000 0.094500000000000 0.096540000000000 0.107980000000000 0.112160000000000 0.125200000000000 0.132160000000000 0.155400000000000 0.159320000000000 0.168120000000000 0.182140000000000 0.197020000000000 0.208060000000000 0.209880000000000 0.215080000000000 0.237620000000000 0.245860000000000 0.376440000000000 0.376620000000000 0.397480000000000 0.433060000000000 0.468320000000000 0.477540000000000 0.479080000000000 0.483280000000000 0.500000000000000 0.537720000000000 0.554880000000000 0.575800000000000 0.588520000000000 0.595300000000000 0.622560000000000 0.653460000000000 0.666180000000000 0.689520000000000 0.708660000000000 0.714760000000000 0.735860000000000 0.750160000000000 0.752200000000000 0.770260000000000 0.770380000000000 0.809240000000000 0.815880000000000 0.840340000000000 0.868520000000000 0.872660000000000 0.902260000000000 0.981920000000000
0101000000101000010100101000110101000000000000010
1101000000101000010100101000110101000000000000010
0101010111110100100001010110001000100100111001000
0010101000100001001001010010001000010100110111001
0101000111110100100011010011001000100100111001100
0101000111110100100011010011001000100100111001100
0101010111110100100001010110001000100100111001000
0010101000100001001001010010001010000011010001000
1101000000101010010100101000110101001000000000010
0010101000100001001001010010001000010100110111000
