//
segsites: 51
positions: 0.000800000000000 0.037940000000000 0.080120000000000 0.096500000000000 0.096740000000000 0.100620000000000 0.121300000000000 0.129960000000000 0.138320000000000 0.139840000000000 0.147340000000000 0.152780000000000 0.217940000000000 0.232700000000000 0.241900000000000 0.297540000000000 0.324200000000000 0.332720000000000 0.354120000000000 0.360520000000000 0.362640000000000 0.364780000000000 0.384320000000000 0.404820000000000 0.410640000000000 0.428120000000000 0.441200000000000 0.460020000000000 0.466900000000000 0.500000000000000 0.540260000000000 0.555820000000000 0.572200000000000 0.629920000000000 0.636680000000000 0.668320000000000 0.679260000000000 0.717940000000000 0.812180000000000 0.815920000000000 0.825920000000000 0.860480000000000 0.870560000000000 0.876760000000000 0.888600000000000 0.889460000000000 0.948980000000000 0.955540000000000 0.972340000000000 0.973940000000000 0.999580000000000
010101100011100010011100111000000001101101011010010
010100100011100010010100101000001000010000100001100
110000001000010111100000000110000001101111011000011
000000110100000000000001000110011010010000100001000
010100100011100010010100101001001000010000100001100
010100100011100010010100101001001000010000100101100
011100100011100010010100101000001100010000100001100
010100100011101010010110101000001000010000100001100
010110100011100010010100101000101000010000100001100
010100100011100010010100101001001000010000100001100
