//
segsites: 42
positions: 0.042000000000000 0.044160000000000 0.066100000000000 0.098840000000000 0.109300000000000 0.136300000000000 0.150500000000000 0.175100000000000 0.190720000000000 0.206860000000000 0.228640000000000 0.252380000000000 0.255540000000000 0.288040000000000 0.332580000000000 0.420700000000000 0.463240000000000 0.465480000000000 0.500000000000000 0.513540000000000 0.552380000000000 0.598760000000000 0.622260000000000 0.631780000000000 0.650740000000000 0.651240000000000 0.653760000000000 0.672080000000000 0.696220000000000 0.715140000000000 0.724900000000000 0.749040000000000 0.757980000000000 0.781700000000000 0.787980000000000 0.851900000000000 0.866660000000000 0.878000000000000 0.878280000000000 0.880220000000000 0.929940000000000 0.956840000000000
110100010000100101110010000110010011101000
000000101011000101001011000100010011001011
101011010100011111000100111001001001000000
110100010000100101110010000110010011101000
100100010000000101010010000100001000010100
100100010000000101010010000100001000010100
110100010000100101110010000110010011101000
100100010000000101010010000110110011001000
100100010000000101010010000100000111001000
100100010000000101010010000110010011001000
