//
segsites: 49
positions: 0.006920000000000 0.044400000000000 0.055560000000000 0.092800000000000 0.098240000000000 0.105520000000000 0.121480000000000 0.130660000000000 0.182440000000000 0.218640000000000 0.236320000000000 0.242320000000000 0.245880000000000 0.254520000000000 0.270980000000000 0.271380000000000 0.281700000000000 0.300480000000000 0.335540000000000 0.343140000000000 0.385640000000000 0.387000000000000 0.387360000000000 0.404840000000000 0.461500000000000 0.462020000000000 0.498020000000000 0.500000000000000 0.619140000000000 0.624100000000000 0.775220000000000 0.780640000000000 0.784540000000000 0.786980000000000 0.793020000000000 0.795360000000000 0.799920000000000 0.821340000000000 0.822840000000000 0.843260000000000 0.856880000000000 0.891600000000000 0.903940000000000 0.914000000000000 0.940460000000000 0.964040000000000 0.971860000000000 0.972660000000000 0.990400000000000
0011010000001100100110100000001001110010000001000
1100100001001100100110100100001001110010000001000
0100100000001100100110100000000100000100100000101
0011011110110011010001000011000000001001011110010
0011011110110011010001000011000000001001011110010
0011011110110011011001000011000000001001011110010
0011011110110011010001000011000000001001011110010
0011011110110011010001000011000000001001011110010
0011011100000000100000111000110010000000000001000
0011011110110011010001000011000000001001011110010
