//
segsites: 32
positions: 0.045680000000000 0.093520000000000 0.121900000000000 0.136940000000000 0.149120000000000 0.213140000000000 0.342940000000000 0.452320000000000 0.462200000000000 0.463080000000000 0.468160000000000 0.472560000000000 0.482440000000000 0.497960000000000 0.500000000000000 0.514080000000000 0.521480000000000 0.646380000000000 0.667880000000000 0.675540000000000 0.698000000000000 0.780940000000000 0.814080000000000 0.844080000000000 0.882260000000000 0.900420000000000 0.921800000000000 0.923100000000000 0.923300000000000 0.924720000000000 0.955800000000000 0.985520000000000
01000111001100000001000011000101
01000101001100000000000011000001
10000101011100000000000011000001
01000101001010100110110000110000
10000100101100011000001010001010
01001101001010000110110100110000
01000101001010100110110000110000
01000101001101000000000011000001
01110101001100000000000011000001
01000101001010000110110100110000
