//
segsites: 40
positions: 0.007320000000000 0.021840000000000 0.065040000000000 0.089880000000000 0.092600000000000 0.115420000000000 0.148980000000000 0.239640000000000 0.244700000000000 0.327260000000000 0.339440000000000 0.361340000000000 0.364320000000000 0.376940000000000 0.398280000000000 0.451660000000000 0.462100000000000 0.472080000000000 0.500000000000000 0.593100000000000 0.609840000000000 0.644820000000000 0.665940000000000 0.686820000000000 0.695520000000000 0.700020000000000 0.706720000000000 0.725460000000000 0.742320000000000 0.750260000000000 0.803920000000000 0.810360000000000 0.852460000000000 0.862620000000000 0.882740000000000 0.885020000000000 0.891340000000000 0.966280000000000 0.979120000000000 0.983860000000000
0001010000000111100100001000000110101000
1010100001000000000100001000000111010111
0100010000000111101010011101000110101000
0001011000010000010100001000110111010111
0100010000000111100000011101000110101000
0000010110101000000101100010001010010111
0100010000000111101010011101000110101000
0010100001000000000100001000000111010111
0100010000000111101010011101000110101000
0100010000000111101010011101000110101000
