//
segsites: 35
positions: 0.016500000000000 0.055360000000000 0.066700000000000 0.101720000000000 0.103300000000000 0.135240000000000 0.149880000000000 0.161700000000000 0.176900000000000 0.192980000000000 0.228300000000000 0.237780000000000 0.265740000000000 0.296420000000000 0.349480000000000 0.384320000000000 0.392660000000000 0.431520000000000 0.462560000000000 0.494220000000000 0.500000000000000 0.508240000000000 0.534940000000000 0.561800000000000 0.650740000000000 0.658000000000000 0.697140000000000 0.719960000000000 0.763860000000000 0.794400000000000 0.808880000000000 0.840120000000000 0.856100000000000 0.887540000000000 0.921720000000000
01000011010000010101111000011100101
00000011010000000001011000001110101
00000011010000000001011000001100101
01000011010000010101111000011100101
00000011010000000001011001001100101
00110100101000001000010110101101010
00000011010000000001011000001100101
01000011010000010101111000011100101
01000011010000010101111000011100101
10001001000111100010000000001100101
