//
segsites: 55
positions: 0.012060000000000 0.020400000000000 0.024840000000000 0.068500000000000 0.083600000000000 0.084120000000000 0.092740000000000 0.174820000000000 0.175080000000000 0.185800000000000 0.210800000000000 0.214480000000000 0.239660000000000 0.242960000000000 0.250260000000000 0.263200000000000 0.303740000000000 0.310000000000000 0.325180000000000 0.361660000000000 0.394720000000000 0.421300000000000 0.434800000000000 0.500000000000000 0.504360000000000 0.507060000000000 0.520160000000000 0.525520000000000 0.580780000000000 0.609900000000000 0.645000000000000 0.677500000000000 0.679100000000000 0.696360000000000 0.705920000000000 0.725320000000000 0.741060000000000 0.750480000000000 0.753920000000000 0.785240000000000 0.789100000000000 0.819160000000000 0.820760000000000 0.836080000000000 0.836100000000000 0.839000000000000 0.851940000000000 0.862200000000000 0.863180000000000 0.870860000000000 0.899700000000000 0.906600000000000 0.939900000000000 0.946660000000000 0.979000000000000
0011001001101110000100000000010000010000111011001000010
0010001010000000011001110000110000010000111011001000010
0000010100000000011000000000101101001111010010001011000
0011001001101110000100000000010000010000110011001000010
0010001010000000011001110000110000010000111011001000010
1100000010010001100010000101000010101111000000110110010
0100100010010001100000000101000010101111000100010110110
0010001010000000011001110000110000010000111011001000010
0000010100000000011000000010101001001111010010001011001
0010001010000000011001111000110000010000111011001000010
