//
segsites: 54
positions: 0.001500000000000 0.039220000000000 0.065640000000000 0.068440000000000 0.090880000000000 0.127040000000000 0.131820000000000 0.134860000000000 0.135360000000000 0.137860000000000 0.143940000000000 0.192540000000000 0.200060000000000 0.210800000000000 0.244580000000000 0.247020000000000 0.254660000000000 0.278000000000000 0.281700000000000 0.304840000000000 0.403980000000000 0.404180000000000 0.416380000000000 0.417520000000000 0.464880000000000 0.486160000000000 0.500000000000000 0.502940000000000 0.503620000000000 0.552400000000000 0.564260000000000 0.566200000000000 0.578020000000000 0.595800000000000 0.597380000000000 0.604560000000000 0.647900000000000 0.675460000000000 0.699580000000000 0.710480000000000 0.731620000000000 0.774180000000000 0.775600000000000 0.789600000000000 0.808260000000000 0.816580000000000 0.861060000000000 0.872880000000000 0.877920000000000 0.923320000000000 0.947400000000000 0.969280000000000 0.987520000000000 0.995320000000000
011010110010011100000100010000010000000000011000001100
001010100110011010000000010000010001000000011000010001
001010100010011010000000001101001000101001000100101100
001010100010001010100000010000010000000000100001010010
010100000000111000010101100010000000000000100000010001
101010100010001010101000010000010000000000010000000000
001010100010011010000000000101001000101001000110101100
001010100010001011100000010000010000000000011000000010
001011001000010000000010000000100110010111000000000000
001010100011011010000000010000010000000000010000101100
