//
segsites: 39
positions: 0.015500000000000 0.026620000000000 0.050620000000000 0.060020000000000 0.070160000000000 0.083440000000000 0.085680000000000 0.094020000000000 0.103420000000000 0.127760000000000 0.149720000000000 0.193240000000000 0.203640000000000 0.210440000000000 0.212880000000000 0.223400000000000 0.272960000000000 0.292880000000000 0.295300000000000 0.296760000000000 0.325580000000000 0.388740000000000 0.435120000000000 0.470860000000000 0.484420000000000 0.500000000000000 0.507900000000000 0.526860000000000 0.652520000000000 0.737440000000000 0.739200000000000 0.740380000000000 0.827820000000000 0.838960000000000 0.839760000000000 0.874200000000000 0.916800000000000 0.977820000000000 0.992280000000000
000010010000000000000000000101000000000
100001000111000100001111010000001001011
000010010000000010110000000000110101111
000010010000000000000000000101000000000
010010000001000001000000101010100011011
100001000111000100001111010000001001011
000010100000000000001111000000110001011
000010101000000001000000001000001001011
010010000001001001000000101010100011011
101100000001110000000000000101000000000
