//
segsites: 57
positions: 0.003320000000000 0.021060000000000 0.025980000000000 0.026000000000000 0.030020000000000 0.043440000000000 0.056800000000000 0.080780000000000 0.083940000000000 0.122860000000000 0.130120000000000 0.141440000000000 0.170800000000000 0.178020000000000 0.190960000000000 0.195360000000000 0.195880000000000 0.200580000000000 0.202240000000000 0.226420000000000 0.260780000000000 0.291040000000000 0.300000000000000 0.307820000000000 0.332700000000000 0.342360000000000 0.352140000000000 0.354480000000000 0.363760000000000 0.397900000000000 0.427400000000000 0.431560000000000 0.475500000000000 0.481000000000000 0.491240000000000 0.500000000000000 0.516180000000000 0.555900000000000 0.580780000000000 0.600140000000000 0.621820000000000 0.642780000000000 0.645500000000000 0.692120000000000 0.700400000000000 0.703160000000000 0.741480000000000 0.752900000000000 0.812720000000000 0.835500000000000 0.858020000000000 0.895040000000000 0.926320000000000 0.935300000000000 0.941500000000000 0.956620000000000 0.996460000000000
000000000000000000001000010000000000100000100100111001110
001011001000100001000010000100000000000000000101000000010
010000100010001101000000001000011000011010010010111001110
000100000000000000001000010000001000000001000101000010001
000100000000010001000000010000000000000000000101000100010
000000010000000011100001000010011001011000000101000000010
000000000000000000001000010000000000000000000101000000010
100000100101001001000000000000000110000100001101000010000
010000000000000000000100100010000000000000000100111001110
000000000000000000010000000001100000000000000101000000010
