//
segsites: 58
positions: 0.019200000000000 0.031880000000000 0.035980000000000 0.045140000000000 0.045620000000000 0.050440000000000 0.068900000000000 0.071840000000000 0.072300000000000 0.090480000000000 0.109540000000000 0.122960000000000 0.190020000000000 0.211400000000000 0.215120000000000 0.222420000000000 0.230220000000000 0.267340000000000 0.289600000000000 0.320480000000000 0.320480000000000 0.350860000000000 0.354040000000000 0.377940000000000 0.421320000000000 0.436080000000000 0.450200000000000 0.476060000000000 0.477160000000000 0.479860000000000 0.492780000000000 0.493260000000000 0.500000000000000 0.516200000000000 0.530420000000000 0.553800000000000 0.621040000000000 0.632440000000000 0.646620000000000 0.648140000000000 0.664780000000000 0.682240000000000 0.689900000000000 0.701060000000000 0.704940000000000 0.715240000000000 0.718440000000000 0.745420000000000 0.787620000000000 0.797660000000000 0.866080000000000 0.877080000000000 0.880200000000000 0.919600000000000 0.927840000000000 0.967480000000000 0.978320000000000 0.996160000000000
0000000101010001000010000000101010100000001000000000100100
0001110010000000000101110000010101010110001110000111000000
0000000001010000011010000000101000100000001000000000100100
1100001000110000000010000001100000100001100111011010000000
0000000001010001000010000000101000100000001000000010011011
0010000000000110100001100110000000001000010000101000100100
0000000001010000011010000000101000100000001000000000100100
0000000001010000011010001000101000100000001000000000100100
0000000101010001000010000000101010100000001000000000100100
0010000000001110100001100110000000000001100111011010000000
