//
segsites: 54
positions: 0.007900000000000 0.046640000000000 0.061740000000000 0.066860000000000 0.069180000000000 0.098560000000000 0.100220000000000 0.109960000000000 0.130480000000000 0.147980000000000 0.154340000000000 0.165660000000000 0.193340000000000 0.249800000000000 0.272100000000000 0.285740000000000 0.292000000000000 0.310400000000000 0.355640000000000 0.367180000000000 0.368940000000000 0.384260000000000 0.400820000000000 0.413840000000000 0.446420000000000 0.451260000000000 0.460060000000000 0.495240000000000 0.500000000000000 0.534680000000000 0.547880000000000 0.573880000000000 0.579740000000000 0.607140000000000 0.614280000000000 0.633860000000000 0.639960000000000 0.651040000000000 0.666260000000000 0.677760000000000 0.681200000000000 0.686280000000000 0.689260000000000 0.701000000000000 0.717600000000000 0.750260000000000 0.792680000000000 0.831120000000000 0.921540000000000 0.929540000000000 0.947960000000000 0.961160000000000 0.972020000000000 0.982340000000000
100000000010000000100001010100010100011001110110001000
000000000010001110100001001001010011000010000001001010
110000100000110110100010010100010100011001110110001000
000000000011000001100100000000101010000010000001001010
001111010110000110110000000100010100100000001001001010
110000001010000000100001001000010010011001110110001000
000000000010000001100100100010101010000010000001011010
110000000010000000101001010000010011100100001010001000
001111010110000000100001010000010011100000001000100101
000000000010001110100000000100010100011001110110001000
