//
segsites: 50
positions: 0.040380000000000 0.059120000000000 0.088240000000000 0.108100000000000 0.139820000000000 0.141540000000000 0.147040000000000 0.167160000000000 0.177560000000000 0.204280000000000 0.223000000000000 0.253960000000000 0.260260000000000 0.270960000000000 0.280800000000000 0.312840000000000 0.316760000000000 0.326920000000000 0.333440000000000 0.358640000000000 0.359820000000000 0.415120000000000 0.434320000000000 0.446220000000000 0.463000000000000 0.480220000000000 0.483060000000000 0.500000000000000 0.518840000000000 0.523460000000000 0.536480000000000 0.546040000000000 0.558300000000000 0.559000000000000 0.581760000000000 0.585780000000000 0.600640000000000 0.632720000000000 0.638740000000000 0.641320000000000 0.669920000000000 0.704020000000000 0.731280000000000 0.760380000000000 0.786320000000000 0.803160000000000 0.823740000000000 0.846180000000000 0.874960000000000 0.998040000000000
01010110011100001001100010000010010001000100111000
00110110010000010000011001000100101000100000000100
00110110010000010000000001010000001000100000000101
01010110010100001000100010000010010001000100111000
10110110010000010000000001001000001000100000000101
00110110010000010000000001010000001000100000000101
00011110110101000100000100000000000110010000000101
01010110010000110000000001100000001000101001000101
00110110010000010000000001010000001000100000000101
00110111000010000010000100000001000000000010000110
