//
segsites: 67
positions: 0.008240000000000 0.029760000000000 0.066260000000000 0.093640000000000 0.095100000000000 0.127120000000000 0.130600000000000 0.139600000000000 0.142020000000000 0.193320000000000 0.206320000000000 0.210780000000000 0.229980000000000 0.232100000000000 0.252760000000000 0.255480000000000 0.304880000000000 0.329740000000000 0.349120000000000 0.351520000000000 0.356060000000000 0.365360000000000 0.382580000000000 0.416160000000000 0.433820000000000 0.490160000000000 0.491060000000000 0.500000000000000 0.506440000000000 0.511660000000000 0.523240000000000 0.554620000000000 0.573120000000000 0.584420000000000 0.584860000000000 0.595540000000000 0.611300000000000 0.613880000000000 0.621640000000000 0.622720000000000 0.642000000000000 0.654360000000000 0.669100000000000 0.687200000000000 0.716720000000000 0.748760000000000 0.754480000000000 0.765860000000000 0.775620000000000 0.778020000000000 0.787180000000000 0.792700000000000 0.797660000000000 0.837380000000000 0.844060000000000 0.846300000000000 0.869280000000000 0.875120000000000 0.887040000000000 0.891240000000000 0.905500000000000 0.925060000000000 0.933500000000000 0.940060000000000 0.962760000000000 0.980320000000000 0.992060000000000
1101010000000101001000000100000000100000010000010000111100010000000
0001010101001000000000001000000100000000101001000000100000000100000
0010101000100000110100010000000000010110000000000000101000011001001
0000000000000010000011100000000001000001010000001100000001100000100
1101010000000101000000000000100000000000000100000001000010000000010
1000010010000101001000000000011010001000000010110010000010000000000
0001010101001000000000001010000100000000010000010000111100010000000
1001010100010101000000000000100000000000000100000001000010000010010
1101010000000101001000000100000000000000010000010000111100010000000
0000000000000010000011100001000000000001010000001100000001100000100
