//
segsites: 48
positions: 0.005500000000000 0.033080000000000 0.036420000000000 0.062280000000000 0.067220000000000 0.077720000000000 0.089680000000000 0.099420000000000 0.104040000000000 0.138420000000000 0.143560000000000 0.152820000000000 0.156520000000000 0.221540000000000 0.223040000000000 0.230900000000000 0.245420000000000 0.249040000000000 0.294560000000000 0.317340000000000 0.321300000000000 0.409940000000000 0.431280000000000 0.432520000000000 0.497320000000000 0.499540000000000 0.500000000000000 0.523200000000000 0.537140000000000 0.556500000000000 0.616620000000000 0.685600000000000 0.693320000000000 0.702540000000000 0.766780000000000 0.768580000000000 0.769480000000000 0.781900000000000 0.794920000000000 0.819440000000000 0.825100000000000 0.861460000000000 0.862600000000000 0.873740000000000 0.901020000000000 0.921120000000000 0.963600000000000 0.985900000000000
001100100010110101000010110000000110010000000110
001100110110110111000010111010111001001011111010
001100100110110101000010110000000100100101010010
100001000001001000111100010100111001001011111011
001100110110110111000010111010111001001011111010
001100110110110111000010111010111001001011111010
011110001010010101000010110001000100100101010010
000001000001001000111101010000111001001011111010
001100100110110101000010110010000100100100000110
001100110110110111000010110010000100100101010010
