//
segsites: 49
positions: 0.019080000000000 0.040320000000000 0.067440000000000 0.068180000000000 0.072600000000000 0.085320000000000 0.099580000000000 0.105040000000000 0.114260000000000 0.120660000000000 0.166880000000000 0.167260000000000 0.173300000000000 0.175880000000000 0.207000000000000 0.212760000000000 0.218220000000000 0.220660000000000 0.227640000000000 0.250800000000000 0.264840000000000 0.273980000000000 0.288300000000000 0.308960000000000 0.322160000000000 0.325820000000000 0.352120000000000 0.363420000000000 0.370900000000000 0.402200000000000 0.406540000000000 0.445780000000000 0.469740000000000 0.483580000000000 0.486980000000000 0.491880000000000 0.500000000000000 0.578580000000000 0.599400000000000 0.600800000000000 0.608280000000000 0.631380000000000 0.631680000000000 0.665680000000000 0.667540000000000 0.704500000000000 0.778780000000000 0.943840000000000 0.955720000000000
1100000100101111110110000100100000000110101001001
0010000101000000101100000011001010000001000100110
0000000101000000101100000011001010000001000100101
0000001100001111110110001100100000000001000100100
0001110110010000100101110000010101010110101001001
0000001100001111110110001100100000001110101001000
0000000101000000101100000011001010000001000110100
0000001100001111110110001100100000001110101001000
0000000101000000101100000011001010000001010100100
0000001100001111110110001100100000101110101001000
