//
segsites: 35
positions: 0.036900000000000 0.074980000000000 0.120220000000000 0.128060000000000 0.173120000000000 0.177240000000000 0.192020000000000 0.212300000000000 0.214320000000000 0.249740000000000 0.351960000000000 0.448640000000000 0.500000000000000 0.502700000000000 0.513100000000000 0.537100000000000 0.590700000000000 0.612000000000000 0.654840000000000 0.667100000000000 0.706520000000000 0.742780000000000 0.758880000000000 0.767540000000000 0.784820000000000 0.803000000000000 0.815540000000000 0.825600000000000 0.831680000000000 0.853400000000000 0.918880000000000 0.920800000000000 0.941900000000000 0.972760000000000 0.997460000000000
00000110001110110011101000010110100
01010011110100111000000100001000000
00000110001100111000000100101000101
11011011110101111100010011010000000
00000110001100110011101000010111100
11010011110100111100010001010000011
11010011110100111000000100001010000
00100110001110110011101000010110100
11010011110100111100000100010000000
00000110001110110011101000010110100
