//
segsites: 55
positions: 0.033580000000000 0.064040000000000 0.090260000000000 0.095600000000000 0.115180000000000 0.138100000000000 0.179480000000000 0.184080000000000 0.190980000000000 0.191920000000000 0.192120000000000 0.207700000000000 0.216520000000000 0.220280000000000 0.235820000000000 0.314460000000000 0.319340000000000 0.340340000000000 0.342100000000000 0.342800000000000 0.350340000000000 0.354100000000000 0.357700000000000 0.376580000000000 0.431140000000000 0.463400000000000 0.498060000000000 0.500000000000000 0.501580000000000 0.572220000000000 0.609580000000000 0.618300000000000 0.619320000000000 0.627820000000000 0.635780000000000 0.647420000000000 0.667300000000000 0.671240000000000 0.684240000000000 0.688220000000000 0.690920000000000 0.696080000000000 0.721820000000000 0.731800000000000 0.734860000000000 0.735080000000000 0.761840000000000 0.769480000000000 0.798740000000000 0.820880000000000 0.837140000000000 0.885220000000000 0.932600000000000 0.948820000000000 0.994900000000000
0001000010100010000000000000000010110101100100001001010
0001000010101010000010000000000100000001000001110011000
0101001000000001001000100000000010010101100100001000001
1001000010100010000000000001000010101001000001110001000
0101001000000001001001000000000010110101110100001001010
0001000010100010000000000000000010110101100100001001010
0000000100000000010100010110100000010001000010000001010
1001000010100010000000000001000010101001000001110001000
0010110001010100100000001000011001001010001000000100100
1001000010100010000000000001000010101001000001110001000
