//
segsites: 43
positions: 0.019540000000000 0.073220000000000 0.097780000000000 0.101420000000000 0.141720000000000 0.263520000000000 0.278540000000000 0.279440000000000 0.323540000000000 0.346200000000000 0.356460000000000 0.370500000000000 0.406260000000000 0.407220000000000 0.450380000000000 0.451580000000000 0.470980000000000 0.473820000000000 0.493120000000000 0.494100000000000 0.500000000000000 0.549760000000000 0.553500000000000 0.587760000000000 0.591080000000000 0.593420000000000 0.603060000000000 0.683240000000000 0.754900000000000 0.781320000000000 0.784160000000000 0.825260000000000 0.826280000000000 0.841500000000000 0.843340000000000 0.864780000000000 0.868860000000000 0.879720000000000 0.886760000000000 0.903760000000000 0.937540000000000 0.958700000000000 0.959820000000000
0000111110100010100001000010001001110000000
0010111110110101010010000100100010001011001
0010111110110101010010000100100010001011001
0000111110100010100000000010000100000100000
0010111110110101010010000100100010001011001
0000111111100010000000011010010000000000110
0010111110110101010010000100100010001011001
0000111110100010101000100010000100000100000
0010111110110101010010000100100010001011001
1101000000001000100100000011000100000100000
