//
segsites: 109
positions: 0.013080000000000 0.040700000000000 0.064240000000000 0.065220000000000 0.070340000000000 0.076100000000000 0.081540000000000 0.081840000000000 0.094360000000000 0.137300000000000 0.138360000000000 0.138900000000000 0.143700000000000 0.144420000000000 0.145400000000000 0.147520000000000 0.154520000000000 0.159300000000000 0.163280000000000 0.173500000000000 0.180220000000000 0.195880000000000 0.203120000000000 0.227140000000000 0.249000000000000 0.250980000000000 0.274320000000000 0.297360000000000 0.304320000000000 0.344680000000000 0.350320000000000 0.363700000000000 0.365620000000000 0.382620000000000 0.389660000000000 0.399540000000000 0.418140000000000 0.434380000000000 0.438000000000000 0.438400000000000 0.438520000000000 0.440180000000000 0.457180000000000 0.459260000000000 0.460800000000000 0.471880000000000 0.479480000000000 0.486440000000000 0.497620000000000 0.499180000000000 0.505180000000000 0.523500000000000 0.524920000000000 0.533820000000000 0.534140000000000 0.544720000000000 0.550260000000000 0.550500000000000 0.569600000000000 0.578740000000000 0.589600000000000 0.593820000000000 0.626780000000000 0.628120000000000 0.631760000000000 0.665000000000000 0.671960000000000 0.681600000000000 0.701820000000000 0.703640000000000 0.717980000000000 0.725900000000000 0.726580000000000 0.727820000000000 0.737080000000000 0.758020000000000 0.758360000000000 0.760220000000000 0.768680000000000 0.768700000000000 0.775800000000000 0.792300000000000 0.796080000000000 0.799720000000000 0.801500000000000 0.804680000000000 0.804720000000000 0.807600000000000 0.807920000000000 0.820800000000000 0.825600000000000 0.837840000000000 0.845000000000000 0.854220000000000 0.855880000000000 0.861540000000000 0.867720000000000 0.887740000000000 0.902800000000000 0.904440000000000 0.915620000000000 0.925280000000000 0.933080000000000 0.933420000000000 0.940900000000000 0.945120000000000 0.961540000000000 0.982780000000000 0.999760000000000
1000000000100100000000001100100000000000100100000000000001000100000000000000100000000010000100100000101101000
1000000100100000000010000100000000000000100001000000000000000100000000000000100100000010000100100000101101000
0000100000100000000000000000001010000000010000000000001000000001000010011000000010010100000000000000100000000
0100011001001000000000000000000000010000000000000010010100000100000000000000100000000010000100100000101101000
0000000001001000000000100000000000010000001000001000100110000000000001000000001000010100000000000000100000000
1000000100100000000000000100010000000000100010000000001000000000000001100000010000000010001101000000100100000
0000000000100000000000000000000000000000000000000000001000000000100101000000000000000010000100000000110100000
1000000000000011000001000100010000000000100000000000000000000100000000000000100000000010000100100000101101000
1000000000100000000000000110000000000000000000000000001000000000100101000000000000000010000100000000110100000
0000000000000001000001000100010000000100100000000000001000000000000001100000010000000010001101000000100100000
0100011001001000000000000000000000010010000000000000100100000010100101000000000000000010000100100000100000000
0000000000100000000000000000000000000000100001000000000000010100000001000000000000000010000100000000100100000
0000011001001000000000100000000000010000000000001000100110000000000001000000001000010100000000000000100000000
0000011001001000000000100000000000010000000000001000100110000000000001000000001000010100000000000100100000000
1000000100100000000010000100001000000000000000000000001000000000001001000000000000001010000000000010100000100
0000000000000001101000000101000000000000000000000000001000000000001001000000000000001010000000010010100000101
0000011001001000000000010000000000110010000000000000100100000000100101000000000000000010000100000000100100000
0000000000100000000000000000001010000000000000000000001000000000110101000000000000000010100100100000100100000
1000000100100000000010000100001000000000000000000010010100000100000000000000100000000010000100100000101101000
1000000000100000000000000000001010000000000000000000001000000001000010011000000010010100000000000000100000101
1000000100100000000000000100001010000000010000000000001000000001000010011000000010010100000000001000100000000
0000000000000001000001000100010000000000100000000000001000100000000101000001000001000010000100000001100100000
1000000000000011000001000100010000000000100000000000000000000100000000000000100000000010000100100000101101000
0000000000100000000000000000000000000000000000000000001000000000100101000000000000000010010100000000110100000
1000000010100000000000000100000000000000100000000000000000000110100101000000000000000010000100000000100100000
0000000000000011000001000100010000000000100000000000001000000000000001100000010000000010001101000000101101000
1000000000110000000000000100000000000000100000000100000000000100000000000000000000000010000110000000100100000
0000000000000001000001000100010000000000100000000000001000000000000001100000010000000010001101000000100100000
0000000000100000000000000000000000000001000000000000001000000000100101000000000000000010000100000000110100000
0001000000000001000001000100010000000000100000000000001000000000000001100000010000000010001101000000100100000
1000000000100000000000000100000000000000100001000000000000000100000001000000000000000010000100000000100100000
0000000000000001000001000100010000000000100000010000001000000000000001100000010000000010001101000000100100000
0000000000100000000000000000000000000000000000000000001000000000100101000000000000000010000100000000100100000
0100011001001000010000000000000000010010000000100000100100000000100101000000000000000010000100000000100110000
0000000000000001000001000100010000000000100000000000001000000000000001100010010000000010001101000000100100000
0110011001001000000100000000000101001000000000000001000100001000000001000000000000000011000100000000100000001
0000000000100000000000000000001010000000010000000000001000000001000010011000000010010100000000000000100000000
1000000100100000000010000100001000000000000000000010010100000100000000000100000000001010000000000000100000101
0000000000000011000001000100010000000000100000000000001000000000000001100000010000100010001101000000101101000
1000000000100000000000000100000000000000100000000000100100000000100101000000000000000010000100000000100110010
