//
segsites: 87
positions: 0.008460000000000 0.017380000000000 0.020360000000000 0.035240000000000 0.041200000000000 0.049760000000000 0.070280000000000 0.085540000000000 0.094660000000000 0.109040000000000 0.120640000000000 0.120680000000000 0.123640000000000 0.126760000000000 0.136660000000000 0.142880000000000 0.154640000000000 0.154840000000000 0.162560000000000 0.170780000000000 0.194780000000000 0.239920000000000 0.247400000000000 0.253180000000000 0.257840000000000 0.263900000000000 0.286820000000000 0.288020000000000 0.308580000000000 0.318240000000000 0.344240000000000 0.382440000000000 0.386600000000000 0.388940000000000 0.407320000000000 0.409700000000000 0.435480000000000 0.453360000000000 0.483180000000000 0.493960000000000 0.500420000000000 0.501040000000000 0.510340000000000 0.516140000000000 0.518380000000000 0.521400000000000 0.526480000000000 0.532840000000000 0.542020000000000 0.566220000000000 0.582440000000000 0.607720000000000 0.621040000000000 0.622780000000000 0.626100000000000 0.637240000000000 0.640160000000000 0.641000000000000 0.671200000000000 0.680900000000000 0.732700000000000 0.757420000000000 0.762360000000000 0.763160000000000 0.816020000000000 0.825880000000000 0.841300000000000 0.843600000000000 0.843760000000000 0.854320000000000 0.856680000000000 0.860080000000000 0.861620000000000 0.871320000000000 0.880180000000000 0.883880000000000 0.886620000000000 0.896100000000000 0.903800000000000 0.911840000000000 0.925800000000000 0.930440000000000 0.930480000000000 0.939460000000000 0.942620000000000 0.945600000000000 0.959240000000000
000000010001010000011000010000010000000000000010000000000000001100000010000000000101110
000000010001000000001000010000010000000000000010000000000000001100000010000000000000000
100000010100100000100100000000101111000000001001001001010100000010101100000001001101110
100000010100100000100100000000101111000000001001001001010100000010001100000001001101110
100000010100100000100100000000101111000000001001001001010100000010001100000001001101110
000000010001000000001000010000010000000000000010100000000000001100000010000000000000000
000000010001010000011000010000010000000000000010000000000000001100000010000000000000000
100000010100100000100100000000101111000000001001001001010100000010001100000001001101110
100000010100100000100100000000110000000000000010000000000000001100000010000000000000000
100000010110100000100100000010101111000000001001001001010100000010001100000001001101110
100000010100100000100100000000101111000000001001001001010100000010001100000001001101110
100000010100100000100100100000101111000000001001001001010100000010000100000001000101110
000000010100000000100100000000101111000000001010000000000000001100000010000000000010000
110000010100100000100100100000101111000000001001001001010100000010000100000001000101110
100000010100100000100100000000101111000000001001001001010100000010001100000001001101110
110010010100101000100100000000101111000000001001001001010100010010000100000001000101110
000000010001000000001000010000010000000000000010100000000000001110000100000001000101110
100000010100100000100100000000101111000000001001001001010100000010001100000001001101110
000000010100000000100100000000101111000000001010000000000000001100000011000000000000000
100000010100100000100100000000101111000000001001001001010100001100000100000001000101110
000100011100000010000101000000000011000000000000010011010100000000000000011100110100010
000000010100000100100100000000101111000000001010000000000000001100000010000000000000000
100000010100100000100000011000010000000000000010000000000000001100000010000000000000000
000000110100000000000100010000010000000000000010001011010100000100000000000000000000010
100000010100100000100100000000101111000000001001001001010100000010000100000001000101110
000000010001000000001000010000010000000000000010100000000000001100000010000000000000001
110000010100101000100100000000101111000000001001001001010100010010000100000001000101110
000000010001000000001010010000010000000000000010000000000000001100000010000000000000000
000000010001000001001000010000010000000000010010000000000000001100000010000000000000000
100000010100100000100100100000101111001000001001001001010100000010000100000001000101100
000000010001000000001000010000010000000000000010000000000000001100000010000000000000000
000001000000000000000101000001000011000010000000000001101011100001000000000010000000000
000000010100000000000101000000000011110100001000001011000000001100000010100000000000000
111100011100000000000101010000010000000000000010000000000000001100000010000000000000000
100000010100100000100100000000101111000000001001001001010100000010001100000001001101110
110000010100100000100100000000101111000001101001001001010100000010000100000001000101110
000000010001000001001000010000010000000000010110000100000000001100000010000000000000000
110000010100100000101000010000010011000000001001001001010100000010000100000001000101110
000000010001000001001000010000010000000000010010000000000000001100000010000000000000000
110000010100100000100100000100101111000000001001001001010100000010010100000001000101110
