//
segsites: 76
positions: 0.000640000000000 0.018080000000000 0.018820000000000 0.025620000000000 0.039840000000000 0.057500000000000 0.085680000000000 0.090260000000000 0.091420000000000 0.093240000000000 0.100060000000000 0.149300000000000 0.163160000000000 0.164620000000000 0.198180000000000 0.208640000000000 0.215620000000000 0.241340000000000 0.260120000000000 0.294720000000000 0.297140000000000 0.300420000000000 0.306860000000000 0.311440000000000 0.321400000000000 0.330120000000000 0.334820000000000 0.360640000000000 0.365740000000000 0.371540000000000 0.372960000000000 0.394200000000000 0.432740000000000 0.434060000000000 0.444780000000000 0.468640000000000 0.470080000000000 0.480000000000000 0.488960000000000 0.496760000000000 0.509760000000000 0.515260000000000 0.515760000000000 0.542700000000000 0.543680000000000 0.550380000000000 0.556360000000000 0.561800000000000 0.572840000000000 0.586760000000000 0.602000000000000 0.604320000000000 0.623940000000000 0.674080000000000 0.676760000000000 0.693840000000000 0.698620000000000 0.728860000000000 0.735260000000000 0.739080000000000 0.788240000000000 0.811500000000000 0.825920000000000 0.828740000000000 0.870260000000000 0.893680000000000 0.895540000000000 0.916700000000000 0.923980000000000 0.926800000000000 0.951640000000000 0.962460000000000 0.967160000000000 0.971900000000000 0.985060000000000 0.996960000000000
1000010000001000000100010000100001000000000000001000000000000000000000000000
1000010000000100000000101001000000000001100000001000001100000000011001000000
0010011100100000000011000010000010100100000001100010100000100100000000100000
1100010000000000000000101001000000000001100000001000001100000000001001000000
0010011100100000000011000010000010100000000001000010100000100100000000100000
1000010000000000000000101001000000000001100000001000001100000000001001000000
0010010000010000000100010000000001000000000000001000000011000100000100100000
1000010000000000000000101001000000000001100000001000001100000000001001000000
0010011100100000000011000010001010100000000001000010100000100010000000000011
0000010000001000000000000100000000010000011000000000000000011000000000010010
0010011100100000000010000010000010100000000100000101011000001000000000000010
0000010000001000000000000100000000010000011000000000011000001000000000000010
0001010000010000001010000000000100001000001000010000000001000100000100100000
0010011100100000000010000010000010100000000100000101011000001000000000000010
1000010000000000000000101001000000000001100000001000001100000000001001000000
1000010000001000000100010000100001000000000010001000000000000000000000100000
1000010000001000000100010000100001000000000010001000000000000000000000100000
0010011100100000000100010000000001000000000000001000000000000000000000000000
0010011100100000000011000010000010100000000001000010100000100010000000000011
1100010000000000000011000010000010100000000001000010100000100010000000001111
1000010000000000000000101001000000000001100000001000001100000000001001000000
0001110000010000001010000000000100001000001000010000000001000100000100100000
0001010000010000001010000000000100001010001000010000000001000100000100100000
0010011100100000000011000010010010100000000000000010000000100010000000000011
0001010001010001000100010000000001000000000000001000000000000000100000000010
1000010010000000000010000010000010100000000100000101011000001000000000000010
0010011100100000000100010000000001000000000000001000000000000000000000000000
0001110000010000001010000000000100001000001000010000000001000100000100100000
1000010000001000000100010000100001000000000010001000000000000000000000100000
0010011100100000000010000010000010100000000100000101011000001000000010000010
1000010010000000000010000010000010100000000100000101011000001000000000000010
1100010000001000000100010000000001000000000000001000000000000001000000000000
0000010000000000110000101001000000000001100000001000001100000000001001000000
0010011100100000000011000010000010100000000001000010100000100100000000100000
0010011100100010000010000010000010100000000100000101011000001000000000000010
0010011100100000000011000010000010100000000001000010100000100100000000100000
1000010000001000000100010000000001000000000000001000000000000000000000000000
0010011100100000000010000010000010100000000100000101011000001000000000000010
0000010000001000000000000100000000010000011000000000000000001000000000010010
0010011100100000000010000010000010100000000100000101011000001000000000000010
