//
segsites: 99
positions: 0.011140000000000 0.015240000000000 0.045420000000000 0.058380000000000 0.085680000000000 0.085760000000000 0.089340000000000 0.089840000000000 0.101000000000000 0.114400000000000 0.114420000000000 0.116940000000000 0.121320000000000 0.123920000000000 0.127680000000000 0.127780000000000 0.134220000000000 0.134440000000000 0.143440000000000 0.144480000000000 0.165160000000000 0.178080000000000 0.197560000000000 0.224540000000000 0.233340000000000 0.245580000000000 0.254660000000000 0.260760000000000 0.268800000000000 0.293200000000000 0.307000000000000 0.318760000000000 0.323560000000000 0.324240000000000 0.325160000000000 0.330140000000000 0.331060000000000 0.344340000000000 0.345500000000000 0.378240000000000 0.397880000000000 0.439420000000000 0.448120000000000 0.451920000000000 0.462060000000000 0.465140000000000 0.476400000000000 0.479720000000000 0.480020000000000 0.493920000000000 0.495200000000000 0.499700000000000 0.511020000000000 0.532680000000000 0.565460000000000 0.566240000000000 0.568200000000000 0.569320000000000 0.570800000000000 0.588080000000000 0.596200000000000 0.597940000000000 0.602820000000000 0.606780000000000 0.649020000000000 0.667360000000000 0.672560000000000 0.673340000000000 0.691040000000000 0.696900000000000 0.726760000000000 0.741040000000000 0.744340000000000 0.747280000000000 0.777420000000000 0.779880000000000 0.780800000000000 0.784100000000000 0.808140000000000 0.811620000000000 0.812640000000000 0.819420000000000 0.821120000000000 0.841940000000000 0.847560000000000 0.850000000000000 0.853100000000000 0.857120000000000 0.875820000000000 0.892840000000000 0.909580000000000 0.917080000000000 0.920180000000000 0.930380000000000 0.940740000000000 0.943780000000000 0.954480000000000 0.956740000000000 0.993820000000000
010000010011011100011000000000010001010100100001000000000000010011000100001000000000000000000010000
001001000000000001000000000000000000000100010000010100010000000010000000001000000000000000000100000
001001000000000001000111000101000100000100100001010000000010100010000001101010000000000000000000000
010000000011011100011000000000110001010011010000000000000000001000000000000000001000000000010000000
010000000011011100011000010000110001010011010000000000000000001000000000000001000001100000000000000
001001000000000011000000001000000000000100010110001000001000000100000010000000000000000000000000001
000000100000000000000000001000000000000100010000100000000000000000101000000000000001100000000000000
001001000000000011000000001001000100000100100001000000000000010011000000001000000000000000010000000
010000000011111100011000000000010001010011010000000000000000001000000000000000001000000000010000000
010000000000000001000000000001000100100100101001000000100000010011000000001000000010000000000001000
001001000011011100011000000000110001010011010000000000000000001000000000000000001000000000010000000
010000000011011100011000000000110001010011010000000000000000001000000000000001000001100000000000000
000000100000000000100111000101000100000100100001000000000000010011000000001000000000010100000000000
001001000000000011000000001000000000000100010100100010000000000000101000000000000100000001000000000
010000000100000001000000000001000100000100100001010000000010100010000000101010000000000000000000000
001001000000000001000111000101000100000100100001010000000010100010000000101010000000000010000000000
000000100000000000000000001000000010000100010000100000000000000000100000000000001000000000010000100
010000010011011100011000000000010001010100100001000000000000010011000100001000000000000000000000010
000100101000000000000000001000000000000100010000100000000100000000100000000000001000000000010000000
010000000100000001000000000001000100000100100001000000000000000000100000001000000000000000100100000
100000100000000000000000001000000000000100010000100000000000000000101000000000000001100000000000000
000000100000000000100111000101000100000100100001000000000000010011000000001000000000010100000000000
001001000000000001000111000101000100000100100001000000000000010011010000001000000000000000000000000
010000000011011100011000000000110001010011010000000000000000001000000000000000001000001000010000000
010000000011011100011000000000010001010011010000000000000001010011000000001000000000000000000000000
000000000000000001000000000000000000000100010000010100010000000010000000001000000000000000000100000
010000000011011100011000000000010001010011010000000000000000001000000000000000001000000000010000000
010000000100000001000000000001000100000100100001000000000000000000101000000000110000000000001000000
010000000000000001000000100101000100000100100001000000000000010011000000001100000000000000000000000
010000000011011100011000000000110001010011010000000000000000001000000000000000001000000000010000000
010010000011001100011000000000010001010011010000000000000000001000000000000000001000000000010000000
000000100000000000000000001000000000000100010000000000000000001000000000000000001000000000010000000
001001000000000011000000001010001000000100010100100010000000000000101000000000000000000001000000000
010000000011011100011000000000010001010100100001000000000000010011000100001000000000000000000000000
000000000000000001000000000000000000000100100001000000000000010011000000001000001000000000010000000
000000000000000001000000000000000000001100010000010100010000000010000000001000000000000000000100000
010000000000000001000000000101000100000100100001000000000000010011000000001000000000000000000000000
000000100000000000000000001000010001010011010000000000000000001000000000000000001000000000010000000
001001000000000001000111000101000100000100100001010000000010100010000000111000000000000000000000000
001001000000000011000000001000000000000100010100100001000000000000101000000000110000000000000000000
