//
segsites: 96
positions: 0.001880000000000 0.018520000000000 0.020760000000000 0.021140000000000 0.030980000000000 0.043340000000000 0.056600000000000 0.076760000000000 0.088840000000000 0.099380000000000 0.103260000000000 0.109700000000000 0.143360000000000 0.188340000000000 0.204180000000000 0.229640000000000 0.245540000000000 0.262300000000000 0.267180000000000 0.268200000000000 0.282340000000000 0.290820000000000 0.299460000000000 0.305180000000000 0.306560000000000 0.315740000000000 0.341440000000000 0.349160000000000 0.352000000000000 0.358500000000000 0.377140000000000 0.379460000000000 0.379780000000000 0.380160000000000 0.398440000000000 0.400120000000000 0.406600000000000 0.445180000000000 0.452040000000000 0.458360000000000 0.468780000000000 0.479940000000000 0.489640000000000 0.493980000000000 0.499400000000000 0.500180000000000 0.511760000000000 0.520200000000000 0.536540000000000 0.538680000000000 0.540260000000000 0.554880000000000 0.558240000000000 0.561220000000000 0.561220000000000 0.561840000000000 0.591540000000000 0.593280000000000 0.601060000000000 0.614180000000000 0.642720000000000 0.645920000000000 0.659140000000000 0.666000000000000 0.674820000000000 0.686380000000000 0.697300000000000 0.698600000000000 0.732540000000000 0.734020000000000 0.735500000000000 0.739700000000000 0.744260000000000 0.763400000000000 0.764400000000000 0.777420000000000 0.792080000000000 0.798940000000000 0.811640000000000 0.814880000000000 0.816760000000000 0.819600000000000 0.835460000000000 0.836360000000000 0.850100000000000 0.859340000000000 0.865540000000000 0.888800000000000 0.912520000000000 0.920960000000000 0.946820000000000 0.951800000000000 0.961580000000000 0.967180000000000 0.967840000000000 0.999340000000000
110100000010001000000100000000000000101000010110010011001000010000001000000000000000000100000000
000000001100000010000000100000000000000000000000001000100000100000101010000110000000100100000000
010100000010000000000000010010000000000000000001000001010000000000000001010000000000001001000000
110101010010000000001000010001000001001000010110010011001000010000001000000000000000000100000000
010100000010000000000100000000000000000000000000100000000000010100010000000000000000000100000000
110100010010000000001000010001000001001000010110010011001000010000001000000000000000000100000000
000000100000000100000000000000000000010001001000000000000000010100001100000000000000011010001000
000000100000000101010000000000100100000100100000000000000100010000001000000000000000000100000000
110100010010000000000100000000001000000000000000100000000000010100000000000000000000000100000000
010100000010000000000000010010000000000000000001000001010000100010101010000100010110000100000000
110100010010000000000100000000000000000000000000100000000000010100000000000000000000000100000000
110100010010000000001000010001000001001000010110010011001000010000001000000000000000000100000000
110100000010000000000100000000010000101000010110010011001000010000001000000000000000000100000010
110100010010000000000100000000000000000010000000100000000000010100000000000000000000000100000000
110100010010000000001000010001000001001000010110010011001000010000001000000000000000000100000000
010100000010000000000000010010000000000000000001000001010000000000000001010000000001001000000000
010100000010000000000000010010000000000000000001000001010000001000000001010000100000001000010100
010110000010000000000100000000000000000000000000100000000000010100000000000000000000000100000000
110100000010000000000100000000000000000000000000100000000000010100000000001000001000000100000000
010100000010000000000100000000000000000000000000100000000000010100001000000000000000000100000000
010100000010000000000001010001000000000000000001000001010000000000000001010000000000001001000000
110100010010000000000100000000000000000000000000100000000000010100000000000000000000000100000000
110100010010010100100010000000000000000000000000000000000000010100000000001000000000000100010100
110100010010000000000100000000001000000000000000100000000000010100000000000000000000000100000000
110100010011000000001000010001000001001000010110010011001000010000001000000000000000000100000000
010100000010000000000001010001000000000000000001000001010000000000000001010000000000001001000000
010110000010000000000000010010000000000000000001000001010000001000000001010000100000001000010100
010100000010000000000000010010000000000000000001000001010010000000000001010000000000001000000000
010100000010000000000000010010000000000000000001000101010000000000000001010000000000001001100000
110100010010000000000100000000000000000000000000100000000001010100000000000000000000000100000000
110100010010000000000100000000000000000000000000100000000000010101000000001001000000000100000001
110100010010000000001000010001000001001000010110010011001000010000001000000000000000000100000000
010110000010000000000000010010000000000000000001000001010000001000000001010000100000001000010100
110100010010000000000100000000000000000000000000100000000000010100000000000000000000000100000000
110100010010000000000000011010000000000000000001000001010000001000000001010000100000001000010100
110100000010000000000100000000000000000000000000100000000000010101000000101000000000000100000000
110100010011000000001000010001000011001000010110010011001000010000001000000000000000000100000000
110101010010000000001000010101000001001000010110010011001000010000001010000100010100000100000000
110100010011100000001000010001000001001000010110010011001000010000001000000000000000000100000000
011100000010000000000000010010000000000000000001000001010000001000000001010000000000000100000000
