//
segsites: 101
positions: 0.006720000000000 0.010480000000000 0.027420000000000 0.028980000000000 0.035620000000000 0.060640000000000 0.079340000000000 0.096560000000000 0.112260000000000 0.115560000000000 0.121560000000000 0.124640000000000 0.128680000000000 0.156060000000000 0.165000000000000 0.169320000000000 0.225200000000000 0.238360000000000 0.256600000000000 0.260240000000000 0.275520000000000 0.279180000000000 0.286220000000000 0.296320000000000 0.313360000000000 0.317320000000000 0.317740000000000 0.346000000000000 0.349000000000000 0.349940000000000 0.373220000000000 0.374920000000000 0.391620000000000 0.395220000000000 0.406800000000000 0.440520000000000 0.447620000000000 0.448700000000000 0.449680000000000 0.456020000000000 0.461920000000000 0.468580000000000 0.475600000000000 0.493680000000000 0.497800000000000 0.501620000000000 0.506000000000000 0.510040000000000 0.519020000000000 0.537800000000000 0.540740000000000 0.583620000000000 0.592300000000000 0.597420000000000 0.616780000000000 0.616800000000000 0.632460000000000 0.636560000000000 0.652220000000000 0.654900000000000 0.655380000000000 0.664020000000000 0.664160000000000 0.664880000000000 0.673400000000000 0.677580000000000 0.689480000000000 0.699000000000000 0.702720000000000 0.703360000000000 0.705400000000000 0.711520000000000 0.713600000000000 0.717300000000000 0.720880000000000 0.734500000000000 0.747240000000000 0.759180000000000 0.767280000000000 0.773820000000000 0.775520000000000 0.776520000000000 0.784520000000000 0.813500000000000 0.822100000000000 0.837300000000000 0.842820000000000 0.868780000000000 0.881500000000000 0.884900000000000 0.887200000000000 0.899060000000000 0.905800000000000 0.908180000000000 0.908840000000000 0.921080000000000 0.922740000000000 0.927960000000000 0.963200000000000 0.979840000000000 0.987280000000000
00000000001001001010000000000000000001100001100011010000000000000000000110000011010110000000000010000
00000000001001001110010100000000100000000100000000000000000100100100001000000100000000000100000000100
00011001010000001010000000001000000110000000000100000001000000000000000000000000100001000000000100000
00000000001001001110010100000000100000000100000000000000000100000000000011001000000000000000000000100
01000000001001001110010100000000100000000100000000000000000100000000000011001000000000000000000000011
10000100110001001010000000000000000001100100000000000000000100000000000011001000000000000000000000011
00000000001001001110010100010000100000000100000000000000000100000000001000000100000000000100000000000
00000000001001001110010100000000100000000100001000000000000100001000000011001000000000000000000000100
00000000001001001010000000000000000001100001100011010000000000000000000110000011010110000000000010000
00000000001001001110010100000000100000000100000000000000000100000000000011001000000000000000000000011
00000000010100000010101000100001100000000100000000000000000100001000000011001000000000000000000000011
00000000001001001110010100000000100000000100000000000000000100000000000011001000000000000000000000100
00000000001001101010000000000000000001100001100011010000000000000000000110000011010110000000000010000
00000000001001001110010100000000100000000100000000000000000100001000000011001000000000000000000000011
10000100110000010010000000000010001000010000100000100000000100000000000011001000000000000000000000011
10000100110000010010000000000010001000010000100000100000000100000000000011001000000000000000000000011
00011001010000001010000000001000000110000000000100000001000000000000000000000000100001000000000100000
00000000001001001010000001000000010000001100000000000000001100000000001000000100000000000100000000000
00000000001001001110010100000000100000000100000000000000000100001000000011001000000000000000000000011
00000000001001001111010100000000100000000100000000000000000100000000100011001000000000010000000000011
00000000001001001110010100000000100000000110000000000000000100000000000011001000000000000000000000011
10000100110001001010000000000000000001100100000000000000000100000000000011001000000000000000000000011
00000000001001001110010100000000100000000100000000000000000100000000000011001000000000000000000000011
10000100110000010010000000000000100000000100000000000000000100000000000011001000000000000000000000011
10000100110000010010000000000010001000010001100011010100000000000000000110000011010110000001000010000
00000000001001001110010100000000100000000100000000000000000100001000000011001000000000000000000000011
10000100110000010010000000000110001000010000100000111010000000000000010000000000000000101010100001000
00100000001001001110010100000000100000000100000000000000000100001000000011001000000000000000000000011
00000000001001001110010100000010000000000000100000000000010001000000001000000000001000000000000000000
00000000001001001110010100000000100000000100000000000000000100001000000011001000000000000000000000011
00000000001001101010000000000000000001100001100011010000000010000000000110000011010110000000000010000
00000010001001001110010100000000010000000101110011010000000000000000000110000011010110000000000000011
00000000001001001110010100000010000000000000100000000000010001000000001000000000001000000000010000000
00010001010000001010000000000000010000000100000000000000010001000000001000000000001000000000000000011
00000000001001001110010100000010000000000000100000000000010001000000001000000000001000000000000000000
00000000001001001110010100000000100000000100000000000000000100100000001000000100000000000100001000100
00000000001001001110010100000000100000000100000000000000000100000000000011001000000000000000000000011
00000000001001001010000000000000000001000001100011010000000100001000000011001000000000000000000000011
00010001010000001010000010000000000000000100000000000000100000010011000010110000000000000100000000000
00000000001011001010000000000000000001100001100011010000000000000000000110000011010110000000000010000
