//
segsites: 111
positions: 0.007040000000000 0.008500000000000 0.018160000000000 0.034580000000000 0.035620000000000 0.037520000000000 0.040000000000000 0.047600000000000 0.052400000000000 0.058140000000000 0.060740000000000 0.065820000000000 0.072040000000000 0.082640000000000 0.087920000000000 0.097720000000000 0.099860000000000 0.105860000000000 0.111420000000000 0.113120000000000 0.139720000000000 0.150240000000000 0.153700000000000 0.193060000000000 0.194560000000000 0.194560000000000 0.199440000000000 0.206260000000000 0.207560000000000 0.209000000000000 0.222980000000000 0.231780000000000 0.232540000000000 0.241320000000000 0.257460000000000 0.309780000000000 0.326460000000000 0.342400000000000 0.351280000000000 0.380740000000000 0.408520000000000 0.409720000000000 0.412260000000000 0.416400000000000 0.441500000000000 0.453320000000000 0.466920000000000 0.467160000000000 0.468600000000000 0.484800000000000 0.488480000000000 0.490740000000000 0.511880000000000 0.512180000000000 0.523120000000000 0.523600000000000 0.526240000000000 0.532180000000000 0.533820000000000 0.536740000000000 0.549540000000000 0.552000000000000 0.563700000000000 0.565600000000000 0.575340000000000 0.582540000000000 0.603160000000000 0.617480000000000 0.621980000000000 0.628920000000000 0.639240000000000 0.643120000000000 0.669580000000000 0.672940000000000 0.686360000000000 0.687560000000000 0.692120000000000 0.713260000000000 0.714780000000000 0.717600000000000 0.720120000000000 0.729460000000000 0.742220000000000 0.748700000000000 0.762320000000000 0.779920000000000 0.781100000000000 0.781500000000000 0.785220000000000 0.793240000000000 0.801100000000000 0.802140000000000 0.804600000000000 0.804900000000000 0.812820000000000 0.814960000000000 0.822740000000000 0.839440000000000 0.844080000000000 0.860640000000000 0.866620000000000 0.878100000000000 0.897800000000000 0.915040000000000 0.921100000000000 0.945500000000000 0.959540000000000 0.960160000000000 0.966960000000000 0.988480000000000 0.991160000000000
000000010010100010001001000000100000000010000000010110000000000100010010101010000000010110000000000001011000000
001011000000100001000000100100000010001100000000110011000000000000001000010000001001010000000010101000001000000
001000001000100100000000010000101000010101000000010110000000000100010110100000100000010100000000000000011000101
000000010010100010001011000000100000000000000000000000001100000000001000000000001000010000000010000001011000000
000000010010100010001001000000100000010101000000010110000000000100010010100000000000010100000000000000011000101
001000001000100100100000000011100000000000010000110010000000000000001000000000001000010000000010101000001010000
101011000000100001000000100000000010001100000000111010000000000000001000010000001000010000000010101001011000010
001000001000110100000000000000101000010101000100010110100000000010001000000000001000010000000011101000001000000
011000000001101000000000000000000100000100000000000000000000110000010000000000001000010000000010101000001000000
000000010010100010001011000000101000010101000000010110000000000010001000000000001000010000000010101000001000000
000000010010100010001001000000100000000000000000000000001000000000001000000000001000010000000110000001011001000
101011000000100001000000100000000010001100000000111010000000000000001000010000001000010000000010101001011000000
000000010010100010001011000000100000000000000000000000000000000000110000100000000000110001000010000110000000000
001011000000100001000000100000000010101100000000010010000000000000001000000000001010010000000010101000001000000
011000000000101000000000000000000101001100000000110010000000000000001000000000001100010000000010101000001000000
000000010010100010000000100000100000000010001001010110000000000100010010100010000000010000000010000001011000000
000000010010100010001011000000100000000000000000000000000000000000110000100000000000110001000010000110000000000
001000010010100010001011000000100000000000000000000000000000000000010000100000000000110001000010000110000000000
000000010010100010001001000000100000000000000000000000001100000000001000000000001000010000000010000001011100000
011000000000101000001001000000100000000010000000010110010000000100010010100010000000010110000000000001011000000
000000010010100010001011000000100000000000000000000000000000000000110000000000001000010000000010000001011000000
001011000000100001000000100000000010001100000000010010000000000000001000000000001010010000000010101000001000000
011000000001101000000000000000000100000100000000000000000001110000010000000000001000010000000010101000001000000
000000010010100010001001000000100000000000100000000000001100000000001000000001001000010000000010000001011000000
000000010010100010011001000000100000000010000000010110000000000100010010100010000000010110000000000001011000000
001100000000100000000100000000100000000100000000000000000000000000000001000100010000010000010000010000000000000
000000010010100010001001000000100000000000000010000000001100000000001000000000001000010000000010000001011000000
000000010010100010001000100100000010001100000000110010000000000000001000010000001000010000100010101000001000000
000000110110100010000000000000000100001100000000110010000000000000001000000000001000010000000010101000001000000
011000010010100010001011000000100000000000000000000000000000000100010010000000001000010000001010101000001000000
000000010010100010001000000000101000010101000000010110000000000100010010100000000000010100000000000000011000101
000000010010100010001001000000100000000000000000110010000000000000001000010000000000010110000000000001011000000
001000001000100100000000000000101000010101000000010110000000000100010010100000000000010100000000000000111000101
001011000000100001000000101000000010001100000000110010000000000000001000010000001000011000000010101000001000000
000000010010100010001001000000100000000000000000000000001000000000001000000000001000010000000010000110000000000
000000010010100010001001000000100000000000000000000000001000000000001000000000001000010000000010000001011000000
000000010010100010001010000000000100000100000000000000000000110000010000000000001000010000000010101000001000000
101011000000100001000000100000000010001100000000111010000000000000001000010000001000010000000010101001011000000
000000010010100010001001000000110000000010001000010110000010000101010010100010000000010110000010000110000000101
000000010010100010001001000000100000000000000000000000001000001000001000000000001000010000000010000001011000000
