//
segsites: 72
positions: 0.016800000000000 0.019140000000000 0.042860000000000 0.045980000000000 0.055200000000000 0.059420000000000 0.073460000000000 0.100560000000000 0.109140000000000 0.167880000000000 0.204760000000000 0.219300000000000 0.221140000000000 0.228640000000000 0.248740000000000 0.254500000000000 0.271340000000000 0.283980000000000 0.304860000000000 0.307200000000000 0.309400000000000 0.316200000000000 0.319780000000000 0.354240000000000 0.354920000000000 0.362280000000000 0.364260000000000 0.402380000000000 0.404260000000000 0.404960000000000 0.414640000000000 0.416360000000000 0.431540000000000 0.455160000000000 0.461940000000000 0.474060000000000 0.489520000000000 0.499900000000000 0.509420000000000 0.536480000000000 0.543440000000000 0.546860000000000 0.553600000000000 0.582320000000000 0.617100000000000 0.624260000000000 0.650860000000000 0.666800000000000 0.723800000000000 0.727200000000000 0.752140000000000 0.778060000000000 0.780740000000000 0.781440000000000 0.803440000000000 0.810620000000000 0.812200000000000 0.826280000000000 0.855400000000000 0.865600000000000 0.881600000000000 0.889300000000000 0.904980000000000 0.912380000000000 0.913940000000000 0.917680000000000 0.942780000000000 0.957460000000000 0.958660000000000 0.963120000000000 0.972600000000000 0.990400000000000
100010000000001000010000100010000100010000000000011010010100001000000010
000000000000001010110000000000000100010001001000010010000010010000010010
000000000000001000010100010000000100010001000000011010010100001000000010
101000000100000000000000100000000100010101000000010001010100001000000010
000000000000001000110000000000000100010001001000010001010100001000000010
101000000100000000000000100010000100010000000000011010010100001001000010
000000000000001000110000000000000100010001000000010001010100100000000010
101000000100000000000001000100110100111000010000010101001001000000000110
000000000000001000110000000000000100010000100001010010000010000000010010
000000000000001010110000000000000100010001001000010010000010010000011010
000000000000001000010000000000000100010000100000010010000010000000010010
100010000000000000010000000010000100010010000100010010000100001000000010
000000000000001000110000000000000100010000100001010010000010000000010010
000000000000001010110000000000000100010001001000010010000010000000010010
100000000000101000010010000000000101010001000000010001010100000000000000
000000000000001000110000000000000100010001000000010001010100100000000010
101000010100000000000000100011000100010010000100010010000100001000100011
100000000000101000010010000000000101010001000000010001010100000000000000
100010000000000000010000000010000100010010000010010001010100000100000000
101000010100000000000000100011000100010010000100010010000100001000100011
001000000111000000001000001000000100010001000000010001010000000100000000
001100100111000000001000001000000100010001000000010001010000000100000000
100000000000001000010000000000000101010001000000010001010100000100000000
100000000000001000010000000000000101010001000000010001010100000000000010
101000000000001000010000000000000101010001000000010001010100000010000000
000000000000001000110000000000000100010000100001010010000010000000010010
110010000100000000000000100010000100010000000000010010000010000000010010
001000000111000000001000001000000100010001000000010001010000000100000000
100010000100010001000000100010001100010000100000010010000010000000010010
100010000000000000010000000010000100010001000000010101001001000000010010
000000001000001000110000000000000101010001000000010001010100000000000000
000000000000001010110000000000000100010001001000010010000010010000010010
001000000111000000010000000000000101010001000000010001010100000000000000
101001010111000100001000001000000100010001000000010001010000000100000000
100010000000000000010000000010000100010010000010010001010100000100000000
000000000000001000110000000000000100010001000000010001010100100000000010
000000000000001000110000000000000100010000100001010010100010000000010010
001000000111000000001000001000000100010001000000010001010000000100000000
000000000000001010110000000000000100010001001000010010000010010000010010
100010000000000000010000000000000110010001000000110101001001000000010010
