//
segsites: 77
positions: 0.004360000000000 0.026400000000000 0.045060000000000 0.045980000000000 0.052140000000000 0.054240000000000 0.058380000000000 0.070220000000000 0.074920000000000 0.081240000000000 0.129080000000000 0.133380000000000 0.167420000000000 0.171740000000000 0.176700000000000 0.177500000000000 0.180020000000000 0.188400000000000 0.198420000000000 0.237040000000000 0.240200000000000 0.255780000000000 0.279180000000000 0.285240000000000 0.288000000000000 0.294740000000000 0.335020000000000 0.337880000000000 0.367280000000000 0.380020000000000 0.389160000000000 0.393180000000000 0.406760000000000 0.410920000000000 0.420040000000000 0.457900000000000 0.474960000000000 0.475980000000000 0.492760000000000 0.494480000000000 0.510140000000000 0.520840000000000 0.527320000000000 0.533860000000000 0.543820000000000 0.548880000000000 0.579380000000000 0.586200000000000 0.602440000000000 0.608580000000000 0.625640000000000 0.628760000000000 0.682120000000000 0.707860000000000 0.711040000000000 0.716580000000000 0.717120000000000 0.726320000000000 0.728520000000000 0.733620000000000 0.745220000000000 0.749100000000000 0.758080000000000 0.771980000000000 0.775720000000000 0.777340000000000 0.781700000000000 0.793960000000000 0.798140000000000 0.823900000000000 0.845680000000000 0.847660000000000 0.855100000000000 0.871700000000000 0.900460000000000 0.902820000000000 0.954860000000000
00000000000000000000000100000000000000010000110000010100000001000000000000000
00000000000000000000000100000000100000010000110000010100000001000000000000000
01000000000000000000000100000000000000010000110000010100000001000000000001000
00010000001010000001100010000000000100101101000000000000011000010100001000000
00000000001010000000001010000000000100000010000010000100000001000000000000100
00000000000000000000000100000000000000010000110000010100000001000000000000000
00000000000100001000000100100100000000000000000010000001000100000000000000000
10001010000000000000000100000000000000101101000000000100000001000000010000000
00000000000000000000000100000000000000010000110000010100000001000000000000000
00000000001010000001000010000000000100101101000000000000001000010100000000010
00100001100001000000000010000000000001000000001100000000100010100000000000010
00000101000000000000000100010000000100101101000000100100000001000000000100000
00100001100001000010000011000000000001000000001101001000100010100000000000000
10000000000000100000000010000010010000000000001100000000100010100000000000010
00000000000000010000000000000000000100101101000000000100000001000000010000000
00000000000000000100000100000000000000010000110000010100000001000000000000000
10001010000000000000000010000000010000000000000010000100000001001000000100000
10000000000000100000000010000010010000000000000010000100000001001000000100000
00100001100001000000000010000000000001000000001100000000000001000000000000000
00100001100001000000000010000000000001000000001100000000000001000000100000000
10001010000000000000000010000000010000000000000010000100000001001000000100000
00000000001010000000000010000000000010000010000010000100000001000000000000001
00000000000000000000000100000000000000010000110000010100000001000000000000000
00000101010001000000000100100100001000000000110000010100000001000000000000000
00000000000000000000000100000000000000010000110000010100000001000001000000000
00000000001010000000010010000000000100101101000000000000001000010100000000000
10000000000000100000000010000010010000000000000000010100000001000000000000000
00000000000000000000000100000000000000010000110000010100000001000000000000000
00000000000000000000000100000001000000010000110000010100000001000000000000000
00000000000000000000000100001000000000010000110000010100000001000000000000000
00000000001010000000000010000000000010000010000010000100000001000000000000000
00000000001010000000001010000000000100101101000000100100000001000010000000000
00000000000000000000000100000000000000010000110000010100000001000000000000000
00000000001010000000000010000000000000000010000010000100000001000000000000000
00000000000000000000000100000000000000010000110000010110000001000000000000000
00000000000000000000000100000000000000010000110000010100000001000000000000000
00000000001010000001000010000000000100101101000000000000001000010100001000000
00000000000000000000000100000000000000010000110000010100000001000000000000000
00100001100001000000000100100100001000000000110000010100000001000000000010000
00000101010001000000000100100100001000000000110000010100000001000000000000000
