//
segsites: 85
positions: 0.005740000000000 0.019500000000000 0.021840000000000 0.035160000000000 0.038080000000000 0.039020000000000 0.041900000000000 0.074540000000000 0.076420000000000 0.081800000000000 0.083660000000000 0.083940000000000 0.084940000000000 0.085880000000000 0.109700000000000 0.143480000000000 0.143680000000000 0.145720000000000 0.146180000000000 0.185940000000000 0.199080000000000 0.216700000000000 0.239700000000000 0.241660000000000 0.260880000000000 0.267720000000000 0.280620000000000 0.295780000000000 0.310660000000000 0.318900000000000 0.319500000000000 0.331040000000000 0.353280000000000 0.365840000000000 0.400020000000000 0.411460000000000 0.429000000000000 0.429500000000000 0.433900000000000 0.436760000000000 0.438640000000000 0.440780000000000 0.458560000000000 0.479960000000000 0.522160000000000 0.526140000000000 0.545240000000000 0.561900000000000 0.562400000000000 0.573400000000000 0.575780000000000 0.578660000000000 0.605280000000000 0.612100000000000 0.627140000000000 0.627480000000000 0.642680000000000 0.675700000000000 0.690880000000000 0.691260000000000 0.711020000000000 0.735900000000000 0.737760000000000 0.743140000000000 0.744800000000000 0.754980000000000 0.757940000000000 0.773400000000000 0.782280000000000 0.789660000000000 0.795600000000000 0.848240000000000 0.878620000000000 0.888740000000000 0.893940000000000 0.906660000000000 0.916620000000000 0.919820000000000 0.922160000000000 0.923780000000000 0.951120000000000 0.981560000000000 0.984140000000000 0.990020000000000 0.990640000000000
0010110000011100000000000001100100110001110010100000000111001001001000000100100010000
0010110000011100000000000001100100110001110000100000000111001000001010000100100000001
0010110000011100000000000001100100110001110000100000000111001000001000000100100000000
0000000110000001001100000000000000001000000100000010100000010000000001010000011000000
0010110000011100010000001001100100110001110000100000000111001000011000000100100000000
0010110000011100000000000001100100110001110010100000000111001000001000000100100010000
0010110000011100010000001001100100110001110000100000000111001000011000000100100000000
0010110000011100000000000001110100110001110000100000000110000100000000000001000000010
1010110000011100010000001001100100110001110000100000000111001000011000000100100000000
0010110000011100000000000001100100110001110000100000001111001000001000000100100000000
0010110000011100010000000001100100110001110000100000000111001000001000001100100000000
0110110000011100000010000001100100110101110000100000000111001000001000000110100001000
0010110000011100000000000001100100110001110000100000000111001000001010000100100000001
0010110000011100000000000001100100110001110000100000000111001000001000000100100000010
0010110000011100000000000011100100110001110000100000000111001000011000100100100000000
0010110000011100000000000001100100110001110000100000000111001000001110000100100000000
0010110000011100010000001001100100110001111000100000000111001000011000000100100000000
0000000110000001001100000000000000001000000100000010100000010000000001010000011000000
0010110000011100000000000001100100110001110000100000000111101000001010000100100000000
0010110000011100010000010001100100110001110000100000000111001000001000000100100000000
1010110000011100010000001001100100110001110000100000000111001000011000000100100000000
0010110000011100010000001001100100110001110001000101000000000100000000000001000000010
0010110000011100010000000001100100110001110000100000000111001000011000000100100000000
0010110000011100010000000001100100110001110000100000000111001000011000000100100000000
0010110000011100000000000001100100110001110000100000000111101000001010000100100000100
0110110000011100000000000001100100110101110000100000000111001000001000000110100001000
0010110000011100000000000001100100110001110000101000000111001000001000000100100000000
0010011000111010100100000010000000000000000000000101000000000110000000000001000100010
0011110001011100000000000001100100110001110010100000010111001000001000000100100010000
0010110000011100000000000001100110110001110000100000000111001000101000000100100001000
0010110000011100000001000001101100110001110000100000000111001000001000000000100000000
0010011000111010100100000010000000000000000000000101000111001000001010000100100000000
0010110000011100000000100001100101110011110000100000000111101000001010000100100000000
0000000110000001001100000000000000001000000100010010100000010000001010000100100000000
0010110000011100000000000010000000000000000001000101000000000100000000000001000000010
0010110000011100000000000001100100110001110010100000000111001000001000000100100010000
0000000110000000000000000001100100110001110000100000000111001000001010000100100000000
0010110000011100000000000101100100110101110000100000000111001000001000000100100001000
0010110000011100000000100001100101110011110000100000000111101000001010000100100000000
0011110001011100000000000001100100110001110010100000010111001000001000000100100010000
