//
segsites: 98
positions: 0.005640000000000 0.005700000000000 0.014480000000000 0.015760000000000 0.017420000000000 0.021860000000000 0.024080000000000 0.056100000000000 0.061400000000000 0.067200000000000 0.078260000000000 0.083140000000000 0.120140000000000 0.120400000000000 0.121980000000000 0.146680000000000 0.155880000000000 0.185100000000000 0.200420000000000 0.203340000000000 0.206180000000000 0.210720000000000 0.211300000000000 0.212960000000000 0.214320000000000 0.245540000000000 0.252500000000000 0.253840000000000 0.265820000000000 0.282060000000000 0.285280000000000 0.325260000000000 0.330980000000000 0.359520000000000 0.363040000000000 0.364020000000000 0.367000000000000 0.405240000000000 0.429140000000000 0.450780000000000 0.467700000000000 0.473780000000000 0.474620000000000 0.476060000000000 0.496820000000000 0.512680000000000 0.514000000000000 0.521840000000000 0.522180000000000 0.533200000000000 0.534780000000000 0.557420000000000 0.563720000000000 0.601000000000000 0.622980000000000 0.636820000000000 0.670940000000000 0.683880000000000 0.686900000000000 0.694020000000000 0.705040000000000 0.729340000000000 0.732820000000000 0.734900000000000 0.738360000000000 0.742420000000000 0.757860000000000 0.768380000000000 0.769580000000000 0.780880000000000 0.782420000000000 0.784380000000000 0.787580000000000 0.792640000000000 0.793040000000000 0.803400000000000 0.814100000000000 0.829460000000000 0.836160000000000 0.849300000000000 0.854540000000000 0.861200000000000 0.887940000000000 0.899560000000000 0.900980000000000 0.908480000000000 0.911540000000000 0.913780000000000 0.922760000000000 0.935940000000000 0.938200000000000 0.941520000000000 0.949100000000000 0.959720000000000 0.965520000000000 0.981680000000000 0.983900000000000 0.993060000000000
00100010000000000000111000110000000010010000000000001000000000000000000000001100010100000000000100
00000100000000000000000000000001000100101001001011000001100000001000011010000000000000000100000010
01000100000000000000000000000001000100101001001011000000100000001000000110000000100000000000000010
00000100000000000000000000000001000100101001001011000001100000001000011010000000000000000100010010
00100010000000000000111000010000000010010000000000000010000000000000000000001100010100000000000000
00000100000000000000000000000001000100101001001011000000100000001000000010000000000000000000000010
00000100000000000000000000000001000100101001001011000001100000001000011010000000000000000100000010
00100010000000000000111000110000000010010000000000001000000000000010000000001100010100001000000100
00000100001000000000000000000001000100101001001011000000100000001000000000000001000011100000100000
00000100000000010000000000000001000100101001001011000000100000001000011010000000000000000100000000
00000100000000000000000000000001000100101001001011000000100000001000000010000000000000000000000010
10000000010001000000000110000000000001100100010010000000001001000100000000000000000000010000001000
00000100000000000000000000000001000100101001001011000001100000001000011010000000000000000100000000
00110000000000000100100000011010111000100000000000100000000000010001011010000000000000000100000000
10000000010001000000000110000100000001100100010010010000000000000000000000001100000011100000100000
10000000010001000000000110000100000001100100010010010000001001000100000000000000000000010000001000
00100010000000000000111000110000000010010010000000000000000000000000000000001100010100000000000000
00000000010000100000000000000001000100101001001011000000110000001000000010000000000000000000000010
00000000010000100000000101000000000001100000010010000000100000001000000010000010000000000100000010
00100010000000000000111000010000000010010000000000000010000000000000000000001100010100000000000000
00001000000000000000000000000001000100101001001011000000001001000100000000100000000000000000001000
10000000010110000100100000011010111000010000000100000000000000010000000000000001000011100000100000
00000100000000000000000000000001000100101001001010010000001011000100000000000000000000010000001000
10000000010000000000000000000001000100101001001011000000100000001000011010000000000000000100000000
10000000010000000000000000000001000100101001001011000000100000001000000010000000000000000000000010
00000000010000100001000101000000000001100000010010000000100000001000000010000010000000000100000010
00000100000000000000000000000001000100101001001011000000100000101000000010000000001000000000000010
10000000010000000000000000000001000100101001001011000000100000001000000010000000000000000000000010
00100010000000001000111000110000000010010000000000001000000000000000000000001100010000000000000010
00100010000000000000111000110000000010010010000000000000000000000000000000001100010100000001000000
00100000000000000000000000000001000000010000000000000000001101000100100001010000000000000000001001
00000100000000000000000101000000000001100000010010000100000000000000000000001100010100000000000000
10000000010110000100100000011010111000010000000100000000000000010000000000000001000011100010100000
00000100000000000000000000000001000100101001001011000000100000001000000000001100010100000000000100
00000100100000000000000100000001000100101001001011000000100000000000000000001100010100000000000000
00100010000000000010111000110000000010010000000000001000000000000000000000001100010100000000000100
00000100000000000000000000000001000100101001101011000001100000001000011010000000000000000100000000
00000000010000100000000101000000000001100000010010000000100000001000000010000010000000000100000010
10000001010000000000000110000100000001100100010010010000001001000100000000000000000000010000001000
00001000000000000000000000000001000100101001001011000000001001000100000000100000000000000000001000
