//
segsites: 75
positions: 0.002580000000000 0.003160000000000 0.015500000000000 0.021520000000000 0.025960000000000 0.033140000000000 0.043400000000000 0.095580000000000 0.109920000000000 0.122940000000000 0.137640000000000 0.139660000000000 0.167660000000000 0.168420000000000 0.200600000000000 0.202240000000000 0.236380000000000 0.246900000000000 0.270260000000000 0.284580000000000 0.287840000000000 0.298940000000000 0.304460000000000 0.321280000000000 0.334460000000000 0.350500000000000 0.359800000000000 0.377220000000000 0.378260000000000 0.382760000000000 0.406660000000000 0.410480000000000 0.410900000000000 0.431340000000000 0.497800000000000 0.509620000000000 0.553840000000000 0.563080000000000 0.583620000000000 0.610320000000000 0.618840000000000 0.630160000000000 0.633600000000000 0.640300000000000 0.642000000000000 0.646060000000000 0.667440000000000 0.675460000000000 0.688020000000000 0.691660000000000 0.716940000000000 0.731020000000000 0.745300000000000 0.750160000000000 0.778700000000000 0.783080000000000 0.815880000000000 0.817740000000000 0.818300000000000 0.820060000000000 0.826740000000000 0.829600000000000 0.833220000000000 0.840100000000000 0.845860000000000 0.849380000000000 0.858380000000000 0.861040000000000 0.874520000000000 0.875900000000000 0.890860000000000 0.902160000000000 0.908080000000000 0.958820000000000 0.970020000000000
000000000010011001000001000110110100000010010010100000000000100100010000000
000000000001011001000000010000110000000000001100000000000001000001100000001
000001000000000001001100010001010011101000100001000000000000000001000000000
000000010010011001000001000110110100000010010010100000000000100100010000000
000100000000000001011110010000010000000010010010100000001110000000001000101
000000000010011001000001000100110100000010010010000000000000000001000000000
000000010000011001000000010000110000000000001100000010001110000000001000101
110010000000110101000001000100110000000000001100000010001110000000001000101
110010000000110101000001000100110000000000001100000010000001001001100000000
000000000010011001000001000100110100000010010010000000000000000001000000000
000100000000000001011110011000010000000010010010100000011110000000001000101
000000010000011001000000010000110000000010010010000100000000000001000000000
000000000000011001000000010000110000000000010010100000000000100100010000000
000000001000011001000000010000110000000000001100000000000001001001100000000
000000001000000000000001000100110100000010010010000000000000000001000000000
000000000010011001000001000100110100000010010010000000000000000001000000000
000000000100011001000001000100110100000010010010100000000001001001100000000
000100000000000001001100010000010011000000100001000000000000000001000010000
000000000010011001100001000100110100000010010010001000000000000001000000010
000100000000000001011110010000110000000010010010100000000000100100010000000
000000010000011001000000010000110000000000001100000000000001000001100000000
110010000000110101000001000100110000000000001100000000100001000001100000101
000000001000000000000001000100110000000010010010100001001110000000001000101
000000000010011001000001000110110100000000001100000000000001000001100000000
000000000000011001000000010000110000000000001100010000000001000001100000000
000000000000011001000000010000110000000100010010100000000000100100010000000
000100000000000001011110010000010000010010010010100000001110000000001000101
000000010000011001000000010000111000000001001100000000000001001001100000000
110010000000110101000001000100110000000000001100000000000001000011100000101
000000001000000000000001000100110000000000001100000000000001001001100000000
000000000000011001000000010000110000000000010010100000000000100100010000000
000000010000011001000000010000110000000000001100000000000000100100001000101
000000110000011001000000010000110000000000001100000000000001001001100100000
000100000000000011011100010000010000000010010010100000001110000000000000000
000000000010011001000001000100110100000010010010000000000000000001000000000
000000000000011001000000010000110000000000010010100000000000100100010000000
000000001000000000000001100100110000000010010010000000000000010001000001000
000000010000011001000000010000111000000001001100000000000001001001100000000
001000001000000000000001000100110000000010010010100000000000100100010000000
000000010000011001000000010000110011000000100001000000000000000001000010000
