//
segsites: 81
positions: 0.006060000000000 0.008040000000000 0.034220000000000 0.037840000000000 0.054240000000000 0.054560000000000 0.057660000000000 0.063020000000000 0.069320000000000 0.072060000000000 0.074180000000000 0.074800000000000 0.084260000000000 0.088940000000000 0.091020000000000 0.093880000000000 0.095700000000000 0.107740000000000 0.115900000000000 0.128240000000000 0.139300000000000 0.158780000000000 0.160200000000000 0.189440000000000 0.192380000000000 0.201540000000000 0.219660000000000 0.227600000000000 0.228000000000000 0.260420000000000 0.273760000000000 0.280060000000000 0.306300000000000 0.310200000000000 0.310340000000000 0.313620000000000 0.326320000000000 0.384060000000000 0.408880000000000 0.414440000000000 0.421880000000000 0.440140000000000 0.456540000000000 0.463080000000000 0.471300000000000 0.474820000000000 0.478820000000000 0.481580000000000 0.482780000000000 0.489300000000000 0.504360000000000 0.528000000000000 0.537820000000000 0.540960000000000 0.542320000000000 0.589920000000000 0.597100000000000 0.605520000000000 0.617680000000000 0.639800000000000 0.662620000000000 0.663800000000000 0.671320000000000 0.683180000000000 0.691400000000000 0.692860000000000 0.746180000000000 0.746400000000000 0.746920000000000 0.763700000000000 0.776540000000000 0.778220000000000 0.789020000000000 0.789480000000000 0.808600000000000 0.830680000000000 0.833380000000000 0.858640000000000 0.896000000000000 0.936520000000000 0.952040000000000
000000000000000000000000001100000000010000000000010000110000000010000000110001001
011110000000100100000001010000001010000000001000000000000111001001001000000001000
001010000000000000000001010000000010000000001000000000000111001001001100001001010
000000001000000001100000100100100100100000000000010000001000010100010000000101100
001010000000000000000001010000000010000000001000000000000111001001001000001001010
000001010001001000001000000000000000000000000000010000110000000010000000110001001
000000001000000001100000100100100100100000000000010000001000010100010011000101100
000000000010000000001000000010000000000100001000000000000000010000010000000101000
000000000010000000001000000000000000000000000000010000000111001001001000000001000
000000000010000010001000000000000000000000000000010000110000000010000000110001001
000010000000000000001000000000000000000000000000010000110000000010000000110001001
000000000010000000001000000000000000000000000000010000110000000010000000110001001
000000000010000010001000000000000000000000000000010001110000000010000000110001001
001010000000000000001000000000000000000001000000110000110000000010000000110001001
000001010001001000000100000000000000000010100000000000100000100000000000000001000
001010000000000000010001010000010010000000001000000000000111001001001000000001010
000000001000000001100000100100100100100000000000011000001000000010000000110001001
000000100010000000001000000000000000000000000000010000110000000010100000110001001
100000000010000000001000000000000000000000000000010000110000000010000000110001001
000001010001001000000100000000000001000010100000000000100000100000000000000001000
000000000010000000001000000000000000000000001000000010000000010000010000000101010
000000000010000000001000000000000000000000000000010000110000000010000000110001001
001010000000000000000001010000000010000000000000010000110000000010000000110001001
000000001000000001100000000100100100100000000000010000001000010000000000000001000
001010000000000000001000000000000000000000000000010000110000000010000000110001001
000000000010000000001000000000000000000000000000010000110000000010000000110001001
000000000100010000000000001100000000010010010101000100000111001001001000000001010
000000000010000000001000000000000000000000001000000000000111001001001000000101100
000000000010000010001000000000000000000000000000010000110000000010000000110001001
000000000000000000000000001100000000000000001000000000000111001001001000000001010
000000000010000000001000000000000000000000000000010000110000000010000000110001001
000000000010000010001000000001000000000000000000010000110000000010000000110001001
001010001000000001100010100100100100100000000000010000001000010100010011000101100
000000000010000000001000000000000000000000000000010000110000000010000000110001001
000000001000000001100000100100100100100000000000010000001000010100010011000101100
000000000000000000000000001100000000000000001000000000000111001001001000000001010
001010000000000000000001010000000010001000001000000000000111001001001000000001010
001010000000000000000001010000000010001000001000000000000111001001001000000011010
000000001000000001100000100100100100100000000010010000110000000010000000110001001
000000000010000000001000000010000000000000001000000000000000010000010000000101000
