//
segsites: 72
positions: 0.001260000000000 0.008360000000000 0.015580000000000 0.029580000000000 0.030340000000000 0.034680000000000 0.058820000000000 0.058960000000000 0.061660000000000 0.090740000000000 0.107700000000000 0.109200000000000 0.109580000000000 0.127860000000000 0.174280000000000 0.181100000000000 0.181500000000000 0.220260000000000 0.259400000000000 0.282240000000000 0.294480000000000 0.299140000000000 0.309720000000000 0.321540000000000 0.327020000000000 0.339700000000000 0.344520000000000 0.357700000000000 0.359520000000000 0.363080000000000 0.363580000000000 0.378860000000000 0.384420000000000 0.404480000000000 0.405920000000000 0.417280000000000 0.426080000000000 0.426460000000000 0.461660000000000 0.467260000000000 0.473540000000000 0.497400000000000 0.521780000000000 0.533260000000000 0.534820000000000 0.555080000000000 0.606320000000000 0.638480000000000 0.640000000000000 0.662220000000000 0.664540000000000 0.675720000000000 0.697280000000000 0.698340000000000 0.704040000000000 0.708280000000000 0.714500000000000 0.747460000000000 0.759700000000000 0.766900000000000 0.801620000000000 0.819020000000000 0.823800000000000 0.876460000000000 0.904020000000000 0.907140000000000 0.908180000000000 0.936120000000000 0.960740000000000 0.992120000000000 0.992400000000000 0.996040000000000
001100000000000000000000000111001010000000010000000010100000001000010000
001100000000100001101100100000000000010000100000011100010000100100000010
001100000000000100000000000000000100010000001100000010100110000001010000
001100000000000000000000000110001010000000010000000010100000001000010000
001100000000000001101100100000100000010000100000011100010000100100000010
000000000000000000000000000110001010000000010010000010101000001000010000
000000000000000000000000000110001010000000010010000010101000001000010000
000000000000000000000000000110001010000000010000000010100000001000010000
001100000000001000000000000110001010000000010000000010100000001000010000
001100000000000000000000010110001010000000010000000010100000001000010000
000100000000000000000000001110001010000000010000000010100000001000010000
000110000000000000000000000110001010000000010000000010100000001000110000
001100000000000100010010000000000100010000001100000010100110000100000010
001100000000000001101100100000000100010000001100000010100110000100000010
001100000000000001101100100000100000010000100000011100010000100100000011
000000000000000000000000000110001010001100010000000010100000001000010000
001100000000000001101100100000000000010000100000011100010000100100000010
001100000000000000000000000110001010000000010000000010100000001000010000
001100000000000000000000000110001010000100010000000010100000001000010000
001100000000000000000000000110001010000000010000000010100110000000000000
001101000000000001101100100000000000010000001101000010100110000000000000
001100000000000000000000000110001010100000010000000010100000001000010000
001100000100000001101101100000000000010000001100100010100110000000001000
001100000000000000000000000110001010000100010000000010100000001000010000
001100000000000000000000000110001010000000010010000010101000001000010000
001100000000000100000000000000000100010000001100000010100110000100000010
000100000000000000000000000110001010000000010000000010100000001000010000
001100010000000110000000000000000100010000001100000010100110000000010100
001100000000000001101000000110001010000000010000000010100000001000010000
001100000000000001101100100000000100010000001100000010100110000100000010
001100000000000000000000000110001010000000010000011100010000100100000010
000000101011010001101100100000000001000000100000011101010000100100000010
001100000000000001101100100000000000010000100000011100010000100100010000
001100000000000001101100100000000000010010100000011100010000110100000010
001100000000000000000000010110011010000000010000000010100000001000010000
010000000000000000000000000110001010000000010000000010100000001000010000
001100000000000000000000000000000100010001001100000010100110000110000010
001100000000000001101100100000000000010000100000011100010000100100000010
001100000000000000000000000000000100010001001100000010100111000000000000
100000000000000000000000000110001010000000010000000010100110000100000010
