//
segsites: 112
positions: 0.001620000000000 0.009360000000000 0.014560000000000 0.020080000000000 0.027660000000000 0.041000000000000 0.044780000000000 0.057180000000000 0.059020000000000 0.069040000000000 0.069920000000000 0.072540000000000 0.080560000000000 0.101880000000000 0.104660000000000 0.140060000000000 0.142840000000000 0.146680000000000 0.156640000000000 0.157540000000000 0.162980000000000 0.192100000000000 0.199880000000000 0.201880000000000 0.202000000000000 0.212640000000000 0.221080000000000 0.225100000000000 0.225440000000000 0.227800000000000 0.235220000000000 0.248520000000000 0.248860000000000 0.252440000000000 0.263060000000000 0.266520000000000 0.268680000000000 0.279060000000000 0.281900000000000 0.285080000000000 0.285540000000000 0.288800000000000 0.296020000000000 0.298100000000000 0.298120000000000 0.317700000000000 0.332600000000000 0.332900000000000 0.334060000000000 0.335560000000000 0.338540000000000 0.345960000000000 0.347020000000000 0.364800000000000 0.365620000000000 0.385640000000000 0.398620000000000 0.410060000000000 0.434320000000000 0.438000000000000 0.447260000000000 0.451080000000000 0.469560000000000 0.488460000000000 0.489660000000000 0.492160000000000 0.508200000000000 0.529120000000000 0.533960000000000 0.536020000000000 0.536120000000000 0.541720000000000 0.553040000000000 0.561360000000000 0.562180000000000 0.603420000000000 0.621980000000000 0.634780000000000 0.642120000000000 0.643100000000000 0.643720000000000 0.659300000000000 0.690320000000000 0.704420000000000 0.707500000000000 0.710500000000000 0.712620000000000 0.724140000000000 0.751600000000000 0.771080000000000 0.796720000000000 0.806340000000000 0.820200000000000 0.823940000000000 0.829100000000000 0.838280000000000 0.853480000000000 0.860200000000000 0.908000000000000 0.917120000000000 0.918600000000000 0.921480000000000 0.936440000000000 0.942360000000000 0.953260000000000 0.974280000000000 0.974920000000000 0.977700000000000 0.981320000000000 0.982020000000000 0.982540000000000 0.984020000000000
0001000000100000000001010001000000000000000000110000000000000000000000010001110000000000000000000110010000000000
0011010000000000110010000000011000000000100001100101001000010011000010000010010000000101000000010001000000000000
0001000000010000110000000000011000011000100000100001001011100000010000001000000000001000000010100000100010000000
0001000000000010110010000000011000000000100000001000000100000000001010000000000001000100100001000000001100010110
0001000001000100000000000001000000100000001000001000100000000000001010000000000000000000010010100000000010000000
0011010000001000110000000001000100000000000000001000000000000000001010000000010000000101000000010001000000000000
0001000010000000110010000000011000000010100000100101001000010011000010000010010000000101010010100000100000000000
0001000000010000110000000000111000011000100000100001001011100000010000001000000000010100100000000000001100001001
0001000000010000110000000000011000011000100000100001001011100000010010000010010000000101000010100000000010000000
0011000000000000110000000001000100000000000000001000000000000000001010000000001000001000000010100000100010000000
0011010000000000110000000001000100000000000000001000000000000100001010000000010000000101000000010001000000000000
0001000000010000110000000000010000000100010000100000000000000000001010000000000000000000000010100000100001001001
0011010100000000110000000001000100000000000000001000000000000000101010000100000000001000001010100000000010000000
0001100000000000110000000000011000011000100000100001001011100000010010100000000110001000000010101000000010000000
0011010000000000110000000001000100000000000000001000000000000000001010000000010000000101000000010001000000000000
0001000000100000000000000000000010000001000000000010000000000000001010000000000000000000010010100000100000001001
0001000000000010110010000001000000000000000000110000000000000000000000010001110000000000000100000010010000000000
0001000000100000000001010001000000000000000000110000000000000000000000010001110000000000000000000010010000000000
0001000000010000111000000000011000000000000000001000000000000000000000010001110000000000000000000010010000000000
0011010000000000110000000001000100000000000000001000000000000000001010000000010000000101000000010001000000000000
0011000000000000110000000001000100000000000000001000000000000000001010000000001000001000000010100000100010000000
0001000000100000000000000000000010000001000000000010000000000000001010000000000000000000010010100000100000001001
0011000000000000110000000001000100000000000000001000000000000000001010000000001000001000000010100000100010000000
0000000000000000000100000000000010000000000000001000000000000000001010000000001000000000010010100000000010001001
0011000000000000110000100001000101000000000010001000000000000000001010000000000000001000000010100000100000001001
0001000000100000000001010001000000000000000000110000000000000000000000010001110000000000000000000010010000000000
0001000000100000000001010001000000000000000000110000000000000000000001010001110000000000000000000010010000000000
0001000000010000110000000000010000000100010000100000000000000000001010000000000000000000000010100000100001001001
1000001000000001000000000010000000000100010000100000000000000000001010000000000000000000000010100000100000101001
0001000000100000000001010001000000000000000000110000000000000000000000010001110000000000000000000010010000000000
0000000000000000000100000000000010000000000000000010000000000000001110000000000000001010000010100000100000001001
0011010000000000110000000001000100000000000000001000010000000000001010000000000000001000000010100000100000001001
0001000000100000000001010001000000000000000000110000000000000000000000010001110000000000000000000010010000000000
0001000000000010110010000001000000000000000000110000000000001000000000010001110000000000000100000010010000000000
0001000000010000110000000000011000011000100000100001001011100000010010000010010000000101000010100000000010000000
0001000000100000000001010001000000000000000000110000000000000000000000010001110000000000000000000010010000000000
0001000000100000000001010101000000000000000000001000000000000000001010000000001000000000010010100000000010001001
0101000000100000000001010001000000000000000000110000000000000000000000010001110000000000000000000010010000000000
0011000000000000110000001001000101000000000010001000000000000000001010000000000000001000000010100000100000001001
0001000000010000110000000000011000011000100100100001000000000000001010000000000000101010000010100000100000001001
