//
segsites: 119
positions: 0.001720000000000 0.021860000000000 0.024920000000000 0.027760000000000 0.030420000000000 0.031260000000000 0.037440000000000 0.046140000000000 0.047660000000000 0.048360000000000 0.056140000000000 0.060280000000000 0.061920000000000 0.064820000000000 0.072840000000000 0.073820000000000 0.081940000000000 0.084580000000000 0.087000000000000 0.105840000000000 0.110900000000000 0.118140000000000 0.129300000000000 0.136600000000000 0.153140000000000 0.160520000000000 0.167280000000000 0.194740000000000 0.215520000000000 0.216680000000000 0.225500000000000 0.244680000000000 0.250200000000000 0.255520000000000 0.269040000000000 0.273820000000000 0.285480000000000 0.289120000000000 0.301900000000000 0.305660000000000 0.312340000000000 0.312720000000000 0.325620000000000 0.329580000000000 0.335360000000000 0.337380000000000 0.337620000000000 0.353560000000000 0.374120000000000 0.392200000000000 0.397720000000000 0.397980000000000 0.400720000000000 0.401740000000000 0.403900000000000 0.428760000000000 0.438380000000000 0.452280000000000 0.455680000000000 0.462380000000000 0.467360000000000 0.472300000000000 0.485280000000000 0.511860000000000 0.520960000000000 0.538600000000000 0.550240000000000 0.563760000000000 0.584880000000000 0.601680000000000 0.611380000000000 0.612760000000000 0.615080000000000 0.633400000000000 0.634160000000000 0.641760000000000 0.645520000000000 0.650560000000000 0.684860000000000 0.687660000000000 0.689160000000000 0.716280000000000 0.725660000000000 0.728200000000000 0.730720000000000 0.732200000000000 0.752600000000000 0.754700000000000 0.762520000000000 0.763140000000000 0.775920000000000 0.777460000000000 0.782760000000000 0.804060000000000 0.814040000000000 0.820060000000000 0.832740000000000 0.847380000000000 0.848700000000000 0.852420000000000 0.863960000000000 0.868900000000000 0.871360000000000 0.873160000000000 0.879780000000000 0.884600000000000 0.887360000000000 0.894860000000000 0.895480000000000 0.913000000000000 0.918680000000000 0.921900000000000 0.935120000000000 0.950080000000000 0.951640000000000 0.968280000000000 0.969020000000000 0.984360000000000 0.999780000000000
00000100100100000100000000000000000000100010000000000000100001000000010010000000000000000000000011000000100010000001001
00000000100101000100000000000000000000100010000000000000100001000000010010000000000000000000000011000000100010000000001
10000000000000000000000010100001000011000000100001000001000000000000000101000100000000000000100000110000010010011010000
10000000000000000000000000100000000011000000100001000001000000000001000000100000000000000010100000110000010000000000001
10000000000000000000000000100000000011000000100001101100100001000000010010000000000000000000000011000100000010001100101
00000100100100100100000000000000000000100010000000000000100001000000010010000000000000000000000011000000100010000001001
00000100100100000100000000000000000000100010000000000000100001000000010010000000000000000000000010000100000010001010001
00000100100100000100000000000000000000100010000000000000100001000000010010000000001000000000000011000000100010000001001
00000100100100000100000000000000000000100010000000000000100001000000010010000000000000000000000011000100000010001000101
00000000100100000100000000000000000100100010000000000000100001000000010010000000000000000000000011000000100011000001011
10000000000000000000000000100000000011000000100001000001000000000000000000100000000000000000100000110000010000000000001
10000000000000000000000000100000000011000000100001000001000000000000000000100000000000000000100000110000010000000000001
00000000000000000000000000100000010011000100101000101100000000001000000000000010000000000000000011000100000010001000001
00000000010000000000000000100000000011001000100000101100000000000000000000000000000100000000000011000100000010001000001
00000000100100000100000000000000000100100010000000000000000000000000000000000000000000000000000011000100000010001000001
00000010001000010010010100001000000000000000000000000010010000010000000000000000000000000000000100000000001000001010000
10000000000000000000000000100000000011000000100001000001000000000000000000100000000000000010100000110000010000000000001
10000000000000000000000000100000000011000000000000000000100001000000010010001000000000000000000011000000100010000001001
10000001000000000000000000100000000011000000100001000001000000000000000000100000000000000000100000110001010000000000000
00000100100100000100000000000000000000100010000000000000100001100000010010000000010000000000000011000000100010000001001
10000000000000000000000000100000000011000000100000101100000000000000000000000000000000000000000011000100000010001000001
10000000000000000001100000000000001000100000010100100000001110000000100000000001000000000000000100000000001000100000001
00000100100100000100000000000000000000100010000000000000100001000000010010000000100010010000000011000000100010000001001
10000000000000000000000001000010100011000000000000110100000100000100000001010000000000000000010000111010000100001010000
10000000100100000100000000000000000000100010000010000000100001000000010010000000000000000000000011000000100010000001001
10000000000000000000000000000000000000010000100000101100000000000000000000000000000001000000000011000100000010001000101
10000000000000000000000000100000000011000000100001000001000000000000000000100000000000000000100000110000010000000000001
00000000100100000100001000100000000011000001100001000001000000000000000000100000000000000000100000110000010000000000001
00000000000000000000000000100000010000100010000000000000100001000000010010000000000000000000001011000000100010000001001
10001000000000000000000000100000000000100010000000000000100001000000010010000000000000000000000011000000100010000010001
10000000000000000000000000100000000011000000100001000001000000000001000000100000000000000010100000110000010000000000001
00010000000010010001100000000100000000010000100001000001000000000010001000000000000000101001000000000100000010001010001
10000000000000000000000000100000000011000000000000100100100001000000010010000000000000000100000011000000100010000001001
10000000000000000000000000100000000011000000100001000001000000000000000000100000000000000010100000110000010000000000001
10000000000000000000000000100000000011000000100001000001000000000000000000100000000000000000100000110000010000000000001
00000000000000001000000000100000010000100010000000000000100001000000010010000000000000000000001011000000100010000001001
00000000000000000000000000100000010011000000101000101100000000000000000000000000000000000000000011000100000010001000001
01100000000000010000000000000001000011000000100001000001000000000000000101000100000000000000100000110000010010011010000
10000000000000000000000001010010100011000000000000100100000100000000000001010000000000000000010000111010000100001010000
00000000100100000100000000100000000011000000000000000000100001000000010010001000000000000000000011000000100010000001001
