//
segsites: 101
positions: 0.000260000000000 0.001920000000000 0.002700000000000 0.010740000000000 0.018080000000000 0.019780000000000 0.041460000000000 0.049860000000000 0.072860000000000 0.073380000000000 0.091100000000000 0.093980000000000 0.100920000000000 0.125200000000000 0.133880000000000 0.137640000000000 0.138520000000000 0.145400000000000 0.147080000000000 0.183540000000000 0.190360000000000 0.193720000000000 0.196700000000000 0.199040000000000 0.208280000000000 0.213480000000000 0.225040000000000 0.230140000000000 0.246200000000000 0.253820000000000 0.262240000000000 0.266500000000000 0.277520000000000 0.293380000000000 0.311220000000000 0.313740000000000 0.314200000000000 0.321500000000000 0.360180000000000 0.370840000000000 0.380920000000000 0.383820000000000 0.384420000000000 0.422760000000000 0.426440000000000 0.431740000000000 0.432440000000000 0.443120000000000 0.449600000000000 0.456120000000000 0.479520000000000 0.482500000000000 0.517020000000000 0.528320000000000 0.540700000000000 0.542960000000000 0.549340000000000 0.551280000000000 0.563680000000000 0.570380000000000 0.582100000000000 0.582280000000000 0.594840000000000 0.602780000000000 0.621900000000000 0.622420000000000 0.632820000000000 0.634980000000000 0.648320000000000 0.672180000000000 0.691300000000000 0.703680000000000 0.713500000000000 0.717100000000000 0.722100000000000 0.732380000000000 0.736660000000000 0.747360000000000 0.750080000000000 0.750140000000000 0.750320000000000 0.753740000000000 0.756620000000000 0.765520000000000 0.769200000000000 0.775800000000000 0.797900000000000 0.803600000000000 0.823740000000000 0.828420000000000 0.829200000000000 0.852820000000000 0.856620000000000 0.864680000000000 0.901200000000000 0.929920000000000 0.963420000000000 0.980840000000000 0.984400000000000 0.995980000000000 0.997940000000000
11000000000000001001100010000000000011000000010001010000011010000000100010101110000100001010000001000
11000000000000001000000010000000000000000000010000000000000000000000000000000000010000000010000001000
11000000000000001000000010100001000011000000010001010000011010000000000000000000010000000010000001000
00001010001001001000000000000000000011000000010001010000011010000100100010101111000100001001000010000
00101010001001001000000000000000000001000000010001010000011010000000100010101110000100001000000010000
00001010001001001000000000000000000011000000010001010000011010000000100010101110000100001000000010000
00110010000000000000001000001001110000010000010001010000011010000000100010101110000100001000000010000
00001010001001000100001000001001000011000000010011010000011010000000000000000000010000000010000001000
00000111000100000000010000001001100000000000100000000000011010011011000000000000000001000000000000000
11000000000000001000000010000000001000000100010000000000000010000000100010101110000100001000000010000
00001010001001001000000000000000000011000000010101010000011010000000100010101110000100001000000010000
00001010001001001000000000000000000011000000010001000000011010000000000000000000000000000000010000000
11000000000000001001100010000000000011000000010001010000011010000000100010101110000100001010000001000
11000000000000001000000110000000000000000000011000000011011010000000000001010000100110100000000010000
11000000000000001000000010000000000000000000010000000000000000000000000000000000010000000010000001000
00110010000000000000001000001001110000001010000001000000011010000000000000000000000000000000010000000
00110000110010000010000001000000000001000000010001100000111111000010001000000000000000000000100100100
00110010000000000000001000001001110000001010100000001000011010011011000000000000000000000000000001000
11000000000000001000000010010010000000000000010001100000111111000010001000000000000000000000100000000
00110000110000000000010000001001100000000000100000000000011010000000000000000000000000000000010010000
00001010001001001000000000000000000011000000010001010000011010000000100010101110000100001000000010000
11000000000000001000000010000000000001000000010001100100011010110010010100000000000000000100010000000
11000000000000001000000110000000000000000000011000000011011010000000000001010000100110100000000010000
00001010001001001000000000000000000011000000010001010000011010000100100010101111000100001000000010000
00110010000000000000001000001001110000001010000001000000011010000000000000000000000000000000010000000
00000010000000000000001000001001000011000000010001010000011010000000100010101111000100001000000010000
11000000000000001000000010010010000000000000010001100000111111000010001000000000000000000000101100000
11000000000000001000000010010010000000000000010001100000111111000010001000000000000000000000100000010
00000000000000001000000000000100000001000001010001000011011010000000000001010000100110100000000010000
11000000000000001000000010000000000001000000010001100100011010110010010100000000000000000100010000000
00110010000000000000001000001001110000001010010001100000111111000010001000000000000000000000100100100
11000000000000011000100010000000000000000000010000000000000000000000000000000000010000000010000001000
11000000000000001000000010000000001000000100010000000000000010000000100010101110000100001000000010000
11000000000000101000000010010010000000100000010001100000111111000010001000000000000000000000101100000
00001010001001001000000000000000000011000000010001010000011010000000100010101110000100001000000010001
00000010000000000100001000001001000011000000010001010000011010000000000000000000010000000010000001000
00110000110000000010000001000000000001000000010001100000111111000010001000000000001000000000100100100
00001010001001001000000000000000000111000000010001010000011010000000100010101110000100011000000010000
00001010001001001000000000000000000011000000010001010000011010000100100010101111000100001000000010000
00001010001001001000000000000000000011000000010001010000011010000000100010101110000100001000000010000
