//
segsites: 68
positions: 0.013900000000000 0.069600000000000 0.074680000000000 0.081220000000000 0.086540000000000 0.089420000000000 0.090540000000000 0.091620000000000 0.094400000000000 0.103340000000000 0.104500000000000 0.142240000000000 0.143580000000000 0.151240000000000 0.154320000000000 0.167500000000000 0.189380000000000 0.218780000000000 0.223020000000000 0.233340000000000 0.234320000000000 0.252280000000000 0.257740000000000 0.309360000000000 0.314540000000000 0.326700000000000 0.354940000000000 0.359000000000000 0.380000000000000 0.383400000000000 0.400320000000000 0.417260000000000 0.420200000000000 0.427960000000000 0.430340000000000 0.442680000000000 0.464740000000000 0.493740000000000 0.494180000000000 0.508200000000000 0.519400000000000 0.547780000000000 0.549640000000000 0.554380000000000 0.578820000000000 0.598780000000000 0.598880000000000 0.599620000000000 0.599960000000000 0.606820000000000 0.611960000000000 0.617180000000000 0.653340000000000 0.676040000000000 0.685560000000000 0.688100000000000 0.739600000000000 0.743500000000000 0.747940000000000 0.755880000000000 0.768680000000000 0.773500000000000 0.806980000000000 0.816900000000000 0.841080000000000 0.855320000000000 0.899660000000000 0.903560000000000
11001000000010001110000000010000010010001110000010101100000010110000
10001100000010001110000000010000010000001110000000100011001000000001
10000010000011000011100010000000010100000001000000000011001100000001
00000000001010001010000000010001010000001000000001000100000010110000
10000010000011000011100010000000010100000001000000000011001100000001
10000000000010001110000010000000010100000001000000000011001100000001
00000000001010001010000000010000010000001110000100100011001000000001
00000000001010001010000000010000010000001110000000100011001001000001
11001000000010001110000000010000010000001110000010100011001000000001
01001000000010001110000000010000010000001110000010100011001000000001
00000000000010001110000000010000010000000001000000000011001100000001
10000010000010001110000000010000010000001000010001000100000010110000
10001000000010001110000000010000010000001000000001000100000010110000
10000000010010001110000000010010010001001000000001000100010010110100
10000010000011000011100010000000010100010001000000000011001100000001
00010000000011100011000100000000101100000001000000000011001100000001
00000000001010001010000001010000010000001110000001010100000010111000
11001000000010001110000000010000010000001110000010100011001000000001
00100000000010001110000000010000010000101110000001010100000010110000
00000000101010001010000001010000010000001110000001010100000010110000
00100000000010001110000000010000010000001110000000100011001000110000
10000010000011000011100010000000010100000001000000000011001100000001
10000000000010001110000010000000010100000001000000000011001100000001
00000001000110011010010000010100010000001001000000000011001100000001
11001000000010001110000000110000010000001110000010100011001000000011
00010000000011100011000010000000010100000001100000000011001100000001
10000010000011000011100010000000010100000001000000000011001100000001
00100000000010001110000000010000010000001110000000100011001000110000
10000010000011000011100010000000010100000001000000000011001100000001
10001000000010001110000000010000010000001000000001000100000010110000
00000000001010001010000000010000010000001000000001000100000010110000
00100000000010001110000000010100010000001110000000100011001000000001
10000010000010001110000000011000010000001000000001000100000010110000
10000010000011000011101010000000010100000001000000000011101100000001
00010000000011100011000100000000101100000001000000000011001100000001
11001000000010001110000000010000010000001110001010100011001000000001
10000000000010001110000000010010010000001000000001000100000010110000
10000010000011000011100010000000010100000001000000000011001100000001
00100000000010001110000000010000010000001000000001000100000010110000
10000000000010001110000010000000010100000001000000000011001100110000
