//
segsites: 107
positions: 0.000540000000000 0.005660000000000 0.010380000000000 0.024840000000000 0.026800000000000 0.026980000000000 0.044600000000000 0.053000000000000 0.065620000000000 0.076440000000000 0.081720000000000 0.101460000000000 0.102580000000000 0.144100000000000 0.153320000000000 0.153720000000000 0.162100000000000 0.171860000000000 0.179140000000000 0.190800000000000 0.221240000000000 0.232960000000000 0.237040000000000 0.264140000000000 0.269340000000000 0.270060000000000 0.277480000000000 0.282220000000000 0.289400000000000 0.302260000000000 0.302280000000000 0.306060000000000 0.319760000000000 0.321020000000000 0.336220000000000 0.351180000000000 0.360540000000000 0.371860000000000 0.377760000000000 0.390840000000000 0.399160000000000 0.411940000000000 0.413840000000000 0.440000000000000 0.447460000000000 0.448140000000000 0.455200000000000 0.488920000000000 0.489620000000000 0.499860000000000 0.507820000000000 0.537420000000000 0.539320000000000 0.540720000000000 0.558200000000000 0.565180000000000 0.572980000000000 0.577720000000000 0.586880000000000 0.595400000000000 0.604460000000000 0.614140000000000 0.622140000000000 0.625140000000000 0.625840000000000 0.676520000000000 0.679060000000000 0.681580000000000 0.683400000000000 0.698120000000000 0.713660000000000 0.720540000000000 0.728280000000000 0.731240000000000 0.746800000000000 0.747160000000000 0.753180000000000 0.762100000000000 0.768880000000000 0.770300000000000 0.777300000000000 0.790140000000000 0.794900000000000 0.799480000000000 0.805940000000000 0.824820000000000 0.826060000000000 0.831680000000000 0.831760000000000 0.852160000000000 0.867800000000000 0.868400000000000 0.869840000000000 0.883100000000000 0.891420000000000 0.891640000000000 0.896880000000000 0.898740000000000 0.910540000000000 0.915120000000000 0.918760000000000 0.929340000000000 0.929980000000000 0.935300000000000 0.938880000000000 0.978120000000000 0.984760000000000
00000000000100000000000000000000000000011000000001010000001101000000000000000000000000000000001000000000010
00000000000100000000000000010110100010000010110000000010001000010000100000000000000000000001001010001000100
00000000000101100011000010000000000100100000000001100000000010000011000000101000111000001010000000100000000
01000000000010000100000100100000011001000000000001000000010000000000000000000110000001000000100100001000000
00000000000100000011000010000000000000100000000001111000100000000111010000100000000010000000001000000100000
00000000000100000000000001000000000000011000000001010000001101000000000000000000000000100000001000000000010
00000000000100000000000000000000000000011000000001010000001101000000000000000000000000100000001000000000010
00000000000100000000001000000000000000011000000110000000010000000000000000000100000001000000100100001010001
00000000000100000000000000010110100000000010110000010000001101000000000000000000000000100000001000000000010
00001000010000000000010000000001000000000010010000000001001000000000001000010000000100000000100100000000010
00000000000100000000000000000000000000011000000001010000001101000000000000000000000000010000001000000000010
00000000000100000000000000000000000000011000000001010000001101000000000000000000000000100100001001000000010
00000000000100000000000000000000000000011000000001010000001101000000000000000000000000100000001010011000100
00000000000100000000000000000000000000000010110000000000001000011000100001000000000000000001001010001000100
00000000000100000000000000000000000000011000000001010000001101000000000000000000000000100000001000000000000
00000000000100000000000000010110100000011000000001010000001101000000000000000000000000000000001000000000010
00000000000100001000000000001000000000011000000001010000001101000000000000000000000000000000001000000000010
00000000000100000000000000001000000000011000000001010000001101000000000000000000000000000000001000000000010
00000000000100000000000000000000000000011000000001010000001101000000000000000000000000100000001000000000010
00000000000100000000000000000000000000011100000001010000001101000000000000000000000000000000001000000000010
00000000000100000000000000000000000000011000000001010000001101000000000000000000000000000000001000000000010
00000000000100000000000000000000000000011000000001010000001101000000000000000000000000100000001000000000010
00000001000100000000000000000000000000011000000001010000001101000000000000000000000000000000001000000000010
10010110000010000000100000000010100000000010110000000000001000010000100000000000000000000001001010001000100
00000000000100000000000000000000000000011000000001010000001101000000000000000000000000000001001010001000100
00000000000101100011000010000000000100000010110000000000001000010000100000000000000000000001001010001000100
00010110001010000000000000000010100000000010110000000000001000010000000110000000011000001000000000000000000
00000000000100000000000000000000000000011000001001010000001101000000000000000000000000000000001000000000010
00100000000100000000000000000000000000011000000001010000001101000000000000000000000000000000001000000000010
00000000000100000000000000000000000000011000000001010000001100000000000110000000011000001000000000000000000
00000000000010000000000000000010100000000010110000000000001000010000100000000000000000000001001010001000100
00000000000100000000000000000000000000011000000001010000001101000000000000000000000000000000001000000000010
10010110000010000000100000000010100000000010110000000000001000010000100000000000000000000001001010001000100
10010110000010000000100000000010100000000010110000000000001000010000100000000000000000000001001010001000100
00000000000100000000000000010110100000011000000001010000001101000000000000000000000000000000001000000000010
00000000000100000000000000000000000000011000000001010000001100000000000110000000011000001000000000000000000
10010110000010000000100000000010100000000010110000000000001000010000100000000000000000000001001010001000100
00000000000100000000000000010110100010000011110000000100001000010000100000000000000000000001001010001000100
00000000100100110000000100100000011001000000110000000000001000010000100000000001000000000000001000000001010
00000000000101100011000010000000000100100000000001111000100000100111000110000000011000001000010000000000000
