//
segsites: 101
positions: 0.012120000000000 0.024260000000000 0.031280000000000 0.032060000000000 0.035700000000000 0.037380000000000 0.043700000000000 0.045600000000000 0.047400000000000 0.049800000000000 0.055180000000000 0.059760000000000 0.082520000000000 0.088000000000000 0.090720000000000 0.096520000000000 0.106660000000000 0.115820000000000 0.155500000000000 0.157740000000000 0.168620000000000 0.172140000000000 0.183280000000000 0.191740000000000 0.203320000000000 0.216480000000000 0.221180000000000 0.228680000000000 0.232160000000000 0.233460000000000 0.241360000000000 0.257180000000000 0.264120000000000 0.279280000000000 0.282140000000000 0.293280000000000 0.295600000000000 0.297080000000000 0.307040000000000 0.308300000000000 0.309300000000000 0.322980000000000 0.333220000000000 0.341260000000000 0.352340000000000 0.355260000000000 0.367220000000000 0.373560000000000 0.375020000000000 0.384620000000000 0.384720000000000 0.392040000000000 0.403700000000000 0.435000000000000 0.436640000000000 0.450540000000000 0.451460000000000 0.464100000000000 0.477160000000000 0.482420000000000 0.520300000000000 0.536740000000000 0.570760000000000 0.582680000000000 0.585540000000000 0.601240000000000 0.616820000000000 0.618960000000000 0.621540000000000 0.634180000000000 0.639780000000000 0.654520000000000 0.681740000000000 0.698660000000000 0.699080000000000 0.710440000000000 0.712000000000000 0.720160000000000 0.744780000000000 0.788180000000000 0.789620000000000 0.804020000000000 0.825300000000000 0.828720000000000 0.841880000000000 0.843780000000000 0.856680000000000 0.858840000000000 0.876960000000000 0.881260000000000 0.882460000000000 0.882500000000000 0.891460000000000 0.909100000000000 0.922340000000000 0.924620000000000 0.926820000000000 0.932600000000000 0.955960000000000 0.964940000000000 0.986480000000000
00110000010000000001000000000000000000000000000010010010000001100000000000000000000000000000000001000
00110000010000000001000000000000000000000001000010010010000001100000000000000000001000000001000110000
01010000000001000000000001000011000111000000100100100000010000000100000010000000000010000000000001000
01010000000001000000000000000000010000001000010000000100000000000100000010010000001000000001000110000
00110000011000000001000000000000000000000000000010010010000001100000000000000000001000000001000000000
01010000000000000000000000000000010000001000001000000100000000000000000100011000001000000101000100000
01010000000000000000000001000011000111000000100000100000010000000100000010000010000010000000000001000
00110000010000000001000000000000000000000000000010010010000001100000000000000001000000000000000001000
00110000000000000100000001000001001000001000001000000100000100000100000000000000000000000000000001000
00110000000000000100000001000001001000001000001000000100000000000100000010010000001000000001000110000
00110000010000000001000000000100000000000000000010010010000001100000000000000000000000000000000001000
00010000000100000010110000111000000000010000010000000000000010100000100000010100000000001000000001000
00110000010000000001000000000000000000000000000010010010000001100001000000000000000000000000000001011
01010000000001000000000000000000010000001000010000000000000010100000100000000000100000000000000001000
01010000000001000000000000000000010000001000010000000000001011100000000000000000000000000000000001000
00001000000000000000001100000000000000000000001001000000000000111000000000100000011100000000000001000
00001000100000000000000100000000000000000000001001000000000000111000000000100000000001000000000000100
00010000000000000100000001000001001000001000001000000100000000000100000010010000001000000001000110000
00010000000000000100000001000001001000001000001000000100000000000100000010000010000010000000000001000
00010000000000000100000001000001001000001000001000000100000000000100000010010000001000000001000110000
00001000000000000000000100000000000000100000100000100001010000000100000010000000000010000000100001000
00001000000000000001000000000000000000000000000010010010000001100000000000000000000000000000000001000
00001000000000100000000100000000000000000000001001000000000000111000000000100000011100000000000001000
00010000000000000100000001000001001000001000001000000000000000111000000000100000011100000010000001000
00001000100000000000000100000000000000000000001001000000000000111000000000100000011100000000000001000
00110000010000000001000000000000000000000000000010010010000001100000000000000000000000000000000001000
00010000000000000100000100000000000000000000001001000010000001100000000000000000001000000001000000000
00010001000000000000000100000000000000000000001001000000000000111000000001100000011100100000010001000
00010000000000000100000001000001001000001000001000000100000000000100000010010000001000000001000110000
01010000000000000001000000000100000000000000000010010010000001100000000000000000000000000000000001000
00010000000000010100000001000001001000001000001000000100000000000100000010010000001000000001000110000
00010001000000000000000100000000000000000000001001000000000000111000010001100000011100110000010001000
10000010000010001100000001000001001000001000001000000000000000000010001000000000000001000000000000100
01001000000000000000000100000000000000000000100000010010000001100000000000000000000000000000000001000
00001100000000000001000000000100000000000000000010010010000001100000000000000000000000000000000001000
10000010000010001100000001000001001000001000001000000000000000000010001000000000000001000000000000100
00010000000000000100000001000011000111000000100000100000010000000100000010000010000010000000000001000
00000000000000000010000010001000100000000110000000001000100000000000000000000000001000000000001001011
00010001000000000000000100000000000000000000001001000000000000000100000010000000000010000000100001000
00010000000000000100000001000001001000001000001000000100000000000100000010010000001000000001000110000
