//
segsites: 98
positions: 0.003460000000000 0.013460000000000 0.018060000000000 0.033020000000000 0.056580000000000 0.056700000000000 0.088160000000000 0.089340000000000 0.089680000000000 0.096740000000000 0.125660000000000 0.143100000000000 0.157700000000000 0.165280000000000 0.182680000000000 0.200160000000000 0.201080000000000 0.201700000000000 0.206540000000000 0.208540000000000 0.218040000000000 0.242780000000000 0.243000000000000 0.250320000000000 0.269740000000000 0.273120000000000 0.281880000000000 0.288820000000000 0.289080000000000 0.301680000000000 0.314440000000000 0.323860000000000 0.331660000000000 0.332340000000000 0.336140000000000 0.359500000000000 0.364160000000000 0.373020000000000 0.396220000000000 0.423000000000000 0.440380000000000 0.446880000000000 0.448240000000000 0.449920000000000 0.456380000000000 0.465500000000000 0.468180000000000 0.468440000000000 0.475140000000000 0.489460000000000 0.540820000000000 0.541560000000000 0.554240000000000 0.560760000000000 0.594680000000000 0.600780000000000 0.601860000000000 0.611600000000000 0.623640000000000 0.648560000000000 0.669680000000000 0.684520000000000 0.691960000000000 0.692300000000000 0.718580000000000 0.719840000000000 0.722200000000000 0.733740000000000 0.733760000000000 0.734080000000000 0.749820000000000 0.760980000000000 0.769800000000000 0.777820000000000 0.783240000000000 0.794440000000000 0.796720000000000 0.805640000000000 0.815160000000000 0.826280000000000 0.844020000000000 0.881720000000000 0.889040000000000 0.890280000000000 0.908380000000000 0.910920000000000 0.920580000000000 0.931400000000000 0.934340000000000 0.934640000000000 0.935940000000000 0.945380000000000 0.946820000000000 0.952200000000000 0.956860000000000 0.961220000000000 0.985720000000000 0.993840000000000
00100000011101100010001001000000001010000001000010000100101000001000000010000100000110000101011000
00100000010001100010001001000000001010000001000010000100100000101000000010000100000110000101001000
00011000011001100000000000000000000100000000010011000100000000001000000100000100000100000001001000
00100000011101110010001001000000001010000001000010000100100000001000000010000100000110000101001000
10100000010001100000000000110000001010000001000010000100000000000100000000000011010000010010100000
00100000011101110010001001000000001010000001100010000100000000000010000000000000100000000000000010
00100000011101110010001001000000001010000001000010000100100000001000000010000100000110000101001001
10100000010001100000000000000000000100000000000011000110000100001000000100100100000100000001001000
10100000010001100000000000111000000000100010000000001001000000001000000000000010010000010000000000
00100000010001100010001001010000000000101000000100000000010010000001000000000000000000000000000000
00100000010001100000000000000000000100000000010011000100000000001000000100000100000100000001001000
00011000011001100000000000000000000100000000010011000100000000001000000100000100000100000001001000
00100000010001100010001001000000001011000001000010000100100000001000000010000100000110000101001000
00100000010001100000000000110000000000100010000000001001000000000000000000000000000000001000000000
00100111010001101000000000100001000000010000000100000100000000000000100001000000000000000000000100
00100000010000100000100010110000000000101000000100000000010010000001000000000000000000000000000000
10100000010001100000000000110000000000100010000000001001000000000000000000000000100000000000000010
00100000011001100000000000110000000000100010000000001001000000000000000000000000000000001000000000
10100000010001100000000000110000000000100010000000001001000000000000000000000000000000000000000000
10100000010001100000000000000000000100000000000011000110000100001000000100110100000100000001001000
00011000010001100101000000000000000100000100000011000100000000001000000100000100000100000001001000
10100000010001100000000000000000000100000000010011000100000000001000000100000100000100000000000000
10100000010001100000000100000100001010000000100010000100000000000010001000000000100000000000000010
10100000010001100010001001000000001010000001000010000100000000001000000000000100001000000000000000
01011000011001100000000000000000000100000000010011000100000000001000000100000100000100000001001000
00100000010001100101000000000000000100000000000011000100000000011000000100000100000100000001001000
10100000010001100000000000000000000100000000000011000100000100001000000100000100001000010000000000
00100000010001100101000000000000000100000100000011000100000000001000000100000100000100000001001000
10100000010001100000000000000000000100000000000011000110000100001000000100100100000100000001001000
00100000011111100010001001000000001010000001000010100100101000001000000010001100000110000101001000
00100000011101100010001001000000001010000001000010000100000001000000000000000000000000001000000000
10100000010001100000000000110000000000100010000000001001000000000000000000000000000000001000000000
00011000111001100000000000000000000100000000010011000100000000000001000000000000000000000000000000
10100000010001100000000000110000000000101000000100010000010010000001010000000000000000000000000000
10100000010001100000000100000000110000000000100010000100000000000010000000000000100000000000000010
00100000010000100000100010110000000000101000000100001001000000000000000000000000000000101000000000
00100000010000100000100010110000000000101000000100000000010010000001000000000000000000000000000000
00100000010001100101000000000000000100000100000011000100000000001000000100000100000100000000000000
00100000010001100001010000110010000000000000001010000100000000001000000000000100001001000000000000
00100000010001100000000000110000000000100010000000001001000000000000000000000000000000001000000000
