//
segsites: 92
positions: 0.001140000000000 0.006420000000000 0.017340000000000 0.030320000000000 0.044120000000000 0.060600000000000 0.070340000000000 0.070500000000000 0.076980000000000 0.086160000000000 0.087840000000000 0.111640000000000 0.118820000000000 0.128760000000000 0.130640000000000 0.154740000000000 0.157300000000000 0.157620000000000 0.214680000000000 0.225160000000000 0.232600000000000 0.236180000000000 0.244400000000000 0.256320000000000 0.263600000000000 0.281880000000000 0.297640000000000 0.319880000000000 0.324600000000000 0.328000000000000 0.336300000000000 0.343560000000000 0.365320000000000 0.367800000000000 0.371160000000000 0.372060000000000 0.378000000000000 0.380580000000000 0.381940000000000 0.386420000000000 0.387900000000000 0.401320000000000 0.425480000000000 0.428440000000000 0.429040000000000 0.431960000000000 0.454940000000000 0.471200000000000 0.471880000000000 0.483960000000000 0.524360000000000 0.540320000000000 0.546120000000000 0.547200000000000 0.562800000000000 0.562960000000000 0.564260000000000 0.565040000000000 0.569720000000000 0.577960000000000 0.580100000000000 0.586840000000000 0.594120000000000 0.594700000000000 0.605220000000000 0.614180000000000 0.615560000000000 0.619360000000000 0.620580000000000 0.636780000000000 0.676720000000000 0.679820000000000 0.693140000000000 0.694580000000000 0.769920000000000 0.779980000000000 0.781600000000000 0.812640000000000 0.814220000000000 0.826680000000000 0.832000000000000 0.843560000000000 0.859820000000000 0.867440000000000 0.892900000000000 0.915080000000000 0.928840000000000 0.931680000000000 0.933920000000000 0.951180000000000 0.955060000000000 0.960020000000000
00001000000000000000000100000001010000001010000000000000010100000000101101010100110000000000
00001000000000000000000000100001000010000100001000001010000001000000001100110000110000000000
00000000100110001100000000010000000000000000100000000000000000000000000000000001000110101000
11001100000000000000000000010000000000000000000000000000000000000000000000010100110000000000
00000001100110001100000000010000000000000000001000001010000001001000001100010100110000000100
00001000000000000000000000001001000010000100001000001010000001000000001100010100110000000000
00001000000000000000000100000001010000001010000000000000010000000000000000000001000110101000
00000010001000000000000000000000000100001000000001110000000000000001010000001001000111101000
00000000001000000000000000000000000100001000000001100000000000000001010000000001000111101000
00000000100110001100000000010000000000000000000000000000000000000000000000010100110000000000
00001000000000000000000100000001010000001010010000000000010100000000101101010100110000000000
00001000000000000000000000100001000010000100001000001010001001000000001100110000110000000000
00001000000000000000000100000001010010000100001000001010000001000000001100010100100110101000
00001000000000000000000000001001000010000100001000001010100001000000001100010100110000000000
00000000100110001100000000010000000000000000000000000000000000000000000000010100110000000001
01001000000000000000001000010000000000000001000100000001000000000000000000010100110000000000
00000000100111001101000000010100000001000000000000000000000000000000000000010100110000011000
00000000100110000000000000100001000010000100001000001010000001001000001100010100110000000110
00000000100110101100000000000001010000001010000000000000010100000000101101010100110000000000
11001000000000000000000100000001010000001010010000000000010100000000101101010100110000000000
11001100000000000000000000010000000000000000000000000000000000000010000000010100110000000000
00000010001000000000000000000000000100001000000001110000000000000001010000001001000111101000
00000000100110001100000000010000000000000000000010000000000000000000000000010100110000000000
00000000100110000000000100000001010000001010000000000000010100000000101101010100110000000000
00000010001000000000000000000000000100001000000001110000000000000001010000001001000111101000
11001100000000000000001010000010001000000100001000001010000001000000001100010100110000000000
00000000100110001100000000010000000000000000000000000000000000000000000000010100110000000000
00001000000000000000000100000001010000001010000000000000010100000000101101010100110000000000
00100000100110001100000000010000100000000000000000000000000000000000000000010100110000000000
00001000000000000000000000001001000010000100001000001010000001000000001110010100110000000000
00000000100110001100000000010000000000100000000000000000000000000000000000010100110000000100
00001000000000000010001000010000000000000000000100000100000000000000000000010100110000000000
00001000000000000000000000001001000010000100001000001010000001000000001100010100110000000000
00000010001000000000000000000000000100001000000001110000000000000001010000001001000111101000
00001000010000000000000100000001010000001010010000000000010100000000101101010100110000000000
00010000100110001000110001000000000000011010000000000000010000110100100000000010000110101000
00001000000000000000000000100001000010000100001000001010000001000000001100010100110000000100
00000000100110001100000000010000000000000000000000000000000010000000000000010100110000000000
00000000100111001101000000010100000001000000000000000000000000000000000000010100110000011000
00000000100110011100000000010000000000000000000000000000000000000000000000000001001110101000
