//
segsites: 61
positions: 0.001920000000000 0.006480000000000 0.033620000000000 0.053660000000000 0.085820000000000 0.159300000000000 0.165720000000000 0.211780000000000 0.213540000000000 0.218400000000000 0.255960000000000 0.347580000000000 0.351140000000000 0.359040000000000 0.361940000000000 0.373980000000000 0.399960000000000 0.404920000000000 0.408460000000000 0.409080000000000 0.426380000000000 0.439300000000000 0.458480000000000 0.469940000000000 0.472080000000000 0.482300000000000 0.483500000000000 0.492240000000000 0.493240000000000 0.495320000000000 0.508740000000000 0.523460000000000 0.530840000000000 0.534960000000000 0.535660000000000 0.554040000000000 0.566500000000000 0.586340000000000 0.588440000000000 0.621480000000000 0.633040000000000 0.636160000000000 0.688040000000000 0.712080000000000 0.727580000000000 0.727960000000000 0.735340000000000 0.747060000000000 0.755300000000000 0.760400000000000 0.788820000000000 0.800480000000000 0.849540000000000 0.863120000000000 0.878260000000000 0.884340000000000 0.904380000000000 0.938060000000000 0.943580000000000 0.980940000000000 0.999640000000000
0100000010110001000010000010000000000000100100101011000100000
1011000000100100000000000000000010000100000000000100000000001
0000000110110001000000000010000000000000000100101000000000001
0000000010110001000000000010000000000000000100101011000100000
0100000000000001000000000000000001000000010100101011000100000
0100000010110001001000000010000000000000000100101011000100000
0000000010000001000100100000000001100000010000010011100000000
0100000000000001000000000000000001000000001000010011011010000
0000000010110001000000000010000000000000000100101011000100000
0000000010000001000100000000000010000100000000000100000000001
0100000010110001001000000010000000000000000100110011001010000
0000000010110001000000000010000000000000000100101011000100000
0100001001101001100001000000101000001010000100101011000100000
0000000010110001001000000010000000000000000100101000000000001
0000000010110001000000000000101000001010000000010011001010000
0000000010000001000100000000000001100000010000010011100000000
0100001000110001001000000010000000000000000100101011000100000
0100000010110001010000000010000000010000000100101011000100000
0000001001100001100001000000101000001010010000010011001010000
0000000010110001000000000010000000000000000101101011000100000
0000001001100001100001000000101000001010000100101011000100000
0100100010110001001000000010000000000000000000010011100000000
0000000010110001000000000010000000000000000100101011000100000
0100100010110001001000000010000000000000000100101011000100000
0100010010110001001000000010000000000000000100101011000100000
0000000010010001000000000010000000000000000100101011000100000
1011000000100100000000010000000110000100000000101011000100000
0100001001101001100001000000101000001010000100101011000100000
0000000010110001000000000010000000000000000100101011000100000
0000001001110001000000000010000000000000000100101011000100000
0000000010110001000000001011000000000000000100101011000101000
0000000010110001000000000010000000000000000100101011000100000
0000000010110001000000000010000000000000000100101011000100000
0000000010110011001000000010000000000000000110101011000100010
0000000010110001000000000010000000000000000100101011000100000
0100100010110001001000000010000000000000000100101011000100000
0000000010000001000100000000000001100000010000010011100000000
0000001001100001100001000100101000001010000100101011000100000
0000001001100001100001000000111000001001000100101011000100000
0000000010110001001000000010000000000000000100101011000100100
