//
segsites: 105
positions: 0.007400000000000 0.025640000000000 0.030080000000000 0.040520000000000 0.059460000000000 0.060140000000000 0.071240000000000 0.075240000000000 0.085220000000000 0.101360000000000 0.107460000000000 0.121260000000000 0.136120000000000 0.156340000000000 0.157240000000000 0.158480000000000 0.166300000000000 0.169800000000000 0.172820000000000 0.177640000000000 0.178400000000000 0.182740000000000 0.217500000000000 0.250420000000000 0.265180000000000 0.271240000000000 0.276180000000000 0.277880000000000 0.282420000000000 0.291020000000000 0.302040000000000 0.309200000000000 0.313560000000000 0.314060000000000 0.315560000000000 0.326780000000000 0.330220000000000 0.334940000000000 0.354460000000000 0.369620000000000 0.370880000000000 0.391980000000000 0.413080000000000 0.414040000000000 0.419440000000000 0.419660000000000 0.432760000000000 0.435660000000000 0.436620000000000 0.437580000000000 0.445480000000000 0.449000000000000 0.455560000000000 0.457280000000000 0.462220000000000 0.462420000000000 0.466380000000000 0.473700000000000 0.508520000000000 0.513400000000000 0.534100000000000 0.536800000000000 0.564380000000000 0.568860000000000 0.573520000000000 0.583940000000000 0.598800000000000 0.606960000000000 0.624400000000000 0.638220000000000 0.645360000000000 0.646480000000000 0.667600000000000 0.675900000000000 0.695500000000000 0.709960000000000 0.735560000000000 0.736160000000000 0.753680000000000 0.759980000000000 0.767100000000000 0.774740000000000 0.780980000000000 0.786640000000000 0.787820000000000 0.790220000000000 0.792300000000000 0.799180000000000 0.800600000000000 0.805060000000000 0.812160000000000 0.820820000000000 0.827620000000000 0.828280000000000 0.831520000000000 0.855500000000000 0.858860000000000 0.882080000000000 0.911140000000000 0.927600000000000 0.969280000000000 0.969500000000000 0.991400000000000 0.991680000000000 0.994060000000000
001000000000001000001000000000010010101100011100000000001000000001001000000000000010010010010000000000010
010001100000001010100000000000010001000000000000000000000000000000000100000000101000000010010000000000000
001000000000001000001000000000010010101100011100001000011000000001001000000000000010010010010001000010010
001000000000001000001000000000010010101100011100000000001000001001001000000000000010010010010000000000010
001000000000001000001000000000010010101100011100000000001000000001001000000000000010010010010001000000010
000000010111001100000000001000100000101100000100000000001000100000100000000000111000000010011000000000000
001000000000001010110000000000010001000000000000000100000000010000000000000000101000000010010000000000000
001000000000001010100000000000010010101100011100000000001000000001001000000000000010010010010000000000011
100100001101001000001000000000010010101000000000000000000000000000010000000000101000000010010000000000000
001000000000001000001000000000010010101100011100000000001000000001001000010000000010010010010000000000010
001000000000001010100000000000010010101100011100000000001000000001001000000000000010010010010000000000011
001000000000001000001000000000010010101100011100000000001000000001001000000000000010010010010001000000010
010001100000001010100000000000010001000000000000000000001000000000000000000000101000000010010000000000000
010001100000001000001010000000010001000000000000000001000000000000010000000010000000010011010000000000000
010001100000001010100000000000010001000000000000000000100000010000000000000000101000000010010000000000000
100100001101001000001010000000010101000000000001000000000000000000010001000010000000010011010000000000110
001000000000001000001000000000010010101100011100010000001000000001001000000000000010010010010000000000010
001000000000001010100000000000010001000000000000000000000000010000000000000000101000000010010000000001000
010001100000001010000000000000010001000000000000000000000001000000010000000100000010010010010000000000010
001000000101001001001010000000010001000000000000000000000000000000010000100000000000001000000000001100000
001000000000001000001000000000010010101100011100000000001000000001001000000000000010010010010000000000010
001000000000001010100000000000010001000000000000000000000000010000000000000000101000000010010000000001000
001000000000001010110000000000010010101100011100000000001000000001001000000000000011010010010100000000000
001000000000001000001000000000010010101110011100000000001000000001001000000000000010110010010010000000010
001000000000001010100000000000010001000000000000000000000000000000000000000000101000000110110000000000000
010001100000001010000000000000010001000000000000000000000001000000010000000001000100010010000000000000110
100100001101001000001010000000010001000000100000000000001000000001001000000000000010010010010001000000010
001000000000001010100000000000010010101100011100000000001000000001001000000000000010010010010000000000011
001000000000001010100000010000010001000000000000000000000000000001001000000000000010010010010000000000010
001000000000001010110000000000011001000000000000000000000000000000000000000000101000000010010000000000010
001000000000001000001000000000010001000000000000000000000000100010000010000000111000000010011000100001000
000000010000101000000100100100000000000001000010100010000010000000010000000000000100010010000000000000000
000000010111001100000000001000100000101100000100000000001000100000100000000000111000000010011000000000000
001000000000011010100000000000010010101100011100000000001000000001001000001000000010010010010000000000000
001010000000001000001001000011010010101100011100000000001000000101001000000000000010010010010000000000010
010001100000001010100000000000010001000000000000000000000000000000000000000000101000001000000000011100000
001000000000001000001000000000010001010000000000000000000100000000000100000000101000000010010000000000000
001000000000001000001000000000010010101100011100000000001000000001001000000000000010010010010000000000011
100100001101001000001010000000010001000000000001000000000000000000010001000010000000010011010000000000110
010001100000001000001010000000010001000000000000000001000000000000010000000010000000010011010000000000000
