//
segsites: 78
positions: 0.010580000000000 0.013840000000000 0.031040000000000 0.042640000000000 0.047620000000000 0.058160000000000 0.079880000000000 0.096540000000000 0.100680000000000 0.103940000000000 0.139300000000000 0.170160000000000 0.171920000000000 0.180360000000000 0.191800000000000 0.204300000000000 0.207320000000000 0.229260000000000 0.231460000000000 0.240420000000000 0.250180000000000 0.259420000000000 0.278680000000000 0.280080000000000 0.283000000000000 0.283800000000000 0.303920000000000 0.331100000000000 0.337120000000000 0.337340000000000 0.362160000000000 0.383100000000000 0.405680000000000 0.432520000000000 0.477500000000000 0.482460000000000 0.492240000000000 0.537700000000000 0.566840000000000 0.577800000000000 0.618620000000000 0.623480000000000 0.640080000000000 0.648580000000000 0.656900000000000 0.658220000000000 0.677140000000000 0.681700000000000 0.689180000000000 0.690460000000000 0.692080000000000 0.701300000000000 0.715520000000000 0.724460000000000 0.725340000000000 0.736160000000000 0.739020000000000 0.746180000000000 0.761380000000000 0.768200000000000 0.770240000000000 0.812460000000000 0.813700000000000 0.833780000000000 0.845060000000000 0.862300000000000 0.866540000000000 0.883040000000000 0.903320000000000 0.922540000000000 0.929120000000000 0.936580000000000 0.938520000000000 0.940100000000000 0.941300000000000 0.944540000000000 0.946640000000000 0.984840000000000
000010000000100100000010100100000000001100010000000000000010000000000000000101
000010000000100110000010100100000000001100010010010000000010000000000000000001
010101110001001000000010100100011000000000000100000000000010000000000000000001
000010000000100100000010100100000000001100010000010000000010000000000000000001
000010000000100100000010100100000000001100010000010000000010000000000000000001
000010000000100110000010100100000000001100010000010000000010000000000000000001
000010000000100100000010100100000000001100010000000000000010000000000000000001
000010000000100100000010100100000000001100010000000000000010000000000100000001
000001110000001000100010100100100000000000000000001000011000010000011000101000
001001111010011001000000010010000001110000100000000000000000000000000000000000
000010000000100100000010100100000000001100010000000000000010000000000000000010
010101110001001000000010100100011000000000000100000000100000101010000000000001
000010000000100100000010100100000000001100010000010000000010000000000000000001
000001110000001000100010100100100000001100010000000000000100000100000000000010
001001111010011001000000000011000001110000100000000000000000000000000000000000
000010000000100100000010100100000000001100000001000100000101000100000000000010
000101110001001000001010100100011100000000000100000000100010000000000000000001
000010000000100100000010100100000000001100010000000000000010000000000000000010
000010000000100100000010100100000000001100010000000000000010000000000000000001
000001110000001000100010100100100000000000001000000000010000010000011000101000
000010000000100100000010100100000000001100010000010000000010000000000000000001
110101110001000100010011100100000010001001000001100011010000010000010011010000
000010000000100100000010100100000000001100010000000000000010000000000000000001
000010000000100100000010100100000000001100010000010000000010000000000000000001
000101110001001000000010100100000000001100010000010000000010000000000000000001
010101110001001000000010100100000000001100000001000100000100000100000000000010
000101110001001000000010100100000000001000000001100000010000010001010010000001
000010000000100100000010101100000001110000100001100000000100000100100000000010
110101110001000100000011100100000000001001000001100011010000010000010011000000
000010000100100100000010100100000000001110010000000000000010000000000000000101
000010000000111001000000000011000001110000100000000000000000000000000000000000
000010000000100100000010100100000000001100010000000000000010000000000000000101
000010000000100100000010100100000000001100010000000000000010000000000000000101
000010000000100100000010100100000000001100010000000000000010000000000000000101
000010000000100100000010100100000000001100010000000000000010000000000000000001
000010000000100100000110100100000000001100010000000000000010000000000000000001
001001111000100100000010100011000001110000100000000000000000000000000000000000
010101110001001000000010100100011000000000000100000000100000101010000000000001
010101110001001000000010100100011000000000000100000000100000101010000000000001
000010000000100100000010100100000000001100010000000000000010000000000000000001
