//
segsites: 99
positions: 0.005380000000000 0.009500000000000 0.018380000000000 0.027080000000000 0.052960000000000 0.057640000000000 0.061180000000000 0.073600000000000 0.112160000000000 0.119900000000000 0.155140000000000 0.200120000000000 0.231240000000000 0.252840000000000 0.277220000000000 0.277980000000000 0.282320000000000 0.283780000000000 0.293840000000000 0.294920000000000 0.295340000000000 0.300280000000000 0.311380000000000 0.325200000000000 0.326600000000000 0.334800000000000 0.338180000000000 0.346000000000000 0.363540000000000 0.368780000000000 0.378120000000000 0.381720000000000 0.402200000000000 0.408680000000000 0.435980000000000 0.448740000000000 0.452880000000000 0.455260000000000 0.461700000000000 0.468260000000000 0.475300000000000 0.489960000000000 0.493920000000000 0.497880000000000 0.517800000000000 0.521540000000000 0.540800000000000 0.543000000000000 0.549680000000000 0.566860000000000 0.567180000000000 0.567900000000000 0.569860000000000 0.582160000000000 0.596140000000000 0.598000000000000 0.604300000000000 0.605060000000000 0.607240000000000 0.621220000000000 0.641360000000000 0.644080000000000 0.649240000000000 0.673740000000000 0.679700000000000 0.680020000000000 0.686960000000000 0.692940000000000 0.696160000000000 0.713360000000000 0.713880000000000 0.723220000000000 0.740240000000000 0.742600000000000 0.744020000000000 0.749420000000000 0.797640000000000 0.801980000000000 0.805580000000000 0.809120000000000 0.812560000000000 0.817520000000000 0.826980000000000 0.828520000000000 0.832820000000000 0.832820000000000 0.845740000000000 0.864080000000000 0.871260000000000 0.875980000000000 0.896980000000000 0.901660000000000 0.910080000000000 0.945020000000000 0.949600000000000 0.964820000000000 0.976700000000000 0.981600000000000 0.991760000000000
000000001000000000010000000000000010000000000010100000000000000000000010000000000000000010000000000
000010000000000000010000000000000010000000001010100000000000000000000010000000000000000010000000000
100001011000001000000001000000000000000010000000011100100000000001010000000000000010000010000000000
011000000000000001000000000000010000000001000010000000010000100010000000000010000000010100000000000
000000001000000000010000000000000010000000000010100000000000000000000010000000000000000010000000000
000000001000100000000000000000000001000000000000010101100000000001111000000000000000010101000000000
100001011001010000101000000000000000000000000000010101100000010001010001000000000011000010000000000
100001010000010000101000000000000000000000000000010101100000010001010000000000000011000010000000000
100001011000010000100010010001000000000000000010000000010000101000000100001000000000000010000001000
000010000010010000100000010100000000000000000010000000010000100000000100000000000010000010000000000
100001011000010100100000000000000000100000000010000000010000100000000000000010000000001010000000000
000110000000010010100000011000000000010000010000000100001000000101010010010000000010000010001011000
100001011000010000100000010000000100000000000010100010000000000000000010100000010000100010100000010
100001011000010000100000010000100100000100000010100010000000000000000010100000010000100010000000000
100000000000000001000000000000000000000010000000011100100000000001010000000000000010000010000000000
000000001000100000000000010000000000000000000011100000000010000001010000000000000110000010000100001
100001011000010000100000010000000100000000000010100010000000000000000010100000010000100010100000010
100001011100010000100000010000100100000000000010100010000000000000000010100000010000100010100000000
010000000000001000000000000000000000000010000000011100100000000001010000000000000010000010000000000
000000001000000000000000000000001000000000000000010101100000000001010000001000000011000010000000000
100001011000001000000001000000000000000000000010100010000000000000000010100000010000100010100000110
100001011001010000101000000001000000000000000010000000010000100000000100001000000000000010000001000
100001011000010000100000010000100100000000000010100010000001000000000010100000010000100010100000110
100001010000010000100000010000000000010000000010000000010000100000000000000001000000010100000000000
000010000010010000100000010100000000000000000010000000010000100000000100000000000010000010000000000
100001011000010000100000010000100100000000000010100010000000000000000010100000000000000010000001000
100001110000010000100000010000000000001000100100010101100100000001010000000000100010000010011000000
010000000000000001000000000001000000000000000010000000010000100000000100001000000000000010000001000
100001010000010000100000010000000000001000000100010101100000000000000010100000010000100010100000000
010000000000010000101000000010000000000000000000010101100000010001010000000100000011000010000000000
100001011000001000000001000000000000000000000010100010000000000000000010100000010000100010100000110
100001011001010000101000000000000000000000000000010101100000010001010000000000000011000010000000000
100001011000010000100000010000000100000000000010000000010000100000000100001000000000000010000001000
000010000010010000100000010100000000000000000010000000010000100000000100000000000010000010000000000
100001011000001000000001000000000000000000000010100010000000000000000010100000011000100010100000110
100001011001010000101100000001000000000000000010000000010000100000000000000010000000001010000000000
100001011000010000100000010000100100000000000010100010000000000000000010100000010000100010100000010
100001011001010000101000100001000000000000000010000000010000100000000100000000000010000010000000000
000010000010010000100000000000000000000010000000011100100000000001010000000000000010000010000000000
010000000000000001000000000001000000000000000010000000010000100000000100001000000000000010000001000
