//
segsites: 80
positions: 0.002640000000000 0.019960000000000 0.053740000000000 0.056520000000000 0.057900000000000 0.066280000000000 0.094380000000000 0.095880000000000 0.098040000000000 0.099380000000000 0.112480000000000 0.113940000000000 0.115240000000000 0.117560000000000 0.154460000000000 0.195780000000000 0.200440000000000 0.202380000000000 0.207400000000000 0.207840000000000 0.212040000000000 0.252720000000000 0.271900000000000 0.277520000000000 0.291240000000000 0.310860000000000 0.316660000000000 0.325020000000000 0.334360000000000 0.334680000000000 0.335160000000000 0.336500000000000 0.348100000000000 0.359240000000000 0.373320000000000 0.374620000000000 0.384600000000000 0.401260000000000 0.414100000000000 0.442000000000000 0.444300000000000 0.450420000000000 0.467280000000000 0.479780000000000 0.481360000000000 0.488080000000000 0.488820000000000 0.503320000000000 0.506920000000000 0.514640000000000 0.530200000000000 0.563520000000000 0.567440000000000 0.610300000000000 0.619560000000000 0.636300000000000 0.647300000000000 0.652020000000000 0.665780000000000 0.669580000000000 0.700060000000000 0.700120000000000 0.707360000000000 0.758000000000000 0.767420000000000 0.778100000000000 0.790760000000000 0.797220000000000 0.814560000000000 0.823840000000000 0.839760000000000 0.861740000000000 0.898040000000000 0.908240000000000 0.908720000000000 0.934540000000000 0.938520000000000 0.950840000000000 0.951620000000000 0.983640000000000
00000010000000010100000000000000010000000100000100000001001100001000000001000000
00000000100000100000000000000000110000010001001000000011001000110010000000000000
00000001000001100010000000001000001100100000000100000001001100001000100001100000
00000010000000010100000010001000000100100100000100000001001100001000000001000000
00000000000000100000100000000000010000010010000000010000000000000000000101000000
00000010000000010100000000001000000100100100000100000001001100001000000001000000
00000010000000010100000000001000000100100100000100000001001100001000000001000000
01000000000000000100000100000001000000001001001000000001011000110010000001000000
00000000100000100000000000010000010010000000000000010101101100001001000000000001
00000000100000100000000000010000010000000000000001010101101100001000000001000000
00000010000000010100000000000000010000010001001000000001001000110010000000000000
01000000000000000100000100000001000000001001001000000001001000110000000001000000
01000000000000010101000000001000000100100100000100000001001100001000000001000000
01000000000000000100000100100001000000001001001000100001001000110110000000000000
00000000100000100000000000010000010000000000000000010101101100001001000010000101
01000000000000000100000100000001000000000000000000010101101100001001000010000101
00000010000000010100000000001000000100100100000100000001001100001000000001000000
00000010000000010100000000000000010000010001001000000001001000110010001000000000
00010000000000000100000100000011000100100100000100000001001100001000000001000000
00000001000001100010000000001000000100100000000100000001001100001000100001100000
01000000000000101010010000000100010001010010000000011000000000001000000001000000
00000000100000100000000000010000010000000000000000010101101100001001000010000101
00000000100000100000000000010000010000000000000000010101101100001001000010000101
00010000000000000100000100000001000100100100000100000001001100001000000001000000
00010100000000000100000100000001000000001001001000000001001000110010000000000001
01000000000000000100000100000001000000001001001000000001001000110110000000000000
00010000000000000100000100000001000000001001001000000001001000110010000000000001
00000000100100100000000001010000010000000000000000010101101100001001000010000101
00000001000001100010000000001000000100100000000110000001001100001000100001100000
00000001010000101010010000000000010001010010000000010000000000001001000010000101
10100000000010000000000000000000000000000000110000000001001000101000000000011010
00000001000000100010000000001000000100100000000100000001001100001000100001100000
00000001000000100010000000001000000100100000000100010000000000000000000101000000
10100000001010000000000000000000000000000000110000000001001000101000000000011010
00000010000000010100000000001000000100100100000100000001001100001000000001000000
00000010000000010100000000000000000100100000000100000001001110001000100001100000
00001001000000100010001000001001000000001001001000000001001000110010000000000000
00000010000000010100000000001000000100100100000100000001001100001000000001000000
00000000100000100000000000010000010000000000000001010101101101001000010001000000
01000000000000000100000100000001000000001001001000000001011000110010000001000000
