//
segsites: 76
positions: 0.003620000000000 0.004340000000000 0.012360000000000 0.014860000000000 0.024120000000000 0.044580000000000 0.049920000000000 0.062380000000000 0.088220000000000 0.144620000000000 0.156580000000000 0.163060000000000 0.166520000000000 0.179180000000000 0.188780000000000 0.189880000000000 0.191980000000000 0.194620000000000 0.208060000000000 0.214820000000000 0.226120000000000 0.264340000000000 0.272960000000000 0.282180000000000 0.283880000000000 0.296120000000000 0.299100000000000 0.340320000000000 0.360840000000000 0.363060000000000 0.368200000000000 0.383020000000000 0.407420000000000 0.415940000000000 0.418700000000000 0.453680000000000 0.457620000000000 0.527400000000000 0.537560000000000 0.552160000000000 0.559040000000000 0.579820000000000 0.584300000000000 0.589480000000000 0.596000000000000 0.639960000000000 0.659880000000000 0.663700000000000 0.669100000000000 0.677440000000000 0.698260000000000 0.716320000000000 0.717260000000000 0.743800000000000 0.751840000000000 0.758720000000000 0.760060000000000 0.769000000000000 0.769460000000000 0.779580000000000 0.793480000000000 0.799600000000000 0.813920000000000 0.823760000000000 0.829660000000000 0.834600000000000 0.904720000000000 0.905460000000000 0.907420000000000 0.914280000000000 0.916880000000000 0.942680000000000 0.969280000000000 0.979620000000000 0.981520000000000 0.984420000000000
1000000000110001000010000000111100000000001000000000101000001100000000101011
0000000000111001000010000000110100000001000000001000000000010000000000000000
0001001101000000010000010100100011000000001000000000111000001100000000101011
0000000001000000010000010100100011000000001000000000101000001100000000101011
0110010000110001000010000000111100000000000010100000000010000001010000000000
0001001101000000010000010100100011000000001000100000000010000000000000000000
0110010000110001000010000000111000010000000000000000000001000000000100000000
1000000000110001000010000000111100000000001000000000101000001100000000101011
0000000000111001000010000000110100000000000000000000000010000000010000000000
0000000000000010000000000001000000010000010010100000000010000000000000101011
0110010000110001000010000000111000010000000000000000000001000000000101000000
0110010000110001000010001000111000010000000000010000000001000000000100000000
0110010000111001000010000000110100000010000011100000000010100000000000000000
0110010000110001000010000000111100000010100010100000000010000000000000000000
1000010000110000100001010000100011000010000010000000000001000000000000000000
0000000000111001000010000000110100000000000000000000000010000000010010000000
0110010000110001000010000000111000110000000100000000000001000000101000000000
0110010000110001000010000000111100000100000000100000000010000000000000000000
0000000000111001000010000000110100000000000000000000000010000000010000000000
0000000000000010000000000001000000011000000010100000000010100000000000000000
1000010000110000100001010000100011000010000010100000000110100000000000000000
0110010010110001000010000000111100000000000010100000000010000000010000000000
1000000000111001000010000000110100000000000000000000000000001110101000000000
0110010000110000100001110000100011000000000000100000000010000000000000000000
1000000000111001000010000000110100000000000000000000100000001110101000000000
1000010000110000100001010000100011000010000010100000000110100000000000000000
0110010000110001000010000000111000010000000000000000000001000000000100000000
1000000000111001000010000000110100000000000000100010000010000000000000000000
0110010000110001000110000000111100000010100010100000000010000000000000000000
1000000000110001000010000000111100000000001000000000101000001100000000101011
0000000000000010000000000001000000010000000000000001000001000000000000000000
1000110000110000100001010010100011000010000010100000000010100000000000000000
1000000000110001000010000000111100000000000010100000000010000000000000101011
0110010000110001000010000000111000010000000000000000000001000000000100000000
1000000000110001000010000000111100000000000010100000000010000000000000000000
0100010000110100100001010000100011000010000000000000000010000000010000010000
0001001101000000010000010100100011000000001000000000101000001100000000101011
0001001101000000011000010100100011000000001000000000101000001100000000101111
0110010000111001000010000000110100000000000000000100100000001110101000000000
0001001101000000010000010100100011000000001000000000101000001100000000101011
