//
segsites: 99
positions: 0.008980000000000 0.018760000000000 0.050940000000000 0.058860000000000 0.071180000000000 0.071720000000000 0.106360000000000 0.121420000000000 0.133040000000000 0.141880000000000 0.148760000000000 0.175440000000000 0.180120000000000 0.184720000000000 0.214040000000000 0.224500000000000 0.226040000000000 0.246380000000000 0.248380000000000 0.252180000000000 0.267580000000000 0.272260000000000 0.293020000000000 0.304820000000000 0.308480000000000 0.320620000000000 0.326800000000000 0.338620000000000 0.347200000000000 0.351840000000000 0.384420000000000 0.418420000000000 0.418800000000000 0.424900000000000 0.457580000000000 0.460100000000000 0.460620000000000 0.482980000000000 0.487780000000000 0.493780000000000 0.501320000000000 0.509100000000000 0.522240000000000 0.538520000000000 0.549480000000000 0.558240000000000 0.571080000000000 0.581380000000000 0.581780000000000 0.583580000000000 0.590760000000000 0.591660000000000 0.596840000000000 0.600980000000000 0.607420000000000 0.613060000000000 0.636380000000000 0.645000000000000 0.646620000000000 0.647420000000000 0.670940000000000 0.678160000000000 0.695280000000000 0.713120000000000 0.714220000000000 0.716580000000000 0.721960000000000 0.725440000000000 0.740020000000000 0.744920000000000 0.748640000000000 0.758180000000000 0.767660000000000 0.769300000000000 0.772340000000000 0.780680000000000 0.781220000000000 0.793140000000000 0.794880000000000 0.797480000000000 0.797900000000000 0.799100000000000 0.799480000000000 0.804400000000000 0.812100000000000 0.837200000000000 0.840740000000000 0.847040000000000 0.875100000000000 0.878660000000000 0.895860000000000 0.896560000000000 0.899660000000000 0.902840000000000 0.921500000000000 0.953080000000000 0.959080000000000 0.976580000000000 0.999760000000000
010010001000000000000000000000000000000000000000000000101000000100001100000000000000011100000000001
000000010000000000000000000000001000000000000000000000101000000100001100000000000000011100000000001
001100010000000000000010000000000000000000000000111010000010001000100100000001001000010000000100110
001100010000000000000000000000000000000000000000000000101000000100000000000000000001010000000010000
001100001000000000000100000010000001000000101000000001000000010000000100001000000000010000000100110
100000000010000011001000001100010010001000000000110100000010001001000000100100000110000000000000110
010010001000000000100000000000001000000000101000000001001000000100001100000000000000011100100000001
010010001000000000000000000000000000000000101010000001000000010000100100000001101000010000000000110
000000000000101100000010000000000000001000000000110100000010001001000000100100000110000000000000110
100000000010000010001000001100010010001000000000110100000010001001000000100100000110000000000000110
010011001000000010001000011100010010001000000000110100000010001011000010100100000110000000000000110
000000000000101100000010000000000000001000000000110100010010001001000000100100000110000000000000110
100000000010000010001000001100010010101000000000110100000010010000010101001000000000110000000000000
000000010000000000000001000000001000000100000000110010000010001000100100000001001000010000000100110
100000000010000010001000001101010010001000000000110100000010001001000000100100000110000000000000110
010010001000000000100000000000001000000000101000000001000010001001000000100100000110000000000000000
000000010000000000000000000000001000000100100000000001000000010000010101001000000000110000000000000
001100001000000000000000000010000001000000101000000001000000010000000100001000000000010000000000000
000000000000101100000010000000000000011000000000110100000010001001000000100100000110000001010000000
001100010000000000100000000000001000000001101000000001001001000100001100000000000000011100100000001
001100010000000000000000000000000000000000111000000001000000010000000100001000000000010000000001000
000000010000000000000000000000001000000100100101000001000000010000010101001000000000110000000000000
001100010000000000000000000000000000000000101000000001000000010000000100001000010000010000000000000
000000010000010000000000000000001000000100100000000001000000010000010101001000000000110000000000000
001100001000000000000000000010000001000000101000000001000000010000010101001100000110000010000001000
000000000000101100000010000000100000001000000000110100000010001001000000100100000110000000000000110
001100010000000000000010000000000000000010000000110010000010001000100100001000000000010000000000000
000000010000000000010000000000001000000100100000000001000000010000010101001000000000110000000000000
000000010001000000000000100000001100000100100000000001000000010000010101001100000110000000010000110
000000010000000000000000000000001000000100100000000001000000010000010101001000000000110000000000000
010010001000000000000000000000001000000000101000000001001000100100001100000000000000011100100000001
000000010000000000000001000000001000000100100000000001000100010000010101001010000000110000001000001
000000000000101100000010000000100000001000000000110100000010001001000000100100000110000000000000110
001100010000000000000000000010000000000000101000000001000000010000000100011000000000010000000000000
000000010000000000000000000000001000000100100000000001000000010000010101001000000000110000000000000
010011001000000010001000011100010010001000000000110100000010001011000000100100000110000000000000110
000000010000000000000000000000001000000100100101000001000000010000010101001000000000110000000000110
010010101100000000000000000000001000000000101000000001001000000100001100000000000000011100100000000
001100010000000000000000000010000000000000101000000001000000010000000100011000000000010000000000000
000000010001000000000000000000001000000100100000000001000000010000010101001100000110000000010000110
