//
segsites: 89
positions: 0.017800000000000 0.031680000000000 0.043400000000000 0.051100000000000 0.068280000000000 0.086540000000000 0.106200000000000 0.108580000000000 0.147540000000000 0.147880000000000 0.152000000000000 0.159020000000000 0.160260000000000 0.172120000000000 0.176840000000000 0.218940000000000 0.225680000000000 0.253380000000000 0.255820000000000 0.264940000000000 0.270700000000000 0.291260000000000 0.313980000000000 0.323860000000000 0.325960000000000 0.331720000000000 0.331940000000000 0.335620000000000 0.341280000000000 0.342280000000000 0.351740000000000 0.356400000000000 0.361420000000000 0.370620000000000 0.386800000000000 0.391260000000000 0.392060000000000 0.404940000000000 0.427140000000000 0.436780000000000 0.437260000000000 0.453760000000000 0.458040000000000 0.469420000000000 0.481960000000000 0.485900000000000 0.487000000000000 0.487600000000000 0.491900000000000 0.499740000000000 0.515440000000000 0.522560000000000 0.536980000000000 0.541020000000000 0.548200000000000 0.565320000000000 0.580200000000000 0.590260000000000 0.598220000000000 0.600860000000000 0.620280000000000 0.628840000000000 0.647820000000000 0.666640000000000 0.698440000000000 0.700420000000000 0.708600000000000 0.717500000000000 0.720240000000000 0.723320000000000 0.737020000000000 0.778560000000000 0.787320000000000 0.826000000000000 0.827680000000000 0.833960000000000 0.834640000000000 0.851720000000000 0.870740000000000 0.878840000000000 0.885360000000000 0.889080000000000 0.913100000000000 0.960720000000000 0.962420000000000 0.975800000000000 0.978160000000000 0.978200000000000 0.983400000000000
00000001000000010000001000000100000000001000100000000000010100000001000000000000000000000
00000010000100010000001000000000110000001000110000010000000000000001000001000100000000010
10000000000100010000000000010000000001001000100000000000000000000000001010000000000000000
10000000010100010000000000010000000001001000100000010000000000000001100001000100000000000
10000000010100010000000000010000000001001000100000010000000000000001100001000100000000000
00000010000100010000001000000000000000101000100000010000000000000001100001000101100000001
10000000010100010000000000010000000001001000100000010000000000000001100001000100000000000
00000010000100010000001000010000000001001000100000010000000000000001100001000100000000000
00000000000000001001110000010000000000001111100000000001000001001000000001000100000000010
10000000000100010000000000010000000001001000100101000000000001100000001110000000000000000
01000010001101110000000000010000000000001000110000010010000000000001000001000100000000010
10000010000010010100000010000010000001001000100000000000000001011000000000000000000010000
00000000000000001001110000010000000000001110100000001101000001001000000001100010100000001
00100010000000010100000010000010000001001000100000000000010000001000000001100010100000001
00000110000100010000001000000100000010001000100000000000010000000001000001000000100100000
00000010000100010000001000000000000000001000100101000000000000000000001110000000000000000
00000110000100010000001000000100000010001000100000000000010000000001000001000000100100000
00000010000100010000000000010001001100001000100010010000000000000001100001000100000000000
00000110000100010000001000000100000000001110100000100001001001001000000001100010100000001
00011110000100010000000000000000110000000000100000000000100010000110010000011000001000100
10000000010100010000000000010000000001001000100000010000000000000001100001000100000000000
00000000000000001001110000010000000000001000100000010000000000000001100001000101010000010
10000010100100010000001000000000000000001000100000000000000000000000001010000000000000010
00000000000000001001110001010000000000001110100000000001000001001000000001100010100000000
00000000000000001011110000010000000000001110100000000001001001001000000001100010100000001
10000000000100010000000000010000000000011000110000010000000000000001000001000100000001000
00100010000000010100000010000010000001001000100000000000000001011000000000000000000010000
00000010000100010000001000000000000000001000100101000000000000000000001110000000000000000
00000000000000001001110000110000000000001110100000000001000001001000000001100010100000001
00100010000010010100000110000010000001001000100000000000000001011000000000000000000010000
00100010000000010100000010000010000001001000100000000000010000001000000001100010100000001
00100010000000010100000010000010000001001000100000000000010000000001000001000000100100000
00100010000010010100000110000010000001001000100000000000000001011000000000000000000010000
00000110000100010001110000010000000000001110100000000001000001001000000001100010100000001
00000010000100010000001000000000000000001110100000000001000001001000000001100010100000001
00011110000100010000000000010000000000011000110000010000000000000001000001000100000000000
00000010000100010000000000011000000001001000100000010000000000000001100001000100000000000
00000000000000001001110000010000000000001110101000000001000001001000000001100010100000001
00100010000100010000001000000000000001001110100000000001000001001000000001100010100000001
01000000000100010000001000000000000000001000100000000000000000000000001010000000000000000
