//
segsites: 83
positions: 0.002820000000000 0.014300000000000 0.021320000000000 0.029740000000000 0.039460000000000 0.041780000000000 0.043480000000000 0.058560000000000 0.058980000000000 0.060740000000000 0.068320000000000 0.087200000000000 0.096640000000000 0.100380000000000 0.111000000000000 0.112860000000000 0.195380000000000 0.203520000000000 0.231560000000000 0.241060000000000 0.243040000000000 0.244140000000000 0.245000000000000 0.250840000000000 0.260360000000000 0.268780000000000 0.269560000000000 0.275780000000000 0.282380000000000 0.301760000000000 0.328380000000000 0.330400000000000 0.341780000000000 0.359800000000000 0.393740000000000 0.396680000000000 0.413420000000000 0.413600000000000 0.423760000000000 0.446060000000000 0.452240000000000 0.463180000000000 0.480140000000000 0.483200000000000 0.508440000000000 0.509660000000000 0.513520000000000 0.543840000000000 0.551760000000000 0.561780000000000 0.575360000000000 0.589340000000000 0.606380000000000 0.614280000000000 0.615160000000000 0.656520000000000 0.665020000000000 0.675860000000000 0.687160000000000 0.690940000000000 0.703780000000000 0.736300000000000 0.737580000000000 0.748940000000000 0.763160000000000 0.771260000000000 0.774980000000000 0.794260000000000 0.800440000000000 0.804120000000000 0.848180000000000 0.855620000000000 0.872100000000000 0.882180000000000 0.885500000000000 0.892000000000000 0.903660000000000 0.909780000000000 0.919440000000000 0.926140000000000 0.957980000000000 0.978620000000000 0.986000000000000
00110011000000100000000100000010010000100000100000001000000000000000000001000000000
00000000000100000000000000000100000000100010101001110100101000000000001000000100001
00010110110000000000010100000000000000101000101111000110100100000110001000000100001
00010110110000000000000000100100000000100000100000001000000000000000000001000000000
00010110110000000000000100000010000000100000101001000000000000000000000001000000000
00010110110000000000000100000000100000101000101101000100110000000000001000000100011
00110010000000011010000001001001000010000101010000000000000011010001100000001101001
10010110110000000000000100000000000000101000101101000100110000000000001000000100001
01010110110000000000000100010000000100101000101111000100100000000110001000000100001
00010110110010001010000001001001000010000101010000000000000010010001100000001100001
00110010000000100000000100000010000000100000100000001000000000000000000001000000000
00000000000100000100000000000100000000100010101001110100101000000000001001000000000
00110010000000100000100100000000000000101000101001110100000010010000010110100000000
00010110110000000000000100000000000000101000101101000100110000000000001000000100001
00010110110000000000000100000000000000101000101101000100110000000000001000000100001
00010110110000000000000100000000000000101000101101000100110000000000001000000100001
00011110110000000000000100000000000000101000101101000100110000000000001000000100001
00010110110000000000000100000000000000101000101101000100110000000000001000000100001
00010110110000000000000100000000000000101000101101000100110000000000001000000110001
00010110110000000000000100000000000000101000101101000100110000000000001000000100000
00010110111000000000000100000000000000101000101101000100100000000000001000000100001
00000000000100000000000000000100000000100010101001110100101000000000001000000100001
00110010000000100001000100000010000001100000100000001000000000000000000001000000000
00010110110000000000000100000000000000111000101111000100100000000110001000010100001
00010110110000000000000100000000100000101000101101000100110000000000001000000100011
00010110110000000000000100000000000000101000101101000100110000000000001000000100001
00010110110000000000000100000000000000101000101001110100000010010000010110100000000
00010110110000000000000100000000000000101000101001110101100000000000001000000100101
00010110110000000000000110000000000000101000101111000100100000000110001000010100001
00000000000100000000000000100100000000100010101001110100101000000000001000000100001
00010110110000000000000100000000000000101000101001110100000000000000001000000100001
00010110110001000000001100000000000000101000101111000100100000000110001000010100001
00110010000000100000000100000010000000100000100000001000000000000000000001000000000
00110010000000100001000100000010000001100000100000001000000000000000000001000000000
00110010000000100000000100000010000001100000100000001000000000000000001000000100001
00010110110000000000000100000000001000100101010000000000000011010001100000001101001
00010110110001000000000100000000000000101000101111000100100000100110001000010100001
00010110110000000000000100000000000000101000101001110100000010010000010110100000000
00010110110001000000001100000000000000101000101111000100100000001110001000010100001
00010110110000000000000100000000000000101000101001110100000010010000010110100000000
