//
segsites: 92
positions: 0.011060000000000 0.013260000000000 0.013500000000000 0.015220000000000 0.034000000000000 0.043620000000000 0.047200000000000 0.049200000000000 0.057720000000000 0.071880000000000 0.084620000000000 0.125480000000000 0.126840000000000 0.127660000000000 0.141760000000000 0.173500000000000 0.173580000000000 0.177900000000000 0.192240000000000 0.195020000000000 0.219340000000000 0.229520000000000 0.232880000000000 0.237440000000000 0.244540000000000 0.252660000000000 0.257360000000000 0.259260000000000 0.264240000000000 0.290940000000000 0.333920000000000 0.334880000000000 0.338980000000000 0.348400000000000 0.356160000000000 0.379660000000000 0.396500000000000 0.409520000000000 0.438560000000000 0.451180000000000 0.467700000000000 0.483800000000000 0.484320000000000 0.485340000000000 0.497460000000000 0.506600000000000 0.530020000000000 0.544880000000000 0.571060000000000 0.574600000000000 0.578080000000000 0.581980000000000 0.587220000000000 0.590560000000000 0.597520000000000 0.602660000000000 0.625980000000000 0.628600000000000 0.639000000000000 0.642600000000000 0.649600000000000 0.670780000000000 0.718360000000000 0.729320000000000 0.732800000000000 0.737940000000000 0.740960000000000 0.761420000000000 0.780380000000000 0.780400000000000 0.784320000000000 0.794000000000000 0.807520000000000 0.814960000000000 0.824360000000000 0.825200000000000 0.833960000000000 0.837660000000000 0.850240000000000 0.865900000000000 0.871260000000000 0.874700000000000 0.883100000000000 0.894040000000000 0.903920000000000 0.908800000000000 0.911280000000000 0.922420000000000 0.924940000000000 0.957640000000000 0.985680000000000 0.998840000000000
00001100100000011010001010101100000000000000000101100000000001000010000000000000000100000000
00000000000000011000001010101110001001000001100010000000000000000000000000010000100000001000
00001000110000011000001010101110000001000001100010000000000000001000000000010000100000001000
10000001000010010000000010100100000001000001100010000000000000000000000000001001000000000000
00000010100000011100001010101110000001000001100010000000010000100100000000000000000100001000
00001000100000011100001010101110000001000001100010000000000000001000000000010000100000001000
00001000100000011100001010101110000001010001100010000000000000000000000000010010100000001000
00000000100100000000100001000001100101001000000000001011000000000000001000001001000000000000
00000000100100000000000000000000000000000000000100000000000001000010000000000101001000000000
00001000100000011100001010101110000001000001100010000000100000001000000000010000100000001000
00100000001000100000000000000001100101001000000000011010010000100100000000000000000100000000
00001000100000011000100001000000000000000000000100100000000001000010000000000000000100000000
00000010100000011000000000000000000000000000000101100000000001000010000000000000000100100000
00000000100100000000000000000000000000000000000100000000000001000011000000000000000100000000
00000000100100000000000000000000000000000000000100000000000001000010000100000000000100000000
00001000100000011100001010101110000001010001100010000000000000000000000000010010100000001010
00001000100000011010001010101110001001000001100010000000000000000000100000000000010001010000
00001000100000011100001010101110000001000001100010000000000000000000000000010000100000001000
00000000100100000000000000000000000000000010000100000000000001000010010000000000000100000000
00001000100000011010001010101110001001000001100010000000000000000000100000000000010001010000
10000001000010010000000010100100010001000001100010000000000000000010000000110000000000001100
00000000100100000000000000000000000000000000000100000000000001010010000000000101001000000000
00100000001000000000000000000001100101001000000000011010010000100100000000000000000100000000
00000000100100000000000100000000000000000000000100000000000001000010000000000000000100000000
00001000100000011100001010101110000001000001101000000000000100000000000010010000100000001000
00000010100000011100001010101110000001000001100010000000010000100100000000000000000100000000
10000001000010010000000010100100010001000001100010000000000000000010000000110000000000001100
00000000100100000000000000000000000011000000100010000000000010000000000000110000000000001100
01000000100100000000010100000000000000000000000100000000000000000000000000010000100010001000
00000000100100000000000000000000000000000000000100000000000001000010000000000000000100000000
10000001000010010000000010100100000001000001100010000000000000000010000000110000000000001101
00001000100000011100001010101110000001100001100010000000000000000000000000010000100000001000
00010000001000000000100001000001100101001000000000001011000000000000001000001001000000000000
00000000100101000000000100000000000000000000000100000000000000000000000000010000100000001000
00001000100000011000100001000000000000000000000100100000000001000010000000000000000100000000
00000000100100000000000000010000000000000000000100000000001001000010000000000000000100000000
00001000110000011000001010101110000001000001110010000000000000000000000000010000100000001000
00000000100100000001000000000000000000000100000100000000000001000010000000000000000100000000
00000010100000011000000000000000000000000000000101100000000001000010000000000000000100000000
00000000100100000000000000000000000000000000000100000100000001000010000001000101001000000000
