//
segsites: 92
positions: 0.033540000000000 0.034080000000000 0.035060000000000 0.058120000000000 0.062020000000000 0.071020000000000 0.073000000000000 0.078180000000000 0.118580000000000 0.120180000000000 0.125180000000000 0.136160000000000 0.176840000000000 0.206780000000000 0.215080000000000 0.255640000000000 0.263460000000000 0.267740000000000 0.268080000000000 0.290620000000000 0.299820000000000 0.320080000000000 0.335400000000000 0.338880000000000 0.339140000000000 0.339780000000000 0.350020000000000 0.358120000000000 0.358300000000000 0.387880000000000 0.392540000000000 0.393840000000000 0.412500000000000 0.427000000000000 0.438740000000000 0.446500000000000 0.450960000000000 0.451700000000000 0.452560000000000 0.470940000000000 0.474540000000000 0.476180000000000 0.485720000000000 0.493920000000000 0.496880000000000 0.517860000000000 0.531680000000000 0.534260000000000 0.535040000000000 0.541860000000000 0.551220000000000 0.553100000000000 0.559300000000000 0.578040000000000 0.580980000000000 0.583860000000000 0.590380000000000 0.598000000000000 0.610080000000000 0.611800000000000 0.613740000000000 0.617820000000000 0.618300000000000 0.620200000000000 0.623980000000000 0.644740000000000 0.678680000000000 0.680180000000000 0.687620000000000 0.706680000000000 0.719360000000000 0.736480000000000 0.744300000000000 0.744960000000000 0.759960000000000 0.780360000000000 0.789020000000000 0.812140000000000 0.838940000000000 0.839300000000000 0.839520000000000 0.849680000000000 0.861040000000000 0.866660000000000 0.892920000000000 0.910060000000000 0.920640000000000 0.929880000000000 0.955420000000000 0.977720000000000 0.986440000000000 0.991920000000000
00000110100000100011000100100010000000000000000000010000010000010000000000000001000000000011
00000110000000100011000100100010000000000000000000110000000001010000000000000001000000000011
00000100000000000000000000000001110000001000000000000000100000000000010000001100000001011100
00000110000000100011000100100010000000000000000000010000000000010000000000000001000000000011
10001001010000100010000000010001100001001001001000000000000000000000010000000001000000100011
00001001010000100010000000101010000000000000000000010000000000010010000000000001000000000011
00010110000000100010000000100010000000000000000010010000000000010000000000000001000000100011
11001001000000100000000000010001100001011001001000000000000000000000010000101100000010000100
10001001000000100000000000010010000000000000000100010000000000000000000100001000000000000011
10001001000000100010000000100010000000000000000000010000000000010000000000000001000000000011
10001001000000100010000000100010000000000000000000010000000000011000000000000001000000000011
10001001010000100010000000100010000000000000000010010000000000010000000000000001000000100011
10001001010000100010000000100000001000000000100000001000000000000000000100001000000000000011
10101001010000100010000000100000001000000000100000001000000000000000000100001000001000000011
00000100000000000100001000010001100001001000000000010000000000010000000000000001000000000011
00000110000000100011000100100010000000000000000000110000000001010000000000000001000000000011
10001001000000100010000000100010000000000000000000010000001010000100000000000011000000000011
10001001010010100010000011100000001000000000100000001000000000000000100100001000000000000011
10001001000000100000000000010001100001001001001000000000000000000000010000101100000010000100
00000100001000000000000000010001100001001000000000000000000000100000001010001000110010000100
10001001010000100010000000100010000000000000000000010000000000010001000000000001000000000011
10001001010000110010000000100010000000000100000010010000000000010000000000000001000000100011
00000100000000000000000000000001110000101010000000010111001010000100000000000011000000000000
10001001000000100000000000100110000000000000000000010000000000010000000000000001000000000011
10001001000000100010000000100010000000000000000000010000001010000100000000000011000000000011
11001001000000101011000100100010000000000000000000110000000001010000000001000001000000000011
10001001010000100010000000100010000000000000000010010000000000010000000000000001000000100011
10001001000000100010000000100010000000000000000000010000000000011000000000000001000000000011
10001001000000100000000000010001100001001001001000000000000000000000010000101100000010000100
10001001000000100000000000100110000000000000000000010000000000010000000000000001000000000011
00000100001000000000000000010001100001001000000000000000000000100000001010001000110010000100
10001001000000100000010000000000100110000000010000000000000010000000000000000001000000000011
10001001010010100010000010100000001000000000100000001000000000000000000100001000000000000011
10001001010000100010000000100010000000000000000010010000000000010000000000000001000000100011
10001001000000100000000000010001100001001001001000000000000000000000010000101100000010100011
10001001010000100010000000100010000000000000000011010000000000010000000000000001000000100011
00000110000000100011100100100010000000000000000000010000010100010000000000010001000100000011
10001001010000100010000000100000001000000000100000001000000000000000000100001000000000000011
10001001010100100010000000100010000000000000000010010000000000010000000000000001000000100011
00000100000001000100001000010001100001001000000000010000000000010000000000000001000000000011
