//
segsites: 79
positions: 0.002260000000000 0.016680000000000 0.024440000000000 0.040260000000000 0.047200000000000 0.052240000000000 0.063840000000000 0.066600000000000 0.076260000000000 0.079580000000000 0.082360000000000 0.085460000000000 0.088360000000000 0.123920000000000 0.128140000000000 0.135900000000000 0.139340000000000 0.142760000000000 0.162340000000000 0.166640000000000 0.190660000000000 0.195540000000000 0.211860000000000 0.212680000000000 0.217680000000000 0.230660000000000 0.264300000000000 0.294140000000000 0.306520000000000 0.323240000000000 0.326460000000000 0.383400000000000 0.439220000000000 0.453840000000000 0.461860000000000 0.470340000000000 0.470900000000000 0.475400000000000 0.477040000000000 0.510500000000000 0.510640000000000 0.513420000000000 0.519360000000000 0.545300000000000 0.567340000000000 0.573880000000000 0.580540000000000 0.588720000000000 0.593380000000000 0.597540000000000 0.636080000000000 0.649060000000000 0.652460000000000 0.661180000000000 0.671700000000000 0.680360000000000 0.685640000000000 0.690800000000000 0.703880000000000 0.711560000000000 0.731020000000000 0.743800000000000 0.752240000000000 0.774240000000000 0.790480000000000 0.801280000000000 0.815480000000000 0.832940000000000 0.851440000000000 0.857660000000000 0.878420000000000 0.886760000000000 0.893480000000000 0.898940000000000 0.905540000000000 0.916560000000000 0.941520000000000 0.949720000000000 0.997120000000000
0001010100000000110000001000001100000000000000101100000101000001000100000000111
1000000000000100001000010000110000001000001000000000100000101000100010000000000
0000000000000110000000000000000000100000000000000000110000100010010000010000011
1000000000000100001000010000010000001000000000000000100000100010000000000000011
0000000000000110000000000100001100000000000000101100000100000001000000000000011
1000000000000100001100010000010000001000000000000000100000100010010000000000010
1000000000000100001000010000010000001000000000000000100000100010000000000000011
0100000000001001000010000100001100000000000000101100000100000001000000000000011
0001010100000000110000001000001100000000000000101100000100000001000000000000111
0000000000000100001000010010000000010000000000000000100000100010001000000000010
0001010101000000110000001000000000000100000001000000000000000001000000000011000
1000000000000100001000010000110000001000001000000000100000101000100010000000000
0000000000000100001000010001000000010000000000000000100000100010001000000000000
0000000000000110000000000000000000100000000000000000110000100010010000010000011
0000000000000110000000000000000000100000000000000000110000100010010000000000010
0000000000000110000001000000000000001000000000000000100000100010010000000000010
0000001000010110000000000000000000000000010000000000100000100010001000000000010
0010000000000110000000000000000000100000000100000000110000100010010000010000011
0010000000000110000000000000000000100000000100000000110000100010010000010000011
0000100010000100001000110000000000010000000000000000100000100010001000000000010
0000000000000110000000000000000001100000000000000000110000110010010000000000010
0000000000000110000000000000000000100001000000000001110000100010010000010000011
1000000000000100001000010000110000001000001000000000100000101000100010000000010
1000000000000100001100010000010000001000000000000000100000100010010000000000010
1000000000000100001000010000110000001000001000000000100000101000100010000000000
0001010100000000110000001000000010000010000000101100000100000001000000001000011
0001010100000000110000001000000000000100100001000000000010000001000000000011000
1000000000000100001000010000010000001000000000010000100000100010010000100000010
0001010100000000110000001000001100000000000000101100000100000001000001000000111
1000000000000100001000010000010000001000000000010000100000100010010000100000010
0000000000000100001000010000000000010000000000000000100000100110001000000000010
0000000000000110000000000000000000100000000000000011110000100010010000010100011
1000000000000100001000010000110000001000001000000000100000101000100010000000000
0000000000000110000000000000000000100000000000000000110000100010010000000000010
0000000000000110000000000000000000100000000000000000110000100010010000000000011
0001010100000000110000001000000000000100000001000000000000000001000000000011000
0001010100000000110000001000000000000100000001000000000000000001000000000011000
0001010100000000110000001000000000000100000001000000000000000001000000000011000
0000000000000110000000000000000000100000000010000000111000100010010000000000010
0000000000100100001000010000000000000000000000000000100000100010001000000000010
