//
segsites: 89
positions: 0.016900000000000 0.053800000000000 0.065900000000000 0.086760000000000 0.089300000000000 0.096920000000000 0.097020000000000 0.116580000000000 0.129140000000000 0.148920000000000 0.157560000000000 0.161480000000000 0.183160000000000 0.192600000000000 0.196620000000000 0.201120000000000 0.212620000000000 0.213600000000000 0.214760000000000 0.215020000000000 0.222020000000000 0.241420000000000 0.247200000000000 0.252840000000000 0.255800000000000 0.269360000000000 0.276760000000000 0.292900000000000 0.319320000000000 0.319600000000000 0.322940000000000 0.330340000000000 0.347160000000000 0.352400000000000 0.357740000000000 0.361800000000000 0.363860000000000 0.365980000000000 0.370140000000000 0.378920000000000 0.389540000000000 0.454040000000000 0.462760000000000 0.490120000000000 0.494600000000000 0.495440000000000 0.504280000000000 0.504880000000000 0.508600000000000 0.510900000000000 0.515640000000000 0.525980000000000 0.526320000000000 0.549800000000000 0.568300000000000 0.569780000000000 0.579300000000000 0.603460000000000 0.607740000000000 0.625380000000000 0.628440000000000 0.645960000000000 0.654020000000000 0.657140000000000 0.668100000000000 0.701360000000000 0.704020000000000 0.704260000000000 0.736640000000000 0.790360000000000 0.804240000000000 0.807700000000000 0.825000000000000 0.833780000000000 0.840920000000000 0.842680000000000 0.850140000000000 0.865120000000000 0.865260000000000 0.866060000000000 0.890220000000000 0.893140000000000 0.900400000000000 0.917600000000000 0.937920000000000 0.939620000000000 0.942980000000000 0.945100000000000 0.983700000000000
01010101000010100110000000000011000010000001000000001011000001000100000000000010001000000
00010001000010100100000000000001000010000010010100000000100000000100000000000010001000000
00100000000000010000000001000001000000110000000000000000100110100000000000000010001000000
00010001000010100100000000000001000010000010010100000000100000000100000000000010001000000
01010101000010100100000000000001000010000010010100000000100000000100000000000010001000000
10000000010001000000101010001000011100001100000000000100100000000100000000000010001000000
00000000000000000000101010010101000010000000000000001011000000000100000001010000010001001
00010001000010100100000000000001000010000010010100000000100000000100000000000010001000000
00010001000010101100000000000001000010000010010100100000100000001100000000000010001000000
00000000100101000000101010000101000010000000100000010000101000000100000000000010001000000
00010001000010100100000000000001000010000010010100000000100000000100000000000010001000000
00010001000010100100000000000001000010000010010100000000100000000100000000000010001000000
00010001000010100110000000000011000010000000100000010000101000000100100000000010001000000
00000010000000000101010100000001000011000000000000000000100000000100000100000110001000000
00000010000000000101010100000001000010000000000001000000100000000100001100000010001010000
00010001000010100100000000100001000010000010010100000000100000000100000000000010001000000
00010001000010100100000000000001000010000010010100000000100000000100000000000010001000000
00000010000000000101010100000001000010000000000000000000100000000100001100000010001000000
00000000000000000000101010010101000010000000100000010000101000000100000000001010001000000
00000000000000000000101010010101000010000000000000000000100110100000000000000010001000000
00100000000000010000000001000001000000110000000000000000100110100000000100100010000000000
00010001000010100100000000000001000010000010010100000000100000000100000000000010001000000
00010001000010100100000000000011000000000010010100000000100000000101010000000010001000000
00000010000000000101010100000001000010000000000000000000100000000100001100000010001000000
00000010001000000101010100000001000010000000000000000000100000000100000100100010000000000
00010001000010100100000000000001000010000010010100000000100000000100000000000010001000000
00000010000000000101010100001000011100001100001000000000100000000100000000000010001000000
01010101000010100110000000000011000000000001000010001011000000000100000001010000010100000
00010001000010100100000000000001000010000010010100000000100000000100000000000010001000000
00000000000000000000101010010101000010000000000000000000100110100000000000000001010100000
01010101000010100110000000000011000000000001000010001011010000000100000001010000010100000
00000000000000000100000000000001000010000010010100000000100000000100000000000010101000000
00000010000000000101010100000001000010000000000000000000100110110000000000000001010100000
00100000000000010000000001000001000000110000000000000000100110100000000000000010001000000
00000010000000000101010100000001000010000000000000000000100000000100000100000010001000000
00100000000000010000000001000001000000110000000000000000100110100000000000000001010100010
10000000000001000000101010001000011100110000000000000000100000000100000010000010001000000
00001000000000000000101010010101100010000000000000000000100110110000000000000001010100100
01010101000010100110000000000011000000000001000010001011000000000100000001010000010100000
00100000000000010000000001000001000000110010010100000000100000000110000000000010001000000
