//
segsites: 100
positions: 0.009780000000000 0.028340000000000 0.041780000000000 0.047760000000000 0.055280000000000 0.068540000000000 0.077840000000000 0.084540000000000 0.087160000000000 0.088220000000000 0.100660000000000 0.101980000000000 0.115220000000000 0.131320000000000 0.132140000000000 0.135640000000000 0.140400000000000 0.143340000000000 0.151420000000000 0.160720000000000 0.171620000000000 0.182400000000000 0.191640000000000 0.231040000000000 0.240300000000000 0.292620000000000 0.296600000000000 0.300680000000000 0.314900000000000 0.332600000000000 0.339760000000000 0.351000000000000 0.353840000000000 0.379880000000000 0.401040000000000 0.405700000000000 0.413580000000000 0.423100000000000 0.428380000000000 0.446720000000000 0.448220000000000 0.466560000000000 0.497640000000000 0.505840000000000 0.507760000000000 0.508100000000000 0.522440000000000 0.533960000000000 0.584640000000000 0.603880000000000 0.619960000000000 0.642060000000000 0.662120000000000 0.671900000000000 0.678900000000000 0.696100000000000 0.698220000000000 0.709540000000000 0.730540000000000 0.731680000000000 0.732080000000000 0.733120000000000 0.746000000000000 0.746640000000000 0.747900000000000 0.765980000000000 0.769560000000000 0.778680000000000 0.791860000000000 0.796500000000000 0.798620000000000 0.800280000000000 0.802980000000000 0.814820000000000 0.820340000000000 0.838360000000000 0.839820000000000 0.844360000000000 0.853880000000000 0.862140000000000 0.863520000000000 0.867180000000000 0.882100000000000 0.887020000000000 0.889220000000000 0.901820000000000 0.925200000000000 0.926960000000000 0.939420000000000 0.940040000000000 0.941500000000000 0.950520000000000 0.962260000000000 0.962580000000000 0.972940000000000 0.973700000000000 0.976060000000000 0.976380000000000 0.978520000000000 0.995100000000000
0000001000000000011010000000110110000100000000001000000000010001000000000101000000000001000000000001
1100000010000011000000000001000000010001000000100010000000100000100000010000100000010010000000000000
1100000000000000000000000010000000010000010010010000100000100000000000000000000000000100000000000000
1100000000000000000000000010000000010010010110010000000000100000000000000000000000000100000010000000
1100000000000000000001000010000000010000010010010000001000100000000000000000000000000100100000010000
1100000000001001000000000001000000010001000000101000010100100000000000000000000000000100000000000000
1110000000000000000000000010000000010000010010010000000000100000000000000000000000000100000000010000
0000110000000100100100011100000000001100100000000010000000100000100001100000000000000000010100000001
1100000000000001000000000010000000010000010010010000000000100000000000000000000000000100000000110000
1100000000000001000000000001000000010001000000100010000000100000100000010000100000010010000000000000
1100000000000000000001000010000000010000010011010000001000100000000000000000000000000100100000010000
1100000000000001000000000001000001010001000000101000010100100000000000000000000000000100001000000000
1100000001001001000000000001000000010001000000101000010100100100000000000000000000000100000000000000
1100000000000000000000000001000000010001000000101000010100100000000000000000000000000100000000000000
1100000000000000000000000010000000010000010010010000000000100000000000000000000000000100000100000001
1100000000000001000000000001000000110001000000101000010100100000000000010000100000000010000000001000
1100000000000000000001000010000000010000010010010000001000100000000000000000000000000100100000010000
1100000000000000000001000010000000010000010010010000001000100000000000000000000000001000000000000001
1100000000100000000000000010000000010000010010010000000000101000000000000000000000000100000000000000
1100000000000001000000000000000000000000000000010000000010100000000100011000100000000100000000000000
1100000000000001000000000001000000010001000000101100010100100000000000010000100000000010000000001000
1100000010000001000000100001000000010001000000100010000000100000100000010000100001010010000000000100
0000110000000100100100011100000000001100100000000010000000100000100001000000000000000000010100000001
1100000000000000000001000010000000010000010010010010000000100000100000010000100000110010000000000000
1100000000100001000000000000000000010001000000001001010001100000000000010000100000000010000000001000
0001000000010000000000000000001000010001001000000000000000000010001010000000001110000010000000000010
1100000000000001000000000001000000010001000000101000010100100000000000010010100000010010000000000000
1100000010000001000000100001000000010001000000100010000000100000100000010000100000010010000000000000
1100000000000000000001000010000000010000010010010000000000100000000000000000000000000100000000010000
1100000000100001000000000000000000010001000000001001010001100000000000010000100000000010000000001000
1100000000000000000000000010000000010000010010010000000000100000000000000000000000000100000000000000
1100000000100001000000000000000000010001000000001001010001100000000000010000100000000010000000001000
0000110000000100100100000010000000010000010010010000000000100000000000000000000000000100000000000000
0000001000000000011010000000110110000100000000001000000000010001000000000101000000000001000000000001
1100000000000001000000000001000000110001000000101000010100100000010000010000100000000010000001001000
1100000000000000000000000010000000010000010010001000000000010001000000000101000000000001000000000001
0000001000000000011010000000110110000100000000001000000000010001000000000101000000000001000000000000
1100000000000000000000000010000000010000010010010000000000100000000000000000000000000100000000000000
1100000100000000000000000010000000010100000000001000000000010001000000000101000000000001000000000001
1100000000000001000000000010000000010000010010010000000000100000000000000000010000000100000010000000
