//
segsites: 82
positions: 0.004240000000000 0.032820000000000 0.036740000000000 0.047660000000000 0.083680000000000 0.086800000000000 0.092080000000000 0.114320000000000 0.140760000000000 0.156280000000000 0.172760000000000 0.174560000000000 0.176920000000000 0.181480000000000 0.182780000000000 0.188140000000000 0.196560000000000 0.227520000000000 0.255580000000000 0.307560000000000 0.331960000000000 0.332640000000000 0.355240000000000 0.365780000000000 0.373160000000000 0.427060000000000 0.434360000000000 0.437360000000000 0.460200000000000 0.470560000000000 0.472360000000000 0.480320000000000 0.488620000000000 0.503260000000000 0.503720000000000 0.515860000000000 0.518340000000000 0.521160000000000 0.563780000000000 0.564780000000000 0.568300000000000 0.590840000000000 0.626300000000000 0.640560000000000 0.660300000000000 0.713640000000000 0.722020000000000 0.723100000000000 0.741860000000000 0.751640000000000 0.754840000000000 0.755080000000000 0.756080000000000 0.767640000000000 0.785640000000000 0.788260000000000 0.799580000000000 0.808820000000000 0.817060000000000 0.820680000000000 0.821740000000000 0.832240000000000 0.839660000000000 0.847340000000000 0.853340000000000 0.865400000000000 0.867440000000000 0.879920000000000 0.883780000000000 0.891780000000000 0.892520000000000 0.912580000000000 0.919320000000000 0.919660000000000 0.931140000000000 0.952300000000000 0.965180000000000 0.966120000000000 0.966880000000000 0.983860000000000 0.993140000000000 0.994760000000000
0100010110001000001000010000100110000110000100000000000010000010000000100000011011
0100010110011000001000010000100110000110000100000000000010000010000001000000111011
0100000100000001000101010000100110000110000100000000000010100010000000000100011011
0100000000000000000000000000000010100000010100000000001000001000000000010000000111
0100011110001000001000110000100110000110000100000000001100000000000110010000011011
0100010110101000000000000000000010100000010100000000011010000010000000000000011011
0101010110001000000000000000000010100000010101000000001100000000000110010000011011
0100000100000001000100010000101110000110000100000000000010000010000000000000011011
0100000000000100010000001000010000010110001101000000001100000010000000000000011011
0100000000000100010000001000000000011110001100100001000010000010000000000000011011
0100000000000100010000001000000000010110001101000000000000000101011000000001000100
0100000000000100010000001000000000010110001101000000001100000000000110010000011011
0100000100000001000000000000100011000110000100000100000000010000100000000010011011
0100010110001000001000010000101110000110000100000000000010000010000000000000011011
0100000000000100011000010000100110000110000100000000000010000010000000000000011011
0100010110001000001000010000100110000110000100000000000010000010000000101000011011
0100010110011000001000010000100110000110000100000000000010000010000001000000011011
0100010110001000001000010000100110000110001101000000001101000000000110010000011011
0100010110011000001000010000100110000110000100000000000010000010000000000100011011
0100010110001000000000000000000010100000010100000000001000001000000000010000000111
0100000100000001000000000000100011000111000100000000000000010000100000000010011011
0100000001000000000001010100100110000110000100010010000010000010000000000000011011
0000000000000100010101010001000010100000010100001000000000000001011000000001000100
0100000000000100000101010000000010100000110111000000001100000000000110010000011011
0100010110001010001000010000100110000110000100000000000010000010000000000000011011
0100000000000100010000001010000000010110001101000000101100000000000110010000011011
0100010110001000100000000000000010100000010100000000001000001000000000000000000000
0100000000000100010000001000000000010110001101000000001101000000000110010000011011
0110010110001000000000000000000010100000010100000000001000001000000000000000000000
0100000000000100010010001000010000010110001101000000001100000000000110010000011011
0100000100000001000101010000000010100000110111000000001100000000000110010000011011
0100100001000000000001010100100110000110000100010010000010000010000000000000011011
1100010110001000000000000000000010100000010100000000001010000010000000000000011011
0100000000000100010000001000000000010110001101000000001100000000000110010000011011
0100010110001000001000010000100110000110000100000000000010000010000000000000011011
0100010110101000000000000000000010100000010100000000011010000010000000000000011011
0100010110001000000000000000000010100000010100000000001000001000000000010000000111
0100000000000100000001010100000010100000010100000000001000001000000000000000000000
0100000000000100010000001000000000010110001100100001000010000010000000000000011011
0100010110001000001000010000100110000110000100000000000010000010000000100000011011
