//
segsites: 90
positions: 0.003600000000000 0.015720000000000 0.034600000000000 0.041000000000000 0.042840000000000 0.089200000000000 0.095260000000000 0.118500000000000 0.122560000000000 0.139460000000000 0.140360000000000 0.171500000000000 0.204200000000000 0.204380000000000 0.218540000000000 0.223220000000000 0.223720000000000 0.241940000000000 0.256160000000000 0.256620000000000 0.266340000000000 0.277760000000000 0.286440000000000 0.305120000000000 0.308840000000000 0.327160000000000 0.344080000000000 0.348220000000000 0.356140000000000 0.367420000000000 0.375860000000000 0.378380000000000 0.381980000000000 0.385820000000000 0.392940000000000 0.409500000000000 0.428180000000000 0.435420000000000 0.437460000000000 0.511100000000000 0.546080000000000 0.565240000000000 0.571980000000000 0.579920000000000 0.601280000000000 0.610940000000000 0.618260000000000 0.621460000000000 0.622340000000000 0.623800000000000 0.627740000000000 0.629460000000000 0.635800000000000 0.636540000000000 0.646020000000000 0.656340000000000 0.663940000000000 0.672660000000000 0.706280000000000 0.708820000000000 0.734320000000000 0.760580000000000 0.761240000000000 0.768820000000000 0.774860000000000 0.777660000000000 0.778640000000000 0.795360000000000 0.825400000000000 0.843480000000000 0.849300000000000 0.876040000000000 0.882500000000000 0.887240000000000 0.891960000000000 0.896500000000000 0.911560000000000 0.917420000000000 0.929260000000000 0.932520000000000 0.934140000000000 0.937240000000000 0.951040000000000 0.952560000000000 0.962020000000000 0.966180000000000 0.966260000000000 0.969320000000000 0.989200000000000 0.995900000000000
000000100000110000000010001011000000010010000000100100000000110101001000110100000001001000
000000001000000000100010000011100000010000101000010000011000000111000000100000000001000000
000000001100110100000010001011000000010010000000100100000000110101001000110000000001001000
000101000000000000000010000011100000010000101000000000001000000111000110000000000000000000
000000000000000000000010011010001001000000000100001000000010010101010001001001010101010010
000000001000000000000010000011100000010000101000010000001000000111000110000000000010000000
100000001000110000000010001011000000010010000000100100000000110101000000100000100001000000
000000000000110000010010001011000000010010000000100100000000110101001000110000000001000000
000000010000000000000000100101000000010110000000100000000110010101000001001001010101000000
000000000000000000000010011010001001000000000000100100000000110101000001001001010101000000
000101000000000000000010000011100000010000101000000000001000000111000110000000000000000001
000000010000000000000001100101000000010110000001100000000110010101000001001001010101000000
000000000000000000000010011010001001000000000100001000000010010101010001001001010101010000
000000000010000000000010011010001001000000000100001000000010010101010001001001010101000000
001000000000000000001010000011100000010000111000000000001000000101000110000000000000000000
010101000000000000000110000011100000010000101000000000001000000111000110000000000000000000
000000000000000000000010011010001001100000000100001000000010010101010001001001010101000000
000000000000110000000010001011000000010010000000100100000000110101001000110010000001000000
000101000000000000001010000011100000011000101000000000101001000101000110000000000000000000
010101000000001000000010000011100000010000101000000000001000000111000110000000000000000000
000000000000000000000010011010001001000000000100001000000010010101010001001001010101010000
000000000000000000000010011010001001000000000100001000000010010101010001001001010101010010
000000000000000000000010011010001001000000001000000000001000000111000110000000000000000000
000101000000000000001010000011100000010000101000000000001000000101000001001001010101100000
000000000010110010000010001011000000010000000000100000000110010101000001001001010101000000
000000000000000000000010011010001001000000000110001000000010010101000001001001011101000000
000000000000110000000010001011000000010010000000100100000000110101001000110010000001000000
000000000000000000000010011010001001000000000100001000000000110101001000110000000001000000
000010000000000000000010011010001110010000000000100101000000110101000000100000100001000000
000000000000000000000010011010001001000000000100001000000000110101001000110000000001000000
000000001000110001000010001011010000010010000000100100000000111101000000100001010101000000
010101000000000000000001100101000000010110000000100000000110010101000001001001010101000100
000101000000000000000010000011000000010010000000100110000000110101001000110000000001000000
010101000000000000000010000011100000010000101000000000001000000111000110000000000000000000
000000000001110000000010001011000000010010000000100100000000110101001000110000000001000000
000000000000110000000010001011000000010010000000100100000000110101001000110010000001000000
000000000000110000000010001011000000010010000000100100000000110101001000110000000001000000
000000001000110000000010001011010000010010000000100100000000110101001000110000000001000000
000000000000110000000010001011000000010011000000100100000000110101101000110000000001001000
000000001000110000000010001011010000010010000000100100000000110101000000100000100001000000
