//
segsites: 89
positions: 0.034560000000000 0.035140000000000 0.035760000000000 0.041980000000000 0.066840000000000 0.072080000000000 0.073540000000000 0.076800000000000 0.078300000000000 0.082820000000000 0.095300000000000 0.096380000000000 0.100980000000000 0.116360000000000 0.123100000000000 0.127940000000000 0.168240000000000 0.171360000000000 0.197420000000000 0.216700000000000 0.223100000000000 0.234320000000000 0.237880000000000 0.239560000000000 0.254460000000000 0.255580000000000 0.279480000000000 0.287860000000000 0.297640000000000 0.340060000000000 0.341360000000000 0.345960000000000 0.349500000000000 0.371260000000000 0.394620000000000 0.400940000000000 0.432000000000000 0.436500000000000 0.445120000000000 0.455700000000000 0.459420000000000 0.462860000000000 0.463100000000000 0.472560000000000 0.474820000000000 0.477220000000000 0.478720000000000 0.484380000000000 0.495060000000000 0.511180000000000 0.513540000000000 0.525860000000000 0.534960000000000 0.538960000000000 0.574820000000000 0.580420000000000 0.587800000000000 0.620020000000000 0.621820000000000 0.631360000000000 0.631860000000000 0.635400000000000 0.652760000000000 0.654200000000000 0.658640000000000 0.675600000000000 0.681100000000000 0.687400000000000 0.692920000000000 0.711140000000000 0.724940000000000 0.752000000000000 0.784980000000000 0.805820000000000 0.811000000000000 0.837060000000000 0.837840000000000 0.839180000000000 0.852380000000000 0.878280000000000 0.885420000000000 0.893080000000000 0.893820000000000 0.896480000000000 0.949440000000000 0.952120000000000 0.968360000000000 0.990520000000000 0.995140000000000
00001101000000010000001100001010000000000000000000100010000000001011000000001000010000010
01000000000011000001010010100000100000010000000000000000000000000000100000000000000100001
00000010000000010000001100001010000000000000000000100010000000001011000000001000010000000
00000010001000010000001101001010000000000000000000001000000100000000001000001000010010000
00001101000000010000001100001010000000000000000000100010000100000000000000001001010010000
00001101000000010000001100001010000000000000000000000000000000000000100000000000000100000
00000010000000010000001100001010000000000000000000001001000100000000000000001000010010100
00001101000000010000001100001010000000000000000000100010000000001011010000001000010000010
00101101000000010000001100001010000000000000000000100010000000001011010000001000010000010
00000010000000011100001100001010000000000000000000001000000100000000000000001000010010000
00000010000000010000001100001010000000000110000000001010000000000100100000000000000100000
00001101000000010000001100001010000000000000000000100010000000001011000100001000010000000
00000000000011000001010010100000100000010000000000000000000000000000100000000000000100000
00000010000000010000001100001010000100000000000000001100000110000000000000001000010010000
01000000010100000000000000100100000000000000011000010000000001000010000000000000000100000
00000010000000010000001110100001000001100000000001000000001001100010000010100000101001000
00001101000000010000001100001010001000000001000000100010000000011011000000001000010000010
01000000000000010000001100001010000000000000000000100000000000000000100000000000000100000
01000000010000000000000000100100000000000000011000010000100001000010000000000000000100000
01000000000000000010000000100000000000100000100000000000000000000011000000001010010010000
00000010000000010000001100001010000000000000000100001000000100000000000000001000010010000
00001101000000010000001100001010000000000000000000100010000000001011010000001000010000010
10001101000000010000001100001010001000000000000000000000000000000000100000000000000100000
00000010000000010000001110100001000001100000000001000000001001100010000010100000101001000
00001101000000010000001100001010000000000000000010100010000000001000000000001100010010000
01000010000000010000001110110000000000000110000000001010000000000100100000000000000100000
00000010000000010000001100001010000010000000000000100010000000001011000000001000010000000
00000010000000010000001100001010000000000110000000001010000000000000100000000000000100010
00000000000011000001010010100000100000010000000001000000011001000010000010100000101001000
00010000000011000001010010100000100000010000000000000000000000000000100000000000000100000
00000010100000010000001100001010000000001000000000100010000000001011000000001000010000000
00001101000000010000001100001010000000000000000000100010000000001011000001001000010010000
00001101000000010000001100001010010000000000000000100010000000001011000000001000010000010
00000010000000110000001100001010000000000110000000001000000000000000000000001000010010000
00000010000000010000001100001010000000000000000000001000000100000000000000001000010010000
00101101000000010000001100001010000000000000000000100010000000001011010000001000010000010
00001101000000010000001100001010000000000000000000100010000000001011010000001000010000010
00001101000000010000101100001010000000000000000000100010000000001011010000011000010000010
10001101000000010000001100001010001000000000000000000000000000000000100000000000000100000
00000010100000010000001100001010000000000000000000100010000000001011000000001000010000000
