//
segsites: 79
positions: 0.026500000000000 0.056020000000000 0.073400000000000 0.084140000000000 0.084160000000000 0.091540000000000 0.142200000000000 0.153300000000000 0.185400000000000 0.211340000000000 0.216740000000000 0.236920000000000 0.244380000000000 0.258240000000000 0.345560000000000 0.348640000000000 0.350320000000000 0.365660000000000 0.379820000000000 0.385660000000000 0.392840000000000 0.401240000000000 0.440960000000000 0.449840000000000 0.454980000000000 0.465340000000000 0.465520000000000 0.477380000000000 0.482120000000000 0.482340000000000 0.493820000000000 0.499100000000000 0.509160000000000 0.524040000000000 0.526640000000000 0.535080000000000 0.540560000000000 0.557460000000000 0.566500000000000 0.581060000000000 0.648460000000000 0.649560000000000 0.652780000000000 0.655420000000000 0.661240000000000 0.665880000000000 0.666340000000000 0.671040000000000 0.673240000000000 0.678520000000000 0.740740000000000 0.790800000000000 0.793500000000000 0.810100000000000 0.811340000000000 0.811640000000000 0.819280000000000 0.826340000000000 0.830920000000000 0.842560000000000 0.876300000000000 0.876780000000000 0.892720000000000 0.905220000000000 0.907180000000000 0.907180000000000 0.907260000000000 0.912880000000000 0.914600000000000 0.919580000000000 0.929800000000000 0.944220000000000 0.971180000000000 0.972700000000000 0.977820000000000 0.979820000000000 0.980380000000000 0.982440000000000 0.999040000000000
1000010010100000000000001000000010000000000001000001000000001011000001000000000
0000000010100000000000001000001010000000000001001100100110100000000100000100000
0100010010110010100000001000000010000000000001000001000000001001000001000000000
1000010010100000001000001000000010000000000001101000100110100000000100110000001
1000010011100000001000001000000010000000000001101000100110100000000100000100000
0100010010101000000000001000000010000000000001000001000000001001000011010000000
0000010010100000000011010000100001000000000001000001000000001001000011010000000
0100010010100000000000001000000010001000000001000000000000010000110000000001000
0101010010100000000000001000000010000000000001000001000000001001000011010000000
0100010010100000000000001000000010001000000001000000000000010001000001000000000
1000000100000100000010010000000101000000000001000000000000010000111000000001000
0000000100000100000000000001010000000000001001000000000000100100000100000000110
1000011010100000001000001000000010000000000011001000110110100000000100000100000
0100010010110000100000001000000010000000000001000001000000001001000001000000000
1000000100000100000010010000000001000000000001000001000000001001000001000010000
0010100000000000000000001000000010000000010001001000100110100000000100000100000
0000010010100000000011010000100001000000000001000001000000001001000011010000000
1000000100000100000010010000000001000000001001000000001000100100000100000000110
0100010010100000000000001010000010100010000101001000100110100000000100000100000
0100010010100000000000001000000010000000000001000001000000000100000100000000110
1000010010100000001000001000000010000010000001000000100110100000000100000100000
0000000100000100000100100000000010000000000001000001000000001001000001000000000
0100010010110000100000001000000010000000000001000001000001001001000001000000000
0010100000000000000000001000000010000000000001001000100110100000000100000100000
0000000100000100000100100000000010000000000001000001000000001001000001000000000
0000010010000100000100100000000010000000000001000001000000001001000001000000000
0000000100000100000100100000000010000100100000000010000000010000110000000001000
0000010010100000000000001000000010000001000001001000000000000000000000001000000
0010100000000000000000001000000010000000000001001000100110100000000100000100000
0000000010100000000000001000001010000000000001001100100110100000000100000100000
0100010010100000000000001000000010000000000001000001000000001000000100000000110
0100010010100000000000001000000010001000000001000000000000010000110000000001000
1100010010100000000000010000000101000000001001000000000000010000110000000001000
1000000100000100000010010000000010000000000001000001000000000100000100000000000
1000000100000100000010010000000001010000001001001000000000000000000000000001000
0100010010110000110000001000000010000000000001000001000000001001000001000000000
0010100000000000000000001000000010000000000001001000100110100000000100000100000
0100010010100000000000000101010000000000001001010000000000100100000100000000110
1000010010100001001000001000000010000000000001101000110110100000000100000100000
1000000100000100000010010000000001000000001001001000000000000000000000001000000
