//
segsites: 67
positions: 0.008500000000000 0.014720000000000 0.023340000000000 0.032020000000000 0.066520000000000 0.075140000000000 0.090520000000000 0.098560000000000 0.107600000000000 0.108660000000000 0.111060000000000 0.118840000000000 0.118940000000000 0.121800000000000 0.131480000000000 0.141920000000000 0.150240000000000 0.171020000000000 0.187480000000000 0.193720000000000 0.231020000000000 0.232660000000000 0.235220000000000 0.278980000000000 0.294300000000000 0.324880000000000 0.338440000000000 0.347720000000000 0.354840000000000 0.369140000000000 0.396800000000000 0.421420000000000 0.424940000000000 0.427380000000000 0.427900000000000 0.434560000000000 0.440160000000000 0.473180000000000 0.485180000000000 0.489600000000000 0.504180000000000 0.512440000000000 0.525360000000000 0.546520000000000 0.552040000000000 0.572800000000000 0.582800000000000 0.585220000000000 0.603180000000000 0.613520000000000 0.658700000000000 0.673300000000000 0.704040000000000 0.706780000000000 0.745400000000000 0.767880000000000 0.789100000000000 0.799120000000000 0.849660000000000 0.879840000000000 0.903260000000000 0.908600000000000 0.912460000000000 0.914660000000000 0.944120000000000 0.972060000000000 0.996620000000000
1001001000001000000100010000000000000010011011000000010010011001111
0000100110100100010000010000000000000010010011000000111010011001110
1001001000001000000100010000000010000010010011000000010010011001111
0100000000010000100000100001001000000010010011000000010010011001110
1001001000001000000100010000000000000010010011000000010010011001110
0000100110100100000000000001000000000010010000000110010010000111100
0000010000000000000011000000000000110110010101000000010010111001110
0000100110100100000000000001000000000010010000000110010010000011100
0000000110100100000000000001000000000010010000000110010010011001110
0010010000000010000000001001000000000011010000000001010010000011100
0100000000010000100000100100011000000010010011000000010110011001110
0000100110100100000000000011000000000010010000000110010011011001110
0000000110100000000011000000000100110110010100000000010011011001110
1001001000001000000100010000100000000010010011000000010010011001110
1001000110100100000000000001000000000010010000000001010010000011100
0000100110100100000000000001000000000010010000000110010010000111100
1001001001001000000100010000000000000010010011000000010010011001110
1001001000001000000100010000000000000010010011000001010010000011100
0000010000000000001011000000000000110110010100000000010011011000000
1001001000001000000100010000000000000010010011000000010010011001111
0000100110100100000000000001000000000010010000000110010010000111100
0100000000010001100000100100011001000010010011000010010010000111100
0000100110100100000100010000000000000010010000000001010010000011100
0100000000010000100000100100011000000010010011101000010110011001110
0000000110100100000000000001000000000010010000000001010010000011100
0000010000000000001011000000000000110110010100000000010011011000000
0000100110100100000000000001000000000010010000000110010010000111100
0000000110100000000011000000000100110110010100000000010011011001110
0000100110100100000000000001000000001010010000000110010010000111100
0000100110100100000000000001000000000010010000000110010010000111100
0000100110100100000000000001000000000010110000000110010010000111100
0000000110100100000000000001000000000010010000000001010010000011100
0100000000010001100000100100011001000010010011000010010010000111100
0000100110100100000100010000000000000010010000000001010010000011100
0000100110100100000000000001000000000010010000000110010010000111100
0000000110100100000000000001000000000010010000000110010011000111100
0100000000010001100000100100011001000010010011000010010010000111100
0000010000000000000011000000000000110110010100010000010011011001110
0000000110100000000011000000000100110110010100000000010011011001110
0000100110100100000000000011000000000010010000000110010011011001110
