//
segsites: 103
positions: 0.012720000000000 0.030220000000000 0.038320000000000 0.038860000000000 0.048940000000000 0.079800000000000 0.087000000000000 0.092620000000000 0.093000000000000 0.096720000000000 0.101020000000000 0.118700000000000 0.123360000000000 0.141560000000000 0.147040000000000 0.153720000000000 0.158140000000000 0.159100000000000 0.162920000000000 0.212080000000000 0.213220000000000 0.245380000000000 0.249540000000000 0.257720000000000 0.259900000000000 0.259920000000000 0.261900000000000 0.271380000000000 0.271460000000000 0.275900000000000 0.297700000000000 0.303540000000000 0.319000000000000 0.320080000000000 0.324240000000000 0.325980000000000 0.353480000000000 0.361940000000000 0.372880000000000 0.384180000000000 0.384920000000000 0.394220000000000 0.406520000000000 0.408840000000000 0.411420000000000 0.413020000000000 0.419560000000000 0.425500000000000 0.438640000000000 0.439880000000000 0.453640000000000 0.454280000000000 0.460860000000000 0.473400000000000 0.482960000000000 0.486700000000000 0.499660000000000 0.518920000000000 0.535100000000000 0.537420000000000 0.540260000000000 0.550300000000000 0.564260000000000 0.570680000000000 0.573240000000000 0.575620000000000 0.583420000000000 0.584180000000000 0.590780000000000 0.599280000000000 0.602860000000000 0.604280000000000 0.606040000000000 0.633520000000000 0.653760000000000 0.662820000000000 0.666500000000000 0.676500000000000 0.725620000000000 0.735920000000000 0.743420000000000 0.749780000000000 0.754220000000000 0.754900000000000 0.763940000000000 0.772780000000000 0.797520000000000 0.805180000000000 0.843180000000000 0.846680000000000 0.851460000000000 0.856060000000000 0.890620000000000 0.895040000000000 0.908240000000000 0.934600000000000 0.941160000000000 0.941860000000000 0.970780000000000 0.990180000000000 0.991460000000000 0.993440000000000 0.997260000000000
0110100110101100000001001010001110001101101000000010000000000000000000110111100000000110100000011010000
1000011001000010100000001010001110001100101000000010000000000000000001110111101000000000000000000000000
0110100110101000000101001010001110001100101000000010100000000000000000110111100000000000001000000000000
0110100110101100000001001010001110001101101000000010000000000000000100110111100000000000000000000000000
0001100110101000000000111011001110011100101000000010100000000000010000110111100000100000100000011010000
0110100110101100000001001010001110001101101000000010000000000000000100110111100100001000000000000000000
1000011001000010100000001010001110001100101000000010100000000000000000110111100100000000000000000000000
0110100110101000000000000000000000000100101000101010000000000000000000110111110101000000010100000100001
1000011001000010100000111010001110011100101000000010100000000000000000110111100000000000000000011010000
0110100110101000000000000000001110011100101000000010100000000110000000000000000000000000000000000000000
0110100000010010100000000000000000000010000000000000000000001000001000000000000110010000000000000000010
0110100000010010001001001110001110001100101001000010100000000000000000110111100000000000000000000000000
0110100110101100000001001010001110001100101000101010000000000000000000110111100100001000000000000000010
0110100110101000000001001010001110001100101000000010100000000000000000110111100000000000000000000000010
0000011001000010100000001010001110001100101000000010000100000000000000110111100100000000000000000000000
0000000000010010000001001010001110001100101000000010100000000000000000110111100000000000000000000000000
0110100110101000000001001010001110001100101000000010000000000000000000110111100000000000000000000000000
0000000000010010000001001010001110001100101000000010000000000000000000110111100100000000000010100000000
0111100110101000000000001010011110011100101000000010000000000000000000110111100101000000010100000100001
1000011001000010100000001010001110001100101000000010100000000000000000110111100100000000000000000000000
0000000000010010000001001010001110001100101000000010101000000000000000111111100000000000000000000000000
0110100110101000000000000000000000100000000010000100010000000100000000000000000000000000000000000000000
0110100110101000010000000000000000000010000100000000000000001000001000000000000110010000000000000000010
0110100110101100000001001010101110001100111000101010000000000000000000110111100100001000000001000001010
0000000000010010000001001010001110001100101000000010000000000000000000110111100100000000000010100000000
0110100110101000000000000000000000101100101000000010100000000000000000110111100100000000000000000100001
1000011001000010100000001010001110001100101000000010000000000000000000110111100000000000000000000000000
0110100110101100000001001010001110001100101000101010000000000000000000110111100100001000000000000000010
0110100110101100000001001010001110001100101000100010100000000000000000110111100000000000000000000000000
0110100000010010001001001110001110001100101001000010100000000000000000110111100000000000000000000000000
0110100110101000000000000000000001000100101000000011000000000000000000110111100100000001000010100000100
1000011001000010100000001010001110001100101000000010000000000000000000110111100000000000000000000000000
1000011001000010100000001010001110001100101000000010100000000000000010110111100100000000000000000000000
0111100110101000000000001010001110011100101000000010000000000000000000110111100101000000010100000100001
0110100110101100000001001010001110001100101000000010100000000000000000110111100000000000000000000000000
0110100110101000000001001010001110001100101000000010000000000000000000110111100000000000000000000000000
0000011001000010100000001010001110001100101000000010000000010000000000110111100100000000000000000000000
0111100110101000000000001010001110011100101000000010000000000000000000110111100101000000010100000100001
0000000000010010000010000000000000000000000000010000000011100001100000000000000000000110100000011010000
0110100110101001000000000000000000000010000000000000000000001000001000000000000110010000000000000000010
