//
segsites: 110
positions: 0.001260000000000 0.014260000000000 0.014760000000000 0.034540000000000 0.039880000000000 0.041020000000000 0.064860000000000 0.065680000000000 0.077960000000000 0.082300000000000 0.086180000000000 0.086680000000000 0.091320000000000 0.098120000000000 0.106700000000000 0.134520000000000 0.135020000000000 0.151420000000000 0.166320000000000 0.202300000000000 0.219680000000000 0.229440000000000 0.230760000000000 0.231880000000000 0.233680000000000 0.244460000000000 0.245400000000000 0.262740000000000 0.277960000000000 0.285640000000000 0.288320000000000 0.291560000000000 0.313520000000000 0.317900000000000 0.321720000000000 0.326440000000000 0.329260000000000 0.357520000000000 0.359980000000000 0.371800000000000 0.372580000000000 0.389980000000000 0.393920000000000 0.410380000000000 0.415140000000000 0.417000000000000 0.421580000000000 0.436160000000000 0.438740000000000 0.441020000000000 0.453400000000000 0.461880000000000 0.494520000000000 0.502000000000000 0.512180000000000 0.515540000000000 0.520860000000000 0.526200000000000 0.533060000000000 0.534920000000000 0.542560000000000 0.564000000000000 0.566940000000000 0.569680000000000 0.585920000000000 0.586500000000000 0.587340000000000 0.592420000000000 0.594080000000000 0.595840000000000 0.617740000000000 0.622100000000000 0.638800000000000 0.642420000000000 0.660340000000000 0.672980000000000 0.677180000000000 0.705960000000000 0.706340000000000 0.718100000000000 0.749680000000000 0.755980000000000 0.770640000000000 0.778420000000000 0.782480000000000 0.783840000000000 0.784580000000000 0.791020000000000 0.794620000000000 0.808000000000000 0.814300000000000 0.826300000000000 0.830360000000000 0.833400000000000 0.860320000000000 0.861600000000000 0.863660000000000 0.864980000000000 0.876960000000000 0.906440000000000 0.924640000000000 0.932980000000000 0.941180000000000 0.949060000000000 0.957800000000000 0.960620000000000 0.973060000000000 0.979180000000000 0.979860000000000 0.985740000000000
00000000000000100000000100010000110010000000001000000000000001000100000000100000100010000000010000000000001010
00000100000000000000000001000010000000001000000100000000000000000000000000100000101000010000000000000000000000
00000001000010010000000001000010000000000010000010000000000100000000010001001000000010000000000000000100010000
00000001001010010000000001000010000000000000000010000000000100000000010001001000000010000000001000000100010000
00000000000000000100000001000010000000000000000010000000000100000000010001001000000010000000000000000100010000
00000000000000000000100100000001000101110000000000010000000000000010110101001000000010000000000000000100010000
00001000000000000000100100010000110000000100000000000000000000000100000000010000100100001000000101011010100000
00000001000010010000000001000001001101110000000000010000000000000010110100000000110000000010000000000000000000
00000001000010010000000001000001001101110000000000110000000000000010110100000000110000000010000000000000000000
00000000000000001000000001000010000000000000000010001000000000100000010001001000000010000000010000000000000000
00100000100000000001000001000010000000000000000010000000100100000000010000100010101000010000000000000000000000
00001000000000000000100100010000110000000100000000000000000000000100000000010000100000001000000101011010100000
00000000000000000100000001000010000000000000100010000000000100010001010001001000000010000000000000000100010000
01000000000000000000000001001010000000000000000010000000100100001000010001001000000010000000000000000100010000
00000001001010010000001001000010000000000000000010000000000100000000010001001000000010000000001000000100010000
00000001010010010000000001000001001101110000000000010000000000000010110100000000110000000010000000000100010000
00000000000000000000100100000101000101110000000000010000000000000010110100000000000010000000010000000000000001
00000001000010010000000001000001000000000000010010001000000000100000010001001000000010000000000000000100010000
00010100000000000000000001000010000000001000000100000000000000000000000000100000101000010000100000000000000000
00000000000001000000000110010000110000000000000000000100000010000100001010001100000010000000001000100100010000
00000000000000000000010001000010000000000000000010000000100100000000010001001000000010000000000000000100010000
00010100000000000000000001000010000000001000000100000000001000000000000000100000101000010000100000000000000000
00000001000010010000000001000010000000000000000010000000000100000000010001001001000010000000000000000100010000
10000100000100000000000001000010000000000000000010001000000000100000010001001000000010000100001000000100010000
00000000000000000000010001000010000000000000000010000000100100000000010001001000000010000000000000000100010100
00000000000000000000000001000010000000000000000010001011000000100000010001001000000010000000001000000100010000
10000100000100010000000001000010000000000000000010000000000100000000010001001000000010000000001000000100010000
00000001000010010000000001000010000000000000000010000000010100000000010001001001000010000000000000000000000000
00000001000010010010000001000001001101110000000000010000000000000010110100000000110000000010000000000000000000
00001000000000000000100100010000110000000100000000000000000000000100000000010000100000001000000101011010100000
00000100000000000000000001000010000000000000000010001000000000100000010001001000000010000000010000000000000000
00000000000000000000000001000010000000000000000010000000000100000000010001001000000010100001000000000100010000
00000010000000000000000001100010000000000000000010000000100100000000010001001000000010000000000000000100010000
10000100000100000000000001000010000000000000000011001000000100000000010001001000000010000000000000000100010000
00000001000010010000000001000010000000000000000010000000000100000000010001001000000011000000001000000100010000
00000100000000000000000001000010000000001000000100000000000000000000000000100000101000010000000010000000000000
00000001001010010000000001000010000000000000000010000000000100000000010001001000000010000000001000000100010000
10000100000100010000000001000010000000000000000010000000000100000000010001001000000010000000001000000101010000
10000100000100000000000001000010000000001001000100000000000100000000010001001000000010000100001000000100010000
00000000000000000000100100000001000101110000000000010000000000000010110101001000000010000000000000000100010000
