//
segsites: 108
positions: 0.007540000000000 0.014080000000000 0.023980000000000 0.037700000000000 0.060460000000000 0.069560000000000 0.073960000000000 0.104720000000000 0.109640000000000 0.109660000000000 0.110940000000000 0.123920000000000 0.129900000000000 0.133340000000000 0.135160000000000 0.147080000000000 0.150940000000000 0.159800000000000 0.171320000000000 0.190800000000000 0.202820000000000 0.218600000000000 0.225880000000000 0.246520000000000 0.247760000000000 0.258560000000000 0.274820000000000 0.284400000000000 0.289840000000000 0.310620000000000 0.314900000000000 0.329580000000000 0.334240000000000 0.334300000000000 0.336020000000000 0.348040000000000 0.352060000000000 0.368820000000000 0.369860000000000 0.370920000000000 0.379220000000000 0.379480000000000 0.385420000000000 0.394000000000000 0.411520000000000 0.436400000000000 0.436400000000000 0.443540000000000 0.445860000000000 0.454340000000000 0.462420000000000 0.463680000000000 0.466160000000000 0.472240000000000 0.484920000000000 0.493760000000000 0.498600000000000 0.500380000000000 0.519360000000000 0.529440000000000 0.532780000000000 0.532900000000000 0.537640000000000 0.543200000000000 0.557160000000000 0.557860000000000 0.562940000000000 0.563440000000000 0.587200000000000 0.587560000000000 0.587860000000000 0.603460000000000 0.620640000000000 0.639400000000000 0.639560000000000 0.655820000000000 0.657960000000000 0.686380000000000 0.706040000000000 0.708240000000000 0.715560000000000 0.726020000000000 0.730260000000000 0.755020000000000 0.775180000000000 0.780460000000000 0.821160000000000 0.827960000000000 0.830080000000000 0.836220000000000 0.845920000000000 0.858900000000000 0.871900000000000 0.874000000000000 0.875280000000000 0.876480000000000 0.891300000000000 0.900180000000000 0.900180000000000 0.911580000000000 0.915660000000000 0.925740000000000 0.939100000000000 0.940620000000000 0.952020000000000 0.959100000000000 0.968860000000000 0.970800000000000
000001000100000001000000000000100000000000100000100000100100010000000000101010100010000000000000100100000010
001000000000000010010001000011010000001010000001000000000000000010010000101010100000000000110010000000000000
000110001000010000000100000000001100100000000100000000000001000000001000101010100000000000100010000000000000
000000100100000101000000000000000000100000001000000000000000001000100000000000001010000000000000100100000000
000110001000010000000100001000001100100000000100000000000001000000001000000000001010000000001000000000101000
000110100100000001001000000000000000100000001000000000000010001000100000101010100000000000100010000000000000
000000110010101000000000000000000001000000000000000000000000000000000000010000010000010000001000000000101000
000000100100000001001000000000000000100000001000000000000010001000100000000000001010000000000000100110000000
000000100100000101000001000100000000100000010000100000100100010000000000101010001010000000000000100110000000
000000100100000101000001000100000000100000010000100000100100010000000000101010100010000000001000000000001000
000000100100000101000000000000000000100000001000000000000000001000100000000000001010000000000000100100000000
001000000000000010010001000011010000001010000001010000000000000010010000101000100010000000001000000000101000
000110000001001000100000100000000000000000000010001100000000100100000000010000010001000000000100001000000001
000000100100000101000000000000000000100000001000000000000000001000100000000000001010000000000000100100000000
001000000000000010010001000011010010001010000001000000000000001000100000000000001010000000001000000000101000
000001000100000001000000010000000000100000010001000000000000000001010000101010100000000000100010000000000000
000001000100000001000000000000100000000000100000100000100100010000000000101010100010000000000000100100000000
000000110010101000000000000000000001000001000000000000000000000010010100101000100010000000001000000000101000
000000100100000101000000000000000000100000001000000000000000001000100000000000001010000000000000100100000000
100110000001001000100000100000000000000000000000000000001000100100000000010000100000000000100010000000000000
000000100100000101000001000100000000100000010000100000100100010000000000101010100010000000001000000000001000
000110001000010000000100000000001100100000000100000000000001000000001000000000000000101101001000000000000000
000000110010101000000000000000000001000001000000000000000000000010010000101000100010000000001000000000101000
000000100100000101000001000100000000100100010000100000100100010000000000101010100010000000001000000000001000
000110000001001000100000100000000000000000000001000000000000000000000001000101000100000101000000001000010000
000000100100000101000001000100000000100000010000100001100100010000000000101010100010000000001000000000001000
010110001000010000000100000000001100100000000100000000000001000000001000000000000000101101001000000000000000
000000100100000101000001000010010000001010000001000000000000000010010000101000100010000000001001000000101000
000000100100000101000001000100000000100000010000100000100100010000000000101010100010000000001000000000001000
000001000100000001000000000000000000110000010001000000000000000000010000101010100000000000100010000000000000
000110000001001000100000100000000000000000000000000000001000100100000000010000100000000000100010000000000000
000000110010101000000000000000000001000000000010001010010001000000000000000101000100000101000000001100000000
000000110010101000010001000011010000001010000001000000000000000010010000101000100010000000001000000000101000
000000100100000101000001000010010000001010000001000000000000000000010010101010100000000000100010000000000000
000000110010101000000000000000100001000000000000000000000000000000000000010000010000000111000010011001000001
000000100100000101000001000000000001000000000010001010010001000000000000000101000100000101000000001100000000
000110001000010000000100000000001100100000000100000000000001000000001000000000000000101101001000000000000000
000000100100000101000001000010010000001010000001000000000000000010010000101000100010000000001001000000101000
000000100100000101000010000000000000100000001000000000000000001000100000000000001010000000001000000001000101
000000110010101000000000000000000001000000000100000000000001000000001000000000000000101101001000000000000000
