//
segsites: 99
positions: 0.003280000000000 0.006320000000000 0.014140000000000 0.015040000000000 0.021240000000000 0.046940000000000 0.064140000000000 0.074580000000000 0.079500000000000 0.080720000000000 0.096760000000000 0.100420000000000 0.104400000000000 0.114800000000000 0.141480000000000 0.157620000000000 0.206640000000000 0.213200000000000 0.219280000000000 0.254000000000000 0.286520000000000 0.291760000000000 0.302440000000000 0.304300000000000 0.324740000000000 0.325400000000000 0.327780000000000 0.344220000000000 0.398800000000000 0.423900000000000 0.435700000000000 0.447020000000000 0.454940000000000 0.463800000000000 0.468580000000000 0.492140000000000 0.492560000000000 0.511600000000000 0.553460000000000 0.554340000000000 0.558120000000000 0.566860000000000 0.572060000000000 0.592060000000000 0.598340000000000 0.598460000000000 0.604120000000000 0.606120000000000 0.624900000000000 0.633960000000000 0.650280000000000 0.667440000000000 0.670820000000000 0.675420000000000 0.681740000000000 0.690780000000000 0.702140000000000 0.710200000000000 0.712480000000000 0.718680000000000 0.725220000000000 0.736480000000000 0.738960000000000 0.744840000000000 0.745000000000000 0.751120000000000 0.752960000000000 0.753400000000000 0.770860000000000 0.771960000000000 0.791640000000000 0.806480000000000 0.825680000000000 0.838160000000000 0.845000000000000 0.848780000000000 0.849120000000000 0.869580000000000 0.872540000000000 0.885880000000000 0.902900000000000 0.904620000000000 0.908440000000000 0.914560000000000 0.915440000000000 0.916740000000000 0.917380000000000 0.923020000000000 0.923120000000000 0.925420000000000 0.932060000000000 0.933140000000000 0.934720000000000 0.941880000000000 0.947360000000000 0.959900000000000 0.966740000000000 0.982200000000000 0.988320000000000
000000100000101000000010000010000000000000000001000001000000000000000001000100000101000000001100100
001000010000000001001000000000010000010000000000110010000000000000000001000100000111000000001100000
000000100000101000000010000010000000000000000000000100111101000000100000000000000101000000001100000
001000010000000001001000000000010000010000000000110000000101000000010001000100000101000000001100000
001000010000000001011000000000010000010000000000110000000101000000000001000100000101000000001100000
001000010000000001001000000010000000000000000001000001000000000000000001000100000101000000001100000
000000100000101000000010000010000000000000000001000001000000000000000001000100000101000000001100000
000000100000101000000010000010000000000000000000000100111101000000100000000001110100100000010000000
000000100000101000000010000010000000000000000001000001000000000000000001000100000101000000001100100
000000100000101001000010000010000000000000000000000001000000000000000001000100000101000100101100000
000000100000101001000010000010000000000000000000000001000000000000000001000100000101000100001110000
000000100000101000000010000010000000000000000000000001000000000000000001000100000101000000001100000
000000100000101000000010000010000000000000000000000001000000000000000001000100000101000000001100000
000000100000101000000010000010000000000000000001000001000000000000000001000100000101000000001100000
000001100000101000000010000010000000000000000000000001000000000000000001001100001101000000001100000
000001100000101000000010000010000000000000000000000001000000000000000001000100000101000000001100000
000000100000101000000010000010000000000000000000000100111101000000100000000000000101000000001100000
000000100000101000000010000010000001000000000001001001000000000000000001000100000101000000001100000
010110001000000111001001010000010000100001100000100000000101001001000001000100000101000000001100100
000000100000101001000010000010000000001000000000000001000000000000000001000100000101000100001100000
001000010000000001001000000000010000010000000000110000000000000000000001000100000111000000001100000
000000100000101000000010000010000000000000000000000001000000000000000001001100000101000100000000000
000000100000101000000010000010000000000000000001000001000000000000000001000100000101000000001100100
001000000000010000001000000011001000000010001000100000000101100000001010010000000000001011000001011
000000100000101000000010000110000100000000000000000001000000000100000001100100000101000000001100000
001000010000000001001000000010000000000000000000000001000000000000000001001100000101000000001100000
000000100001101001001000010000010000000100100000110000000101000000000001000100000101010000001100000
001000010010000001001000000000010000010000000000110000000000000000000001000100000111000000001100000
001000010000000001001000000000010000010000000000110000000101000000000001000100000101000000001100000
101000000000000000101000101000010000000000010000000100111010010000000100000100000101000000001100000
000000100000101000000010000010000000000000000001000001000000000000000001000100000101000000001100100
000000100000101000001000101000110000000000010000000100111010010000000100000010000000000000000000000
000000100000101000000110000010000001000000000001000001000000000000000001000100000101000000001100000
001000010000000001001000000010000000000000000001000001000000000000000001000100000101000000001100100
000000100000101000000010000010000000000000000000000001000000000000000001001100000101000000001100000
000000100000101000000010000010000010000000000001000001000000000000000001000100000101000000001100100
001000010000000000000010000010000000000000000000000001000000000000000001000100000101000000001100000
001000000000010000001000000010000000000000000110100000000101000010000011000100000101000000001100000
000000100000101000000010000010000000000000000001000001000000000000000001000100000101000000001100100
001000010100000000000010000010000000000000000000000001000000000000000001000100000101000000001100100
