//
segsites: 99
positions: 0.002960000000000 0.008660000000000 0.014440000000000 0.032640000000000 0.036520000000000 0.044620000000000 0.050740000000000 0.073020000000000 0.079680000000000 0.080860000000000 0.080920000000000 0.081940000000000 0.087980000000000 0.088540000000000 0.098980000000000 0.115880000000000 0.119760000000000 0.120460000000000 0.124940000000000 0.132500000000000 0.133340000000000 0.134840000000000 0.140180000000000 0.141260000000000 0.154700000000000 0.178780000000000 0.181740000000000 0.184720000000000 0.220700000000000 0.241100000000000 0.248200000000000 0.251980000000000 0.284680000000000 0.312180000000000 0.329360000000000 0.331880000000000 0.337640000000000 0.338420000000000 0.345520000000000 0.347140000000000 0.349060000000000 0.356500000000000 0.378460000000000 0.402720000000000 0.411560000000000 0.414720000000000 0.415740000000000 0.416500000000000 0.431640000000000 0.450120000000000 0.469420000000000 0.508320000000000 0.517740000000000 0.521180000000000 0.523940000000000 0.536220000000000 0.544380000000000 0.546340000000000 0.548860000000000 0.553020000000000 0.560660000000000 0.574140000000000 0.595860000000000 0.610640000000000 0.614200000000000 0.616240000000000 0.626020000000000 0.655520000000000 0.671160000000000 0.675600000000000 0.688240000000000 0.716360000000000 0.723440000000000 0.731900000000000 0.756120000000000 0.756980000000000 0.768700000000000 0.783040000000000 0.787080000000000 0.796400000000000 0.799480000000000 0.809200000000000 0.809560000000000 0.846220000000000 0.867420000000000 0.894800000000000 0.895160000000000 0.898440000000000 0.900460000000000 0.903700000000000 0.915360000000000 0.926980000000000 0.931880000000000 0.935940000000000 0.946200000000000 0.948400000000000 0.950680000000000 0.963360000000000 0.986840000000000
001101000110000000000001110000100001000100000000000001000010010111000110010100000000100001001010000
000000000000011000101000000000000000100001001000000001000000000000000001010100100001001010010001000
000000000000011000101000000000000000100001001000000000010000000000000000001000010000000001000000000
000000000000100001000100001000000000000100000000000001000000000000000001010100000000001010010001000
000000110000000000000000000100000000100001011001000001000000010100010000001000010000000001000000000
001101000110000000010001110000001001000000001000000000010000100000000000001000010000000001000000000
000000110000000000000000000101000000000100000000000001000000000000000001010100000000001010010001000
000000000000011000101000000000010000100001001000000000010000000000000000101000010000000001000000000
001101001110000000000001110000000001000000000000000001000000000000000001010100000010010000001010000
000000000000011000101000000000000000100001001000000000010000000000000000001000010000000001000000000
000000000000011000101000000000000000100001001000000000010000000000000000001000010000000001000000000
000000000000011000101000000100000000100001001011000001000000010100000000000000001000010000001010001
000000000000011000101000000000000000100001001000000000010000000000000000001000010000000001000000000
000010000001000000000000000010000000000100000000001001100010010111000110000010000000001010010001000
001101000110000100000001110000000000010100000000000001000001000000001000001000010000000001000000000
011101000110000000000000000010000000010100000000000001000000001000000001010100000000010000001010000
000000100000011000101000000000000100100001001000000000010000000000000000001000010000000001000000000
000000000000100001000100001000000000000100000000000001000000000000000001010100000000001010010001000
000010000001000000000000000010000000000100000000000001000100000000000001010100000000001010010001000
001101001110000000000001110000000001000000000000000001000000000000000001010100000010010000001010000
000000000000011000000001110000000001000000001000000000010000000000000000001000010000000001000000000
001101000110000000000001110000000001000100000000100001000010010111000110010100100000001010010001000
001101000110000000000001110000000001000000000000000001000000010100000000000000001000010000001010000
000010000001000000000000000010000000010100000000000001001000000000000001010101000100100000000000000
001101000110000000000001110000000001000000000000000001000000000000000001010100000000000001000000000
000000000000011000101000000000000000100001001000000000010000000000000000001000010000000001000000000
000000110000000000000000000100000000100001001001000001000000010100000000000000001000010000001010000
000000110000000000000000000100000000100011001001000001000000010100000000000000001000010000001010000
000000110000000000000000000100000000100001101001000001000000010100000000000000001000010000001010010
000000000000011000101000000000000000101000000100010110000000000000100001010100000000001010010001000
001101000110000000000001110000000001000000001000000000010000000000000000001000010000010000101010100
000000110000000000000000000100000000100001011001000001000000010100010000001000010000000001000000000
000000110000000000000000000100000000000100000000000001000000000000000001010100000000001010010001000
000000000000011000000001110000000001000000001000000000010000000000000000001000010000000001000000000
000000110000000000000000000100000000100001001001000001000000010100000000000000001000010000001010000
000000110000000000000000000100000000100001001000000000010000000000000000001000010000000001000100000
001101000110000000000011110000000001000000000000000001000000000000000001010100000010010000001010000
000010000001000010000000000010000010000100000000000001000010010111000110010100000000100001001010000
100000000000011000101000000000000000100001001000000001000000010100000000000000001000100101001010000
000000110000000000000000000100000000100001001001000001000000010100000000000000001000010000001010000
