//
segsites: 82
positions: 0.008680000000000 0.039060000000000 0.048620000000000 0.051580000000000 0.063620000000000 0.085920000000000 0.105600000000000 0.118260000000000 0.122900000000000 0.179820000000000 0.179880000000000 0.196240000000000 0.199740000000000 0.199880000000000 0.202240000000000 0.208940000000000 0.224660000000000 0.225060000000000 0.238180000000000 0.249780000000000 0.255640000000000 0.264700000000000 0.273060000000000 0.284060000000000 0.287760000000000 0.310200000000000 0.336400000000000 0.376280000000000 0.385860000000000 0.386220000000000 0.419180000000000 0.421720000000000 0.433880000000000 0.438160000000000 0.444560000000000 0.449340000000000 0.469840000000000 0.484620000000000 0.499560000000000 0.505480000000000 0.505800000000000 0.510860000000000 0.512020000000000 0.512580000000000 0.522380000000000 0.522840000000000 0.540280000000000 0.587080000000000 0.594440000000000 0.600360000000000 0.617960000000000 0.618380000000000 0.619880000000000 0.630880000000000 0.638740000000000 0.640980000000000 0.642140000000000 0.672320000000000 0.672700000000000 0.695980000000000 0.696300000000000 0.699320000000000 0.701560000000000 0.708480000000000 0.726620000000000 0.742320000000000 0.755100000000000 0.766860000000000 0.770680000000000 0.784380000000000 0.837280000000000 0.837960000000000 0.875660000000000 0.878740000000000 0.883580000000000 0.904300000000000 0.914620000000000 0.915780000000000 0.921560000000000 0.976440000000000 0.983160000000000 0.985700000000000
0001000000000000000010000000100000010000000001000001000000000000000000000000001000
0001000000000000000010000010000100000001000000000100001000000000001000000010100000
0100000101000000000001101000010000001000010000000000001000000000001000000010100000
0000000010000100001000000010000100000001000000000000000000000000000000001101000000
0100000101010000000001101000010000001000010000000000000000000000000000000000001000
0100100101000000000100010001010000001010000000010000000000000000000000000000001000
0100000100000011000001101000010000001000010000000000101000000000001001000010100000
0100000101000000000001101100010000001000010000000000000000000000000000000000001000
1000000000000001000001101000010000001000010000000000000000000000000000000000001000
0100000101000000000001101000010000001000010000000000000000000000000000000000001000
0001000000000000000010000000000000010000000001000000001000000000001000000010100000
0100000101000000000000010000010000001000100000000001000001001000000000001101000000
0000000000000100001000000000010000001001000010000100000000000000000010010000100010
1000000000000001000001101000010000001000010000000001000000010000000000000000001000
0100000101000000000001101000010000101000010000000000000000000000000000000000001000
0001000000000000000010000000001000001000000000100000000000000000100000000000001000
1000000000000001000001101000010000001000010000000000000000000000000000000000001000
0100000101000000000001101000010000101000010000000000000000000000000000000000001000
0100000101000000000001101000010000001000010000000000000000000000000000100000001000
0000000010000100001000000010000100000001000000000100001000000000001000000010100000
0100000101000000000001101000010000001000010000000000000000100000000000000000001000
0100000101000000000001101000010000001000010000001000000000000110000000000000001000
0100000101000000000001101000010000001000010000000000000000000000000000000000001000
1000000000000011000001101000010000001000010000000000101000000000001000000010100000
0000010000000000100000000000000000000100001000000001000100000000001000000010100000
0001000000100000010010000000000000010000000001000001000000000000000000000000001000
0000000010000100001000000010000100000001000000000100001000000000001000000010100000
1000000001000000000000010000010000001000010000000000000000000000000000000000001000
0100000101000000000001101000010000001000010000000000000001001000000000001101000000
0100000101000000000001101000010010001000010000000000000001001000000000001101000000
0000000010000100001000000010000100000001000000000100001000000000001000000010100000
0100000101000000000001101000010000001000000000000000010000000000001000000010001000
0000000000000100001000000010000100000001000100000100001000000000001000000010100101
0000010000000000100000000000000001000100001000000001000110000000010100000000011000
0000000010001100001000000010000100000001000000000110001000000000001000000010100000
0100101101000000000000010000010000001000000000000000000000000000000000000000001000
0000000000000100001000000000010000001001000010000100000000000000000010010000100010
0100000101000000000001101000010000001000010000000000000000100001000000000000001000
0100000101000000000000010000010000001000010000000000000000000000000000000000001000
0011000000000000000010000000000000001000000000100000000000000000000000000000001000
