//
segsites: 76
positions: 0.027840000000000 0.031640000000000 0.035200000000000 0.037920000000000 0.055540000000000 0.059220000000000 0.067380000000000 0.073880000000000 0.084660000000000 0.107220000000000 0.111620000000000 0.123420000000000 0.160460000000000 0.163560000000000 0.173360000000000 0.174920000000000 0.176200000000000 0.190920000000000 0.201480000000000 0.226140000000000 0.228820000000000 0.240500000000000 0.240560000000000 0.243220000000000 0.249240000000000 0.250360000000000 0.259720000000000 0.323000000000000 0.332080000000000 0.368260000000000 0.389000000000000 0.391660000000000 0.393080000000000 0.397540000000000 0.410540000000000 0.435440000000000 0.438060000000000 0.473440000000000 0.495000000000000 0.496100000000000 0.505440000000000 0.524920000000000 0.532400000000000 0.533720000000000 0.536440000000000 0.554120000000000 0.562640000000000 0.576120000000000 0.582840000000000 0.604520000000000 0.608240000000000 0.629940000000000 0.640360000000000 0.661320000000000 0.661860000000000 0.668380000000000 0.668400000000000 0.672820000000000 0.715120000000000 0.719920000000000 0.730800000000000 0.769660000000000 0.793820000000000 0.794580000000000 0.796780000000000 0.825380000000000 0.838920000000000 0.840320000000000 0.847620000000000 0.862480000000000 0.884900000000000 0.891340000000000 0.934340000000000 0.942320000000000 0.973620000000000 0.982940000000000
0001110000000000001000000000011000000000000001100000000000000010000001001000
0100000110110100000000000000010100110010110000010100000000000000010010000100
0001110000000000000000000000010100110010110000010100000000000000010010000100
0001111000000000001000000000011000000000000001100000000000000000000001001000
0100000010011000100111000000000100110010110000010100000000000000010010000100
0100000010001000100000000000011010000000000001101000010000000000001000000110
0100000010010100000000000000000100110010110000100000000000000000010010000100
0100000010010100000000000000011010000000000001100000010000001000001000000100
0100000011010100000000000000011010000000000001100000010000001000001000000100
0001111000000000001000000000011000000000000001100000000000000000000001001000
0100000010001000100111000000000100011100000101000001000000010010100001001000
0100000010010100000000000000000100110010110000010100000000000010000001001000
0100000000000000000000010000000100110010110000010000010100001000001000000100
0001110000000000001000000100011000000000000001100010000000000000000001001000
0100000010010100000000000001010100011100000101000001101000000000000001001000
0100000010001000100111000000000100011101000101000001001000000000000101001000
0100000010010100000000001000000100110010110000010100000000000010000001001000
0100000010001000100111000000000100011100001101000001001011000000000001001000
0001111000000000001000000000011000000000000001100000000000000000000001001000
0001110000000000001000000000011000000000000001100000000000000000000001001000
0100000010001000100111000000000100011100001101000001001011000000000001001000
0100000010010100000000000000011010000000000011100000010000001000001000010101
0100000010000000000000010000000100110000000001100000010000001000001000000100
0100000010010100001000000000011000011101000101000001001000001000001000000100
0000000000000000000000010010000101110010110000010100000000000001010010000100
0100000010001010110111000000000100011101000101000001001000000000000001001000
0001110000000000000000000000011010000000000001100000010000000000001000000100
1100000010001000100111000000000100110010110000010100000000000000010010000100
0100000010001000100111100000000100011100000101000001001000000100000001001000
0110000010010100000000000000011010000000000001100000010000000000000001001000
0000000000000000000000010010000100110010110000010100000000000000010010000100
0100000010000000000000010000000100110000000001100000010000001000001000000100
0100000010010100001000000000010100110010110000010100000000000000010010000100
0100000010010100000000000000011010000000000001100000010000001000001000000100
0100000010001000000000010000100100011100000101000001000000000010100001001000
0001110000000001001000000000000100110010110000010100000000000000010010100100
0100000000000000000000010000000100110010110000010000010100001000001000000100
0001110000000000000000000000011010000000000001100000010000000000001000000110
0100000010010100000000000000011010000000000001100000010000101000001000000100
0100000010001000000000010000100100011100000101000001000000000010100001001000
