//
segsites: 75
positions: 0.032260000000000 0.042880000000000 0.046760000000000 0.052600000000000 0.064800000000000 0.069920000000000 0.079560000000000 0.091740000000000 0.105140000000000 0.110460000000000 0.111200000000000 0.121020000000000 0.121780000000000 0.134160000000000 0.140000000000000 0.141620000000000 0.151320000000000 0.153240000000000 0.156540000000000 0.176300000000000 0.203620000000000 0.205860000000000 0.208940000000000 0.211040000000000 0.219260000000000 0.226540000000000 0.233200000000000 0.237560000000000 0.301860000000000 0.303380000000000 0.307420000000000 0.334920000000000 0.342160000000000 0.348000000000000 0.355320000000000 0.358140000000000 0.419000000000000 0.422380000000000 0.423440000000000 0.449560000000000 0.459940000000000 0.464820000000000 0.487940000000000 0.499540000000000 0.505240000000000 0.513980000000000 0.522800000000000 0.567720000000000 0.582440000000000 0.593720000000000 0.626020000000000 0.638520000000000 0.657780000000000 0.660040000000000 0.668940000000000 0.719040000000000 0.731680000000000 0.748840000000000 0.752780000000000 0.756260000000000 0.768920000000000 0.787200000000000 0.793440000000000 0.802820000000000 0.827980000000000 0.841620000000000 0.859620000000000 0.907860000000000 0.911900000000000 0.915580000000000 0.922040000000000 0.939860000000000 0.962940000000000 0.974360000000000 0.996780000000000
000000100101000000000000000010000010100010100000000000000100000000000000011
000000100001000000000000000010000010100010100000000000000101000000000000011
100000000000010011010110000100000000100010100110000011100000011101100010100
000001000000101000000000000000100000000000000000101100000000000010010000000
001011010000000000001000000001000000000000000000100001000100000000000000000
000001000000101000000000000000100000000000000000101100000000000010010000000
000000100001000000000000000010000110110110000000000011100100000001100010100
000000100001000000000000000010000010100010000000000011100000011101000000011
000100001000000100100001010000000000100010110000000000000100000000010000000
000001000000101000000000000000100000000000000000101100000000000010010000000
000100001000000100100001010000000000100010000000101100000000000010010000100
000001000000101000000000000000100000000000000000101100000000000011100010100
100000000000010001000100000100001000100010000000001100000000000010010000000
000000100001000000000000000010000010100010000000000011100000011101100010100
000000100001000000000000000010000010100010100000000000000100100000000000011
000000100001000000000000000010000010100010000100000011100000011010010000000
000100001000000100100001010000000001100010000100000011100000011010010000000
010000100001000000000000000010000010100010000000000011100000011101100010100
000000100001000000000000000010000010100010000000000011100010011101100011100
000100001000000100100001010000000000100010100000000000000100000000010000000
000100001010000100100001011000000000100010100000000000000100000000000000011
000000100001000000000001010000000000100010000000000011100000011101100010100
000000100001000000000000000000100000000000000000101100000000000010100010100
000001000001000000000000000010000010100010000000000011100000011101100010100
000100001000000100100001010000000000100010100000000000000100000000000000011
000000100001000000000000000010000010100010000000000011100000001101100010100
000100001000000100100001110000000000100010100000000011100000011101100010100
000001000000101000000000000000100000001000000000101100000000000010010000000
000001000000101000000000000000100000000000000000101100000000000010010000000
000000100001000000000000000010000010100010000000000011100010011101100011100
100000000000010001000000000000100000000000000000101100000000000010010000000
000000100001000000000000000010000010100010000000000011100100000000000100000
000000100001000000000000000010000010100010000000000011100000011101100010100
000100001000000100100001010000000000100010100000010000000100001101100010100
000001000000101100100000000010000010100010000000000011100000011101100010100
100000000000010001000100000100000000100010001000000011101000011101101010100
000100001000000100100001010000000000100010100000000000000100001101100010100
000000100001000000000000000010010010100011000000000011100000011101100010100
000000100001000000000000000010000010100010000000000011100000011101100010100
000100001000000100100001010000000000100010100001000000010100000000000000011
