//
segsites: 68
positions: 0.030980000000000 0.034740000000000 0.048540000000000 0.060140000000000 0.064100000000000 0.077220000000000 0.098860000000000 0.101480000000000 0.135100000000000 0.177100000000000 0.242760000000000 0.250540000000000 0.294180000000000 0.303860000000000 0.310900000000000 0.327340000000000 0.330460000000000 0.340660000000000 0.344120000000000 0.348500000000000 0.357200000000000 0.367700000000000 0.385960000000000 0.396620000000000 0.402800000000000 0.402820000000000 0.404020000000000 0.408220000000000 0.415500000000000 0.441860000000000 0.445600000000000 0.475280000000000 0.477420000000000 0.514760000000000 0.524080000000000 0.544260000000000 0.544980000000000 0.568520000000000 0.597600000000000 0.598760000000000 0.614120000000000 0.615940000000000 0.645960000000000 0.659120000000000 0.662100000000000 0.687140000000000 0.687440000000000 0.726060000000000 0.749220000000000 0.751520000000000 0.757880000000000 0.782340000000000 0.795620000000000 0.803080000000000 0.812860000000000 0.871540000000000 0.874660000000000 0.885220000000000 0.888260000000000 0.911080000000000 0.946600000000000 0.953240000000000 0.959220000000000 0.984860000000000 0.987820000000000 0.991720000000000 0.994040000000000 0.996960000000000
01010001001000101010000010110000000101000000010000000000110100000000
00000011000000000100100000000100100000010010010000001000110100000000
00100100000010100000001000000000000000000000000000100010000000001000
00000011000000000100000000000000000010010010010000001000110100000000
01000001001000000100000000000000000010010011010000001000110100000000
00100100000010100000100000000100100000010010010000001000110100000000
01000001001000101000000100110000000101000000010000000000110100000000
01000001001000101000000000000001010000010110010000001000110100000000
01000001001000101000000100110000000101000000010000000000110100000000
01000001001000101000000000001000000000100000000111000001110100000000
00101100000010100000100000000100100000010010010000001000000000000100
00000011000000000101000001000000010000000000000111000000000100000000
01000001000010100000100000000010001000000000010000000000110100000000
10100100010010100000100000000100100000011010010000001000110100000000
01000001001000101000000000110000000101000000010000000000110100000000
01000001001000111000000000000000000000100000000111000000000000000100
01000001000010100000000000000100000000000000100000010100001010010011
00100100100010100000100000000100100101000000010000000000110100000000
01000001001000101000000000000000000010010010010000001000110100000000
01000001001000101000010000110000000101000000010000000000110100000000
01000001001000101000000000000000000000100000000111000000000000000100
00100100000010100000100000000100100000010010010000001000110100000000
01000001001000101000000000000000010000000000001111000000000101000000
01000001001000101000000000000000000000100000000111000000000000000100
01000001001000101000000100110000000101000000010000000000110100000000
00000011000001000100000000000000000101000000010000000000110100100000
01000001001000101000000100110000000101000000010000000000110100000000
01000001001000101000000000110000000101000000010000000000110100000000
01000001001000101000000000000000010000010010010000001000110100000000
00000011000000101000000000000000010000000000000111000000000101000000
01000001001000101000000000000000000000100000000111000000000000000100
00000011000000000100000000000000000010010010010000001000110100000000
01000001001100101000000000000000000000100000000111000000000000000100
01000100000010100000100000000100100101000000010000000000110100000000
00000011000000000100000000000000000010010010010000001000110100000000
00101100000010100000100000000100000000100000000111000000000000000100
00100100000010100000100000000100100000010010010000001000110100000000
01000001001000101000000000000000000000100000000111000000000000000100
01000001001000101000000000000100100000100000000111000000000000000100
00000011000000101000000000000100100000010010010000001000110100000000
