//
segsites: 89
positions: 0.006860000000000 0.043960000000000 0.098440000000000 0.101200000000000 0.106720000000000 0.113460000000000 0.116840000000000 0.120440000000000 0.178340000000000 0.180240000000000 0.205780000000000 0.216800000000000 0.223600000000000 0.240860000000000 0.246200000000000 0.246580000000000 0.260980000000000 0.268620000000000 0.307760000000000 0.324980000000000 0.332620000000000 0.340080000000000 0.343080000000000 0.354500000000000 0.377200000000000 0.384080000000000 0.384820000000000 0.387300000000000 0.393220000000000 0.397380000000000 0.406920000000000 0.411560000000000 0.434200000000000 0.443800000000000 0.452220000000000 0.463500000000000 0.493440000000000 0.496220000000000 0.516420000000000 0.522940000000000 0.563140000000000 0.578600000000000 0.582900000000000 0.584180000000000 0.587420000000000 0.590580000000000 0.596000000000000 0.609620000000000 0.618240000000000 0.642860000000000 0.643440000000000 0.647960000000000 0.652280000000000 0.653460000000000 0.690860000000000 0.714580000000000 0.734760000000000 0.738040000000000 0.741800000000000 0.751240000000000 0.754480000000000 0.764200000000000 0.768340000000000 0.771980000000000 0.779060000000000 0.783980000000000 0.831900000000000 0.840060000000000 0.840700000000000 0.846460000000000 0.851580000000000 0.851980000000000 0.864560000000000 0.874520000000000 0.879560000000000 0.881540000000000 0.913380000000000 0.916680000000000 0.923800000000000 0.924200000000000 0.929900000000000 0.932880000000000 0.937600000000000 0.951140000000000 0.958600000000000 0.965240000000000 0.975480000000000 0.982260000000000 0.996880000000000
00000001000000000000000010100001000000000000100001000000001000000000000000001000000000100
01000100011010011000110110100001000000000000100001000000001000000000000000001000000000100
10000001100100000000000000010000100010000011000010000000000010000100010010001000000000100
00000001000001000000000000010000001010000011000010000000000010000000010010001000000000100
00000001000001000000000000000001000000000000100100000000100001000001010000010000000000010
00000001000001000000000000000001000000000000100000001100000000000000000000000000001000001
01000100011010111100110110100001000000000000100000001100000100000000000000000000001000001
00000001000001000000000000000001000000000000100000001100000000010000000000000000001000001
10000001100100000000001000010000101010000011000010000000000000000000010000000000000001000
00000001000001000000000000000001000000000000100000001100000000000000000000000000001000001
00000011000000000010000000000010000000100000010000101110000000000000000000000011000000000
01001100011010011000110110100001000000000000100001000000001000000000000000001000000000100
01000100011010010000000001000010000010001001000010000010000000000010100101100000110000000
00000001000001000001000010001001000001000000100000000001010000100010100101100000110100000
00000001000000000000000010000001001010000000100001000000001000000000000000001000000000100
00000001000001000000000000000001000000000000100000001100000000000000000000000000001000001
01010100011010011000010000010000011010010000100000001100000000000000000000000000001000001
00000001000001000000000000000001000000000000100000001100000000000000000000000000001000001
00000001000001000000000000000001000000000000100000001100000000000000000000000000001000001
00100001000000000000000010000101000000000000101100000000100001000001010000010000000000010
10000001100100000000000000010001000000000000100100000000100000000010101100000000000001000
00000001000001000000000000000001000000000100100000001100000000000000000000000000001000001
01000100011010111100110110100001000000000000100000001100000100000000000000000000001000001
01000001000001000000000000000001000000000000100000001100000000000000000000000000001000001
00000001000001000000000000000001000000000000100100000000100001000001010000010000000000010
00000001000000000010000000000010000000100000010000101110000000000000000000000011000000000
00000001000000000000000010000001000010000011000010010000000010000000010010001100000000000
00000001000001000000000000000001000000000100100000001100000000000000000000000000001000001
00000001000000000000000010000001000000000000100100000000100001000001010000010000000010010
00000001000001000000000000000001000000000000100000001100000000000000000000000000001000001
00000001000001000000000000000001000000000000100000001100000000000000000000000000001000001
00000001000001000000000000000001000000000000100000001100000000000000000000000000001000001
00000001000010011000000000000001000000000000100000001100000000000000000000000000001000001
01000100011010010000000001000010000010001001000000001100000000000000000000000000001000001
01000100011010011000110110100001000000000000100001000000001000000000000000001000000000100
00000001000001000000000000000001000000000000100000010000000010000000010010001000000000000
00000001000001000000000000000001000000000000100000001100000000000000000000000000001000001
00000001000001000000000010000001000000000000100100000000100000000010101100000000000001000
00000001000000000000000010000001000100000000100100000000100001000001010000010000000000010
00000001000000000000000010000001000000000000100000001100000000001000000000000000001000001
