//
segsites: 104
positions: 0.013600000000000 0.018560000000000 0.019520000000000 0.022380000000000 0.025300000000000 0.025500000000000 0.027340000000000 0.031420000000000 0.049740000000000 0.054220000000000 0.062760000000000 0.063020000000000 0.082720000000000 0.086720000000000 0.093580000000000 0.111920000000000 0.112900000000000 0.119160000000000 0.119980000000000 0.123060000000000 0.127740000000000 0.129640000000000 0.134020000000000 0.154400000000000 0.192060000000000 0.197960000000000 0.200980000000000 0.211480000000000 0.213800000000000 0.214880000000000 0.230200000000000 0.230760000000000 0.245420000000000 0.266760000000000 0.273100000000000 0.284880000000000 0.307580000000000 0.311980000000000 0.328640000000000 0.342300000000000 0.368020000000000 0.396800000000000 0.398540000000000 0.400860000000000 0.400980000000000 0.402760000000000 0.413820000000000 0.417080000000000 0.420700000000000 0.428060000000000 0.433460000000000 0.472280000000000 0.472920000000000 0.478960000000000 0.481480000000000 0.488160000000000 0.490620000000000 0.494500000000000 0.502980000000000 0.507320000000000 0.523980000000000 0.547320000000000 0.547720000000000 0.550080000000000 0.560420000000000 0.597480000000000 0.602080000000000 0.616660000000000 0.618340000000000 0.618900000000000 0.625020000000000 0.627600000000000 0.648280000000000 0.666640000000000 0.672900000000000 0.680420000000000 0.685080000000000 0.700580000000000 0.713480000000000 0.727320000000000 0.755660000000000 0.767740000000000 0.774580000000000 0.784240000000000 0.794200000000000 0.806640000000000 0.820900000000000 0.825860000000000 0.838940000000000 0.841200000000000 0.846640000000000 0.851320000000000 0.851380000000000 0.858820000000000 0.866860000000000 0.877480000000000 0.881440000000000 0.894900000000000 0.954440000000000 0.964200000000000 0.971720000000000 0.990820000000000 0.998880000000000 0.999320000000000
00000010001010100000000000000000000000000000001000000000000000000001000000000000001000000000000000000000
11101100011010100000000100000000000000000100000010000010000000000001000000001000000100010000000000110000
00000000000000000110101000000001011100000011010001100000000100000000010000000110100001000010100100000000
00100101000000001000000010000010000000000011010001100000000100011100100000100000000100010000000000110000
11101100001010100000000100000000000000000100000010000010000000000001000000001000000100010000000000110000
00100101000000000000000010000010000000000011010001100000000100011100100000100000010100010000000000110010
00000000001000010001000000000001011000000011010001100000000100000000011000000110100100100000000010000000
00000010000000000000000000110100000010100000000100001000111001000011000110000001000100010000000000110000
11101100001010100000000100000000000000000000000000001000111001000011000110000001000001000000000000110000
00000010001010100000000000000000000000000000001000000000000000000001000000000000000000000000000000000001
11101100001010100000000100000000000000000000000000000010000000000001000000001000000100010000000000110000
11101100001010100000000100000000000000000011010001100000000100000000010000000110000100100000000010000000
00000010000000000000010000100100000000000000000000000010000000000001000000011000000100010000001000111000
11101100001010100000000100000000000000000000000000000010000000000001000000001001000001000000000000110000
00000010000000000000010000100100000000000000000000000010000011000011000110000001000001000000010000110000
00000010001011100000000000000000000010100000000100001000111001000011000110000001000001000000100100000000
00000000000000000110101001100100000010100000000010000010000000000001000000100000000110000000000000000000
00000010001010100000000000000000000000000000001000000000000000000001000000000000000000000000000000000000
11101100001110100000000100000000000000000100000010000011000000000001000000001000000100010000000000110000
00000000000000000000000100100100000000000000000000000010000000000001000000001000000100010000000000110000
00000000000000000110101001100100000010100000000100000010000000000001000110000001000001000001100100000001
00000010000000000001000000000001011000000011010001100000000100000000010000000110000100100000000000000100
00000010001010000000000010000010000000000011010001100000000100011100100000100001000100010000000000110000
11101100001010100000000100000000000000000100000010000010000000000001000000001000000100010000000000110000
00100101000000000000000000000000000001000000000010000010000000000001000000100000000000000000000000000000
00000010000000000000000000110100000010100000000100001000111001100011000110000001000001000000100100000000
00000010000000000001000000000000000010100000000100001000111001100011000110000001000001001000100100000000
11111100001010100000000100000000000000000000000000000010000000000001000000011000000100010000000000110000
00100101000000000000000010000010000000000011010001100000000100011100100000100000000110000000000000000000
11101100001010100000000100000000000000000000000010000010000000000000100000100000000110000000000001000000
00000000000000000000000100100100000000000000000000000010000000000001000000001000000100010000000000110000
00000000000000000010101001100100000010100000000100010010000000000001000110000001000001000001100100000001
11101100001010100000000100000000000000000000000000001000111001000011000110000001000001000100000000110000
00000000001000000001000000000001011000000011010001100000000100000000011000000110100100100000000010000000
00000010001010100000000000000000000010100000000001100000000100011100100000100000000110000000000000110000
00000010000000000000000000111100100000001000100000001100110001000011000111000001000100010000000000110000
00000010000000100000000100000000000000000000000010000010000000000001000000001000000100010000000000110000
00000000000000000110101001100100000010100000000010000010000000000001000000100000000110000000000000000000
00000000000000000110101001100100000010110000000100000010000000000001000110000001000001000001100100000001
11101100101000000001000000000001011000000011010001100000000100000000010000000110000100100000000000000100
