//
segsites: 90
positions: 0.021720000000000 0.034020000000000 0.043540000000000 0.056060000000000 0.057860000000000 0.060620000000000 0.074880000000000 0.098780000000000 0.098980000000000 0.107400000000000 0.112680000000000 0.145400000000000 0.146040000000000 0.155400000000000 0.164540000000000 0.165360000000000 0.188100000000000 0.241020000000000 0.242520000000000 0.261880000000000 0.268280000000000 0.281740000000000 0.283380000000000 0.295300000000000 0.306600000000000 0.313160000000000 0.315800000000000 0.317480000000000 0.318900000000000 0.320420000000000 0.329660000000000 0.334840000000000 0.340020000000000 0.343080000000000 0.344960000000000 0.358380000000000 0.360980000000000 0.375060000000000 0.377700000000000 0.379180000000000 0.414460000000000 0.416340000000000 0.423060000000000 0.424020000000000 0.434360000000000 0.450780000000000 0.455680000000000 0.474160000000000 0.474500000000000 0.491560000000000 0.493420000000000 0.499380000000000 0.501480000000000 0.502900000000000 0.507760000000000 0.521040000000000 0.531940000000000 0.533160000000000 0.534840000000000 0.547600000000000 0.548000000000000 0.556220000000000 0.585960000000000 0.592440000000000 0.594280000000000 0.599460000000000 0.605900000000000 0.659700000000000 0.673880000000000 0.676180000000000 0.687020000000000 0.698240000000000 0.698660000000000 0.699820000000000 0.709780000000000 0.733240000000000 0.733320000000000 0.740700000000000 0.752160000000000 0.801460000000000 0.833040000000000 0.839240000000000 0.861600000000000 0.896260000000000 0.908060000000000 0.934340000000000 0.934700000000000 0.986320000000000 0.989340000000000 0.997100000000000
000100000000000000001001010000000000000001100000000000001000000010111011100101101000010010
000100000000000000001001010000000000000001100000000000001100000010111011100101101000010110
000001100001000000001000100010000101000000001100000000100011000000001010010000000000000001
000000000000000000001000000010000001000000001100000000100011000000001010010000000000000001
000001000000010000000000000000000001000000001000010100000000010010111011100101101000010000
000100000000000000001001010000000000000001100000000000001000000010111011100101101000010010
000100000000000000001001010000000000000001100000000000001000000010111011100101101000010110
000010000000100001001000001010000001000010011101000000100011000000001010010000000000000001
010000000000101100010100000101110010100100000000001000010000101101000000001000010100000001
000000000000000000001000000010000001000000001100100000100000000010111011100101101000010010
000000000000000000001000000010000001000000001100100000100011000000001010010000000010000001
000000000000000000001000000010000001000000001100100000100011000000001010010000000010000001
000000000000000000001010000010001001000000001100000010100011000000001010010000000000000001
000000000000000000001000000010000001000000001100100000100000000010111011100101101000010010
011000000000100100010100000101110010100100000000001000010000100000001010010000000000000001
000001100100000010001000100010000101000000001100000000100010000010111011100101101000010010
000000000000000000001000000010000001000000001110100001100011000000001010010000000000010010
000001100000000000001000100010000101000000001100100000100011000000001010010000000010000001
000010001000100000001000000010000001000010001101000000100011000000001010010000000000001000
000000000010100100010100000101110010100100000000001000010000101000000000001000010000000001
000000000000000000001000000010000001001000001100100000100011000000001010010000000010000001
000000000000000000001000000010000001000000001100100000100011000000001010010000000010000001
000100000000000000001001010000000000000001100000000000001000000010111011100101101000010010
010000000000100100010100000101110010100100000000001000010000101000000000001000010000000001
000010001000100000001000000010000001000010001101000000100011000000001010010000000000001000
000100000000000000001001010000000000000001100000000000001000000010111011100101101000010010
000010000000100000001000000010000001000010001101000000100011000000001010010000000000001000
010000000000101100010100000101110010100100000000001000010000101101000000001000010000000001
010000000000100100010100000101110010100100000000001000010000101000000000001000010000000001
100000000000000000001000000010000001000000001100000000100011000000001110010010000000000001
010000000000101100010100000101110010100100000000001000010000101101000000001000010000000001
000100010000000000001001010000000000000001100000000000001000000010111011100101101000010010
000000000000000000001000000010000000000001000000000000001000000010111011100101101000010010
000000000000000000101000000010001001000000001100000010100011000000001010010000000000000001
000010000000100000001000001010000001000010001101000000100011000000001010010000000000001000
000001100000000000001000100010000101010000001100000000100010000010111011100101101000010010
000000000000000000001000000010000001000000001100000000100011000000001110010000000001100001
010000100000000000001000100010000101000000001100000000100011000000001010010000000000001000
010000000000100100010100000101110010100100000000001000010000101000000000001000010000000001
000010001000100000001000000010000001000010001101000000100011000000001010010000000000001000
