//
segsites: 90
positions: 0.019920000000000 0.024120000000000 0.069680000000000 0.076940000000000 0.103840000000000 0.108940000000000 0.114620000000000 0.118660000000000 0.122700000000000 0.133280000000000 0.162540000000000 0.171660000000000 0.173760000000000 0.179180000000000 0.181320000000000 0.182480000000000 0.190820000000000 0.199880000000000 0.202780000000000 0.215800000000000 0.218640000000000 0.223480000000000 0.266200000000000 0.290700000000000 0.307420000000000 0.312920000000000 0.340560000000000 0.348280000000000 0.375600000000000 0.389620000000000 0.402980000000000 0.421900000000000 0.429920000000000 0.431060000000000 0.431720000000000 0.451340000000000 0.469700000000000 0.491400000000000 0.493340000000000 0.495720000000000 0.512260000000000 0.514520000000000 0.556560000000000 0.561240000000000 0.568680000000000 0.568700000000000 0.575260000000000 0.582640000000000 0.592940000000000 0.598600000000000 0.605700000000000 0.618360000000000 0.629400000000000 0.629500000000000 0.638080000000000 0.640540000000000 0.651720000000000 0.652420000000000 0.676060000000000 0.684380000000000 0.684920000000000 0.700740000000000 0.722120000000000 0.737920000000000 0.746480000000000 0.760040000000000 0.764600000000000 0.766320000000000 0.778300000000000 0.781540000000000 0.781680000000000 0.818620000000000 0.837300000000000 0.846760000000000 0.853120000000000 0.855960000000000 0.861540000000000 0.877060000000000 0.886720000000000 0.887640000000000 0.906260000000000 0.927580000000000 0.945800000000000 0.955260000000000 0.956520000000000 0.959660000000000 0.967840000000000 0.973420000000000 0.976840000000000 0.999680000000000
000001001000110001100010100000100000001000000000101000100101010000000000000000100000011000
000001000000110001100110001100010001000000110101000100010000100000000110000111000001000000
000001001000110001100010100000100000001000000000101000100101000000010000000000100000000000
000000100001000001000010001100010001000000110101000100010000100000001000000000010000111000
100000100001000001010010001110010001000000110101000100010000100000001000000000010000011000
000000100001000001000010001100010001000000110101000100010010100000001000000000010100011000
000000100001000001000010001101010010101100000000000101100101000000000000000000100000000000
001110010100001010000010110001010010001100000000010101100101000000000000000000100000000000
000000100001000001000010100001010010000000110001000000101101001000000000100000000000010000
000001000000110001100110001100010001000000110000101000100101000100010000000000100000000000
000001001000110001100010100000100000001000000000101000100101010000000000000000100000000000
000001000000110001100110001100010001000000000000101000100101010000010000000000100000000000
000001000000110001100110001100010101000000110101000100010010100000001001000000100000000000
000000100001000001000010001100010001000000110101000000101101001000000000000000000000010000
000001000000110001100110001100010001000000000000101000100101010000010000000000100000000000
000001000000110001100110001100010001000000000000101000100101010000010000000000100000000000
000000100001000001000010001100010001000000110101000100010010100000001000000000010100011000
000000100001000001000010100001010010000000110001000000101101001000000000010000000000010000
000000100001000001000010001100010001000000110101000100010010100000001000000000000010010000
000001001000110001100010100000100000001000000000101010100101000000010000000000100000000000
000000100001000001000010001100010001000000110101000100010000100000101000000000010000011000
000000100001000001000010001100010001000000110101000100010000100000101000000000010000011000
000000100001000001000010001101010010101100000000000101100101000000000000000000100000000000
000001001000110001100010100000100000001000000000101000100101000000000000000000100000000000
000001001000110001100010100000100000001000000000101000100101000000000000000000100000000000
000000100011000001000010001101010010101100000000000101100101000000000000000000100000000000
000000100001000001000010001100010001000010110101000100010010100000001000000000011100011000
000000100001000001000010001100010001000000110101000000101101001000000000000000000000010000
000001000000110101100011100000010001000000110101000100010000100000101000000000010000011000
010000100001000001000010001100010001000000110101000100010000100000000000000000100000000000
000001001000110001100010100000100000001000000000101000100101000000000000000000100000000010
000001001000110001100010100000100000001000000000101000100101010000000000000000100000000001
000001000000110101100011100001010010000000111011000000100101001000000000000000000000010000
000000100001000001000010001100010001000000110101000100010000100000001000000000010000011000
000000100001000001000010001101010010101100000000000101100101000000000000000000100000000000
000001000000110101100010100000100000001000000000101000100101000000000000000000100000000100
000000100001000001000010100001010010000000110001000000101101001000000000010000000000010000
000000100001000001010010001100011001010001110101000100010000100010001000000000010000011000
000001000000110101101011100001010010000000111001000000100101000001000110001000100000000000
000001000000110001100110100001010010001100000000000101100101000000000000000000000000011000
