//
segsites: 79
positions: 0.019840000000000 0.028500000000000 0.034440000000000 0.036140000000000 0.058960000000000 0.086240000000000 0.091480000000000 0.100020000000000 0.105000000000000 0.109640000000000 0.113200000000000 0.127280000000000 0.151660000000000 0.158820000000000 0.164340000000000 0.173640000000000 0.175060000000000 0.178440000000000 0.189360000000000 0.202580000000000 0.212960000000000 0.223920000000000 0.249340000000000 0.269600000000000 0.271020000000000 0.272800000000000 0.284780000000000 0.285960000000000 0.292180000000000 0.310520000000000 0.332300000000000 0.362760000000000 0.370520000000000 0.371740000000000 0.378800000000000 0.411900000000000 0.420620000000000 0.420860000000000 0.426860000000000 0.430880000000000 0.462180000000000 0.470600000000000 0.470620000000000 0.477000000000000 0.490400000000000 0.537620000000000 0.555680000000000 0.558420000000000 0.566280000000000 0.606280000000000 0.608700000000000 0.629000000000000 0.629380000000000 0.632440000000000 0.648520000000000 0.681760000000000 0.699260000000000 0.705540000000000 0.712480000000000 0.722000000000000 0.722960000000000 0.723500000000000 0.751180000000000 0.776200000000000 0.806060000000000 0.850180000000000 0.858280000000000 0.859080000000000 0.896760000000000 0.910380000000000 0.913400000000000 0.917040000000000 0.929800000000000 0.953560000000000 0.964480000000000 0.982240000000000 0.990160000000000 0.991440000000000 0.995440000000000
0011001111000011100000000111010000000000010000000011010000010001101101000000000
0011001111000001100000000110010000000000010100000011000001010001101101000000000
0011001111100001100000000110010000000000010000100011000000000100000000010110010
0011001111000001100000000110010000000000010000000011000000000000000000010110010
0011001111000001100000000000100010100100001010001000000001010001101101000000000
0011001111000001101000000110010000000000010000000011000000000000000000010110010
0000100000010000110010010000101000000100000010000000000100000010000010001000000
0011001111000001100000000110001000000100000010000010000000000000000000010110010
0000100000010000110010010000101000000100000010000000000100000010000010000000000
0011001111000001100000000110010000000000010000000000100100000010000010000000100
1100000000000000000101000000100000000000010000000111000000000000000000010110010
0011001111000001100000000110010000000000010000000011000001010001101101000000000
0100001111000001100000000110010001000000010000000011000000000000000000010110010
0011001111000001100000100110010000000000001010001000000001010001101101000000000
0011001111000001100000000110010000000000010000000011000000010001101101000000000
0011001111000001100000000110010000000000010000000011000000000000000000010110010
0011001111000001100000000110010000000000010000000011000000000000000000010110010
0011001111000001100000010000101000000100000010000011000000000000000000010110010
1100000000000000000101000000101000000100000011000000000100000010000010000000000
0011001111001001100000000110010000000000010000000011000000000000000000010110010
0011001111000001100000000110010000000000010000000011000001010001101101000000000
0011001111000001100000000110010000000110100010010011000000000000000000010110010
0011001111000001100000000110010000001000010000000011000000000000000000010110010
0011001111000001100000000110010000000000010000000011000000000000000000010110010
0011001111000001100000000110010000000000010000000011000000000000000000010110010
0011011111000001100000000110010100000000010000000011000000000000000000010110010
0100001111000001100000000110010000010001010000000011000000000000000000010110010
0011001111000001100000000110010000001000010000000011000000000000000000010111010
0011001111000001100000000110010000000110100010010011000000010001101101000000000
0011001111000001100000000110010000000000010000000011000000000000000000010110010
0011001111000001100000000110010000000000010000000011000000010001101101000000000
0011011111000001100000000110010000000000010000000011001010101000000000100000001
0011001111000001100000000110010000000000010000000011000000010001101101000000000
0011001111000101100000000111010000000000010000000011010000010001101101000000000
0011001111000001100000000110010000000000010000000011000000000000000000010110010
0011001111000001100000000110010000000000010000000011000000000000000000010110010
1100000000000000000001001000100010100100001010001000000001010001101101000000000
0011011111000001100000000110010000000000010000000011001010101000000000000000001
0011001111000001100000000110010000001000010000000011000000000000000000010110010
0011011111000001100000000110010000000000010000000011000000000000010000010110010
