//
segsites: 79
positions: 0.002580000000000 0.011440000000000 0.030340000000000 0.040680000000000 0.048640000000000 0.094320000000000 0.096160000000000 0.107140000000000 0.108560000000000 0.120600000000000 0.132300000000000 0.139420000000000 0.144540000000000 0.154100000000000 0.176780000000000 0.184420000000000 0.186040000000000 0.196440000000000 0.207920000000000 0.236380000000000 0.250160000000000 0.263320000000000 0.267680000000000 0.272900000000000 0.273020000000000 0.274180000000000 0.282320000000000 0.299380000000000 0.321140000000000 0.331560000000000 0.356360000000000 0.368820000000000 0.370220000000000 0.378320000000000 0.387440000000000 0.394600000000000 0.409480000000000 0.423460000000000 0.430760000000000 0.440360000000000 0.451300000000000 0.453180000000000 0.454180000000000 0.468480000000000 0.498860000000000 0.508700000000000 0.542540000000000 0.573440000000000 0.576100000000000 0.584080000000000 0.586580000000000 0.601480000000000 0.604760000000000 0.604920000000000 0.606040000000000 0.607260000000000 0.647440000000000 0.659100000000000 0.662920000000000 0.669620000000000 0.674540000000000 0.692560000000000 0.713920000000000 0.727700000000000 0.742640000000000 0.752400000000000 0.755180000000000 0.757000000000000 0.763760000000000 0.767700000000000 0.803180000000000 0.828740000000000 0.828940000000000 0.839540000000000 0.841400000000000 0.876660000000000 0.943180000000000 0.957320000000000 0.998920000000000
0000101001000000000010011000010011000001001001100000000001000000000000000101000
0000101101100000000010011000110011000001001001100000000000000000000000000100000
0000101001000000000010011000010011000001001001100000000000000100000010000000000
0001010001001001001000000000000000000000010000010001000000001001000000100100001
0000101101100000000010011000110011010001001001100000000000000000000000000100000
0000101101100000010011011100010011000001000010000000100000000100000110000000000
0100101001000000000010011000010011000001000010000000100000000000000000000100000
0000101001000000000010111000010111000011000010000000010100010000000000000000100
0101010001001001001000000000000000000000010000010101000000001011000001100100001
1000100000000000000010011000010011000001100010000000100000000100000010000000000
0000100010010000000010011000010011000101000010000000100000000100000010000000010
0101010001001001001000000000001000000000010000010101000000001001000000100100001
0101010001001001001000000000000000000000010000000000000000000000000000000000100
0000101001000100000010011001010011000001000110000000010100000000000000000000000
0000101001000110000010111010010111000011000010000000010100010000000000000000100
0000101101100000010011011100010011000001000010000000011110000000000000000000000
0010000010010000000010011000010011000101000010000000100000000100000010000000010
0000101001000000000010011000010011000001001001100000000000000000000000000101000
0000101001000000000010011000010011000001000010000000100000000100000010000000000
0000101001000000000010011000010011000001001001100000000000000000001000010100000
0000101001000000000010011000010011000001001001100000000000000000000000000100000
0101010001001001001000000000000000000000010000000000000000000000010000000010000
1000100000000000000100000000000000101000000000000000000000000000110000000010000
1000100000000000000100000000000000101000000000000000010100010000000000000000100
1000101001000100100010011000010011000001000110000000010100000000000000000000000
1000100000000000000100000000000000101000000000000000000000000000010000000010000
0101010001001001001000000000000000101000000000000000000000100000010000000010000
0000101001000000000010011000010011000001001001100000000001000000000000000101000
1000101001000000000010011000010011000001001001100010000000000000000000010100000
0010000010010000000010011000010011000101000010000000000010000000000000000000000
1000100000000000000100000000000000101000000000000000010100010000000000000000100
0000101001000000000010011000010011000001000010000000100000000100000010000000000
0000101101100000010011011100010011000001000010000000011110000000000000000000000
0000101001000000000010011000010011000001000010001000100000000100000110000000000
1000100000000000000100000000000000101000000000000000000000000000010000000010000
0101010001001001001000000000000000000000010000010101000000001001000000100100001
0101010001001001001000000000000000000000010000010001000000001001000000100100001
0101010001001001001000000000000000000000010000010101000000001001000000100100001
0000101001000100000010111000010111000011000010000000010100010000000000001000100
0000101101100000010011011100010011000001000010000000011110000000000000000000000
