//
segsites: 97
positions: 0.001160000000000 0.006600000000000 0.007040000000000 0.009100000000000 0.025100000000000 0.029820000000000 0.030860000000000 0.064920000000000 0.074020000000000 0.084620000000000 0.093760000000000 0.107540000000000 0.146420000000000 0.150120000000000 0.169300000000000 0.178500000000000 0.208880000000000 0.212960000000000 0.214640000000000 0.224020000000000 0.228120000000000 0.240120000000000 0.249800000000000 0.250160000000000 0.275060000000000 0.295860000000000 0.295920000000000 0.297600000000000 0.298320000000000 0.299540000000000 0.309600000000000 0.311240000000000 0.314680000000000 0.329500000000000 0.330800000000000 0.349300000000000 0.367600000000000 0.374640000000000 0.376380000000000 0.379080000000000 0.380560000000000 0.399520000000000 0.405560000000000 0.410020000000000 0.428520000000000 0.479800000000000 0.485900000000000 0.489780000000000 0.520560000000000 0.521840000000000 0.532200000000000 0.533480000000000 0.538340000000000 0.561120000000000 0.562220000000000 0.563420000000000 0.566780000000000 0.568140000000000 0.576880000000000 0.611200000000000 0.644780000000000 0.649420000000000 0.654200000000000 0.658280000000000 0.670420000000000 0.703460000000000 0.708600000000000 0.710640000000000 0.710960000000000 0.711420000000000 0.727320000000000 0.728620000000000 0.731480000000000 0.747800000000000 0.769480000000000 0.788180000000000 0.805740000000000 0.815400000000000 0.824100000000000 0.890080000000000 0.906560000000000 0.914880000000000 0.915640000000000 0.923860000000000 0.927260000000000 0.945540000000000 0.947840000000000 0.950260000000000 0.950620000000000 0.951720000000000 0.956440000000000 0.959480000000000 0.964020000000000 0.967500000000000 0.977340000000000 0.987800000000000 0.988040000000000
0010010000000010000000100100000010001000000000000011000100001000010000100000000001001100000100100
1000100000000000100100001000010000000000010000000001000100101000011000000000100001001100000000100
0010010000010000000000000001001000100110000000001000010000000000000110000001000110100010010001000
1000100000000000000100001000010000000000010000000001000100101000011000000000100001001100000000100
0010010000000000000100001000010000000000010000001000000000000000000110000001000010100010010001000
0010010000010000000000000001001000100100000000001000000000000000000110000001000010100010010001000
0010010000000010010000100100000010001000000000000011000100001000010000100000000001001100000100100
0010010000000010000000000100000010100100000000001000000000000000000110000001000010100010010001000
1000100000000000000100001000010000000001110000000001000100101000010000000000000001001100000100100
1000100000000000000100001000010000000000010000000001000100101000011000000000100001001100000000100
1000100000000000000110001000010000000000010000000001000100101000011000000000100001001100100000100
0010010000000010000000100100000010001000000000000011000100001000010000100000000001001100000110100
0010010000000010000000000100000011001000000001000001100100001000010000000000000001001100000100101
0010010000000010001000100100000010001000000000000011000101001000010000100000000001001100000000100
0010010000000010000000000100000010000000000100100001000100000000000000000000000000000001000000010
0010010000000010000000100100000010001000000000000011000100001000010000100000000001001100000100100
0010010000000000000100001000010000000000010000000001000100101000011000000000100001011100000000100
0010010001000010000000100100000010001000000000000011000100001000010000100000000001001100000100100
1000100000000000000100000100000010000000000100000001000100000000000000000000000000000001000000010
0010010000001010000000100100000110001000000000000011000100001000110000001100000001001100001000100
0010010000000010000000100100000010001000000000000011000100001000010000100000010001001100000100100
1000100000100000000100001000010000010000010000000001000100001000011000000000100001001100000000100
0010010000000010000000100100000010001000000000000011000100001000010000100000001001001100000100100
1000100000000000100100001000010000000000010000000001000100101000011000000000100001001100000000100
1000100100000000000100001000010000000000010000000001000100101000011000000000100001001100000000100
0010010000000000000100001000010000000000010000000001000100101000011000000000100001011100000000100
0000001000000101000001000010000000000000010000010000000010001000010000010000100001001100000000100
0010010000000010000000100100000010001000000000000011000100001000010000100000001001001100000100100
0010010000000000000100001000010000000000010000001000000000000000000110000001000010100010010001000
1000100000000000000100001000110000000000010010000001001100101010011000000000100001001100000000100
0010010000010000000000000001001000100100000000001000000000000000000110000001000010100010010001000
0010010000000010000000100100000010001000000000000011000100001000010000100010000001001100000100100
1100100010000000000100001000110000001000001000000011000100011000011001000000100001001100000000100
0010010000010000000000000001001000100100000000001000000000000000010000000000000001001100000100101
0010010000000010000000100100000010001000000000000011000100001000010000100000000001001100000100100
0011010000000010000000100100000010001000000000000011000100011000011000000000100001001100000000100
0010010000000010000100001000010000000000010000000101000100001101011000000000100001001100000100100
0010010000010000000000010100000010001000000000000001000100001000011000000000100001001100000000100
1000100000000000000100001000010000000001110000000001000100101000010000000000000001001100000100100
1000100000000000000110001000010000000000010000000001000100101000011000000000100001001100000000100
