//
segsites: 87
positions: 0.016920000000000 0.040600000000000 0.042300000000000 0.074860000000000 0.100060000000000 0.100580000000000 0.119080000000000 0.123700000000000 0.147400000000000 0.168500000000000 0.190160000000000 0.224860000000000 0.238480000000000 0.240220000000000 0.249740000000000 0.251640000000000 0.269140000000000 0.269600000000000 0.290180000000000 0.297440000000000 0.332100000000000 0.339160000000000 0.343280000000000 0.357420000000000 0.360460000000000 0.361980000000000 0.364260000000000 0.376900000000000 0.384420000000000 0.394520000000000 0.401560000000000 0.409460000000000 0.414080000000000 0.414740000000000 0.421160000000000 0.436920000000000 0.439320000000000 0.448060000000000 0.453320000000000 0.454720000000000 0.460580000000000 0.472960000000000 0.473980000000000 0.482220000000000 0.488960000000000 0.504760000000000 0.534900000000000 0.546920000000000 0.564840000000000 0.565280000000000 0.569180000000000 0.569560000000000 0.575880000000000 0.576800000000000 0.581900000000000 0.582920000000000 0.583220000000000 0.624900000000000 0.630260000000000 0.633880000000000 0.634260000000000 0.662360000000000 0.666720000000000 0.679460000000000 0.694180000000000 0.696240000000000 0.699760000000000 0.716800000000000 0.722840000000000 0.733060000000000 0.749860000000000 0.783200000000000 0.786560000000000 0.798620000000000 0.800220000000000 0.832300000000000 0.859440000000000 0.861600000000000 0.878840000000000 0.896200000000000 0.931120000000000 0.942460000000000 0.945480000000000 0.986660000000000 0.993280000000000 0.993500000000000 0.994040000000000
000100000100000110100000000000000000000100100000000100000000000000010100000000000000000
000000100010010000000000000001000100000000000011011010000100000000001000011000000000000
000000001000000000000000000000000000000100100000000100000000000000010100000000000000000
010001000101001001001000110000000010000000001000000000000010001100001000000010010000011
000000001000000000000000000000000000000100100000000100000000000000010100000000000000000
000000001000000000000000000000000000000100100100000100000000000000010100000000000000000
000000001000000010100000000000000000000100100000000100000000000000010100000000000000000
000000001000000010100000000000000000000100100000000100000000000000010100000000000000000
000100000100000000000000000100000000000100110000100100000000000000010100000000000000000
000100000100000000000000000000000000000100100000000100000000000000110110000000000001000
000000001000000000000000000000000000000100100000100101000000000000001000011000000000000
000100000100000000001000000011000000100000000011011010000000000000001000000000000000000
000100000100000000000000000100000000000100110000100100000000000000010100000000000000000
000000001000000010100000000000000000000100100000000100000000000000010100000000000000000
000100000100000000010011000000001001010010000000000000000001000000010000100000000000100
000100000100000010000110000000000000000000000011011010000000000000001000011000000000000
000010001000000000000000000000000000000100100000000100000000000000010100000000000000000
000100000100000000001000000011000000100000000011011010000000000000001000000000000000000
000100000100000000010011000000001001011010000000000000000001000000010000100000000010100
001000001000000010000110000000011001000010000000000000000000000000001000000001000000011
000100000100000000000000000000000000000111000000000000000000000000001000000001000000011
010001000100000000000000000000000000000010000000000000000000000000001000000101000000011
100000100010110000000000000001000000000000000011011010000000000000001000011000000000000
000000001000000000000000000000000000000100100000000100000000000000010100000000000000000
001000001000000010000110000000000000000000000011011010000000000000001000011000000000000
100001000101001001001000110000000010000000001000000000000010001100001000000010110000011
100000100010110000000000000001000000000000000011011010000000000000001000011000000000000
000000001000000000000000001000100000000100100000100100010000000000010100000000000000000
000100000100000000001000000011000000100000000011011010000000000000001000000000000000000
000100000100000000000000000000000000000100110000100100000000000110001000000010010000011
000000001000000000000000000000000000000100100000000100000000000000010100000000000000000
100000001000000000000000000000000000000100100000100100000000000000010101000000000000000
000100000100000000010011000000001001010010000000000000000001010000010000100000000000000
000100010100000000010011000000001001010010000000000000101001000000010000100000001000100
000100000100000000000000000100000000000100110000100100000000000000010100000000000000000
000100000101001001001000110000000010000000001000000000000010001100001000000010010000011
000000001000000000000000000000000000000100100000000100000000000000010100000000000000000
000000001000000010100000000000000000000100100000000100000000000000010100000000000000000
000000001000000000000000000000000000000100100000000100000000000001010100000000000000000
000100000100000000000000000000000000000100100000000100000000100000010100000000000100000
