//
segsites: 88
positions: 0.010340000000000 0.011100000000000 0.017620000000000 0.020740000000000 0.043960000000000 0.056800000000000 0.073080000000000 0.076420000000000 0.107700000000000 0.124040000000000 0.134960000000000 0.144460000000000 0.145540000000000 0.148940000000000 0.157360000000000 0.168220000000000 0.177660000000000 0.181180000000000 0.189720000000000 0.221080000000000 0.224800000000000 0.232240000000000 0.234820000000000 0.235320000000000 0.245480000000000 0.267660000000000 0.268320000000000 0.274960000000000 0.276480000000000 0.300720000000000 0.310700000000000 0.344760000000000 0.351500000000000 0.361720000000000 0.374720000000000 0.395220000000000 0.403020000000000 0.415960000000000 0.422120000000000 0.429520000000000 0.441240000000000 0.444020000000000 0.490720000000000 0.497280000000000 0.518080000000000 0.542640000000000 0.550200000000000 0.553000000000000 0.556040000000000 0.562160000000000 0.565440000000000 0.584800000000000 0.632300000000000 0.637160000000000 0.643520000000000 0.649680000000000 0.671180000000000 0.684580000000000 0.698940000000000 0.701660000000000 0.718280000000000 0.719880000000000 0.721960000000000 0.739600000000000 0.759000000000000 0.801900000000000 0.812060000000000 0.822060000000000 0.823700000000000 0.850120000000000 0.854400000000000 0.875020000000000 0.875900000000000 0.876200000000000 0.879360000000000 0.883460000000000 0.885860000000000 0.889660000000000 0.928280000000000 0.932240000000000 0.937900000000000 0.938040000000000 0.944620000000000 0.956820000000000 0.962820000000000 0.963540000000000 0.977620000000000 0.984060000000000
0101100110000100010000100000010000001000000000000000010000000100100000000100000001010000
1010100110100000000000100000010111000001000000010000010000000100100000000100000001010000
1010100110000010001000100000010000000000001000010000000000000000100000000010010100100011
1010100110100000000000100000010111000001000000010000010000000100100000000100000001010000
0000100110001000000010000100001000100100000000001100100000000000100000000100000001010000
1010100110000000001000100000010000000000000000010000000000001000100000000010010100100001
1010100110000000001000100000000000100100010000000000000100000000010010000010000000000000
1010100110000000001000100000000000100100000101000000100000000000000010010010000000100000
1010100110000000001000100000010000000000100000000000000100000100100000000100000001010000
0101100110000100000000100000010000100100000000001100100000000000010010100010000000000000
1010100110000000001000100000010000000000000000010001000000000000100000000010010100100001
1010100110000000001000100000010000000000100000000000000100000100100000000010000000000000
1010100110000100000000100000010000100100000000001100100000000000010010000010000001010000
0101100110000100000000100000010000100100000001000000000000000000000000001000000010000000
0101100110000100000000100000010000100100000000001100100000100000010011000010000001010000
0000011000000000000100000000000000000000000000000010001001010000000000000011000000000000
1010100111000000100000100000010111000001000000010000010000000100100000000100000001010000
1010100110000000001000100000010000000000000000010001000000000000100000000010010100100001
1010100110000000001000100000010000000000100000000000000100000100100100000100000001010000
1010100110100000000000100011010111000001000000010000100000000010010010000010001001010101
1010100111000000000000110000010111000001000000010000010000000100100000000100000001010000
1010100110000000001000100000010000000000100000000000000000000000100000000010010100100001
1010100110100000000000100000110111000001000000010000010000000100100000000100000001010000
1010100110000000001000101000010000110100000001000000100010000000010010000010000000000000
1010100110100000000000100011010111000001000000010000100000000010010010000010001001010100
1010100110000000001000101000010000110100000001000000100010000001010010000010000000000000
0101100110000100000000100000010000100100000000000000000100000000000010010010000000100000
1010100110000000001000100000010000001000000000100000000100000000000010000010000000000000
1010100110000000001000100000010000000000100000000000000100000100100000000100000001010000
0101100110000000001001100000010000001000000000000000000100000000000010010010000000100000
1010100110000100000000100000010000000000100000000000000100000100100000000100000001010000
1010100110000000001000100000010000000000000000010000000000000000100000000010110100100001
1010100110000000001000100000010000110100000001000000100010000000010010000010000000000000
1010100110100000000000100000010111000011000000010000010000000100100000000100000001010000
1010100110100000000000100000010111000001000000010000010000000100100000000100000001010000
1010100111000000000000110000010111000001000000010000010000000100100000000100000001010000
0000010110000001000000100000010000000000000000010000000000000000100000000010010100100000
0000100110001000000010000000000000100100000010001100100000000000011010000010000000001000
1010100110110000000000100000010111000001000000010000010000000100100000000100000001010000
1010100110000000001000100000010000000000100000000000000100000100100000000100000001010000
