//
segsites: 102
positions: 0.005240000000000 0.011300000000000 0.022180000000000 0.025380000000000 0.026480000000000 0.038500000000000 0.040820000000000 0.050720000000000 0.066080000000000 0.069040000000000 0.101960000000000 0.105820000000000 0.108260000000000 0.113160000000000 0.122720000000000 0.140680000000000 0.141680000000000 0.146080000000000 0.147060000000000 0.155860000000000 0.172400000000000 0.179000000000000 0.184900000000000 0.200680000000000 0.201280000000000 0.202300000000000 0.202980000000000 0.206240000000000 0.214740000000000 0.222460000000000 0.254600000000000 0.257860000000000 0.296080000000000 0.301420000000000 0.306620000000000 0.310280000000000 0.315140000000000 0.320240000000000 0.329180000000000 0.345380000000000 0.351760000000000 0.355780000000000 0.372920000000000 0.380960000000000 0.383360000000000 0.430240000000000 0.431860000000000 0.435660000000000 0.437200000000000 0.446860000000000 0.458440000000000 0.464340000000000 0.477860000000000 0.480780000000000 0.489040000000000 0.499240000000000 0.499280000000000 0.519320000000000 0.528840000000000 0.530800000000000 0.538540000000000 0.547520000000000 0.550460000000000 0.570100000000000 0.588780000000000 0.600460000000000 0.600720000000000 0.615380000000000 0.618580000000000 0.621080000000000 0.638240000000000 0.653120000000000 0.676500000000000 0.707260000000000 0.708520000000000 0.714020000000000 0.714320000000000 0.719580000000000 0.728400000000000 0.747480000000000 0.763460000000000 0.770000000000000 0.780680000000000 0.789480000000000 0.805100000000000 0.817240000000000 0.836840000000000 0.869580000000000 0.877700000000000 0.885980000000000 0.886400000000000 0.890720000000000 0.905300000000000 0.926720000000000 0.933880000000000 0.944040000000000 0.953000000000000 0.953040000000000 0.954100000000000 0.964060000000000 0.964320000000000 0.986860000000000
000000000000000010000001010000010001000010100000000001110000010110000000000000000010000000000000000000
000000000000000010000001010000010001000000100000000110000000000000110100100010100000000000000010011000
000000100000000000000001010000000001110000000000000100010100000000010000101100000000000000000000000000
001000000111000000001100001101000001000000100001000001110000110010000000000000000010000000000000000000
000000000000000000000001010000000001111000000100100100010110000000010000100000000010000000000000000000
001000000111000000001000001101000001111000110000000001110000010010000000000000000010000000000000000000
000000100000000000000001010000000001110000000000000100010100000000010000100100000000000000000000000000
000100100000000000000001010000000001110000000000000100010100000000010000100100000000011000000000000000
001000001111000101000000001100000001110000000000000100010100000000011000100100000000000000001000000000
000001000000000000000010001101101001000000100000000001110000011010000000000000000010000000000000000000
000010100000100000000001010000000001110000000000000100010100000000110000100100010100000000010000100001
001000000111000000001000001101000001111000100000000100000000000000010110100010100000000001000100000000
000000000000000010000001010000000001000010100000000001110000010110000000000000000010000000000000000000
001000000111000000010000001101000001110000000000000100010100000000010000100100000000001000000000000100
001000000111000000001001010000000001000010100000000001110000010110000000000000000010000000000000000000
001000000111000000001000001101000011000000100000000100000000000000110100100010100000000000000000000000
000000100000000000100001010000000001110000000000000100010100000000010000100100000000000000000000000000
000000000000000000000001010000000001110000000000000100010100000000010000100100000000000000000000000000
001000000111000000001000001101000001000000100000000001110001110010000000000000000010000001000100000000
000000100000000000000001010000000001110000000000000100010100000000010000100100000000000000000000000000
000000000000000000000001010010000001110000000000000100010100000000110100100010100000000000000000000000
000000000000000010000001110000010001000010100000000001110000010110000000000000000010000010000000000000
001000001111000101000000001100000001110000000000000100010100000000011000100100000000000000001000000000
001000000111000000001000001101000001000000100000000001110000110010000000000000000010000000000000000000
000000100000000000000001010000000001110000000000000100010100000000010000100100000000000000000000000000
001000000111000000001000001101000001000001100000000100000000000000110100100010100000000000000000000000
000000100000000000000001010000000001110000000000000100010100000000010000100100000000000000000000000000
001000001111000101000000001100000001110000000000000100000000000000110100100010100000000000000000000000
000000100000000000000001010000000001110000000000000100010100000000000001000000000010000000000001000000
001000000111000000001000001101000001111000100000000100000000000000010110100010100000000001000100000000
000000000000010000000001010001000011000000100000000100000000000000110100100010100000000000100000000000
010000000000000000000001010000000001110000100010000001110000010010000000000000000010000000000000000000
000000000000000000000001010000000001110000000000000100010100000000010000100100000000000000000000000000
000001000000000000000001010000000001110000000000000100010100000000010000110100000000001000000000000000
000000000000000010000001010000010001000010100000000001110000010110000000000000000010000000000000000000
001000000111000000001000001101000001000001100000000100000000000000110100100010100000000000000000000000
100000100000000000000001010000000001110000000000000100010100000000010000100100000000001000000000000010
000000100000000000000001010000000001110000000000000100010100000000010000100100000000000000000000000000
000000110000000000000001010000000001110000000000000100010100000000010000100100000000000000000000000000
000000000000001000000000000000000101000100001000011000001000000001000000000001001001100100000000000000
