//
segsites: 87
positions: 0.003720000000000 0.010840000000000 0.013180000000000 0.028040000000000 0.030000000000000 0.036220000000000 0.036880000000000 0.042520000000000 0.062660000000000 0.066820000000000 0.076820000000000 0.080300000000000 0.092460000000000 0.097500000000000 0.101580000000000 0.111620000000000 0.143680000000000 0.165700000000000 0.176760000000000 0.211120000000000 0.211560000000000 0.214620000000000 0.223720000000000 0.224760000000000 0.229200000000000 0.231720000000000 0.231940000000000 0.237940000000000 0.253740000000000 0.261240000000000 0.263220000000000 0.271100000000000 0.276900000000000 0.278540000000000 0.287760000000000 0.308040000000000 0.317120000000000 0.408720000000000 0.413480000000000 0.453640000000000 0.456700000000000 0.465660000000000 0.470780000000000 0.473540000000000 0.503960000000000 0.506040000000000 0.550740000000000 0.569040000000000 0.572240000000000 0.582520000000000 0.584800000000000 0.593160000000000 0.605360000000000 0.633920000000000 0.659840000000000 0.665540000000000 0.666820000000000 0.687800000000000 0.691520000000000 0.715660000000000 0.727040000000000 0.761400000000000 0.767180000000000 0.786880000000000 0.788920000000000 0.794080000000000 0.794520000000000 0.801480000000000 0.810860000000000 0.865540000000000 0.866760000000000 0.873060000000000 0.878700000000000 0.885200000000000 0.918220000000000 0.932960000000000 0.946600000000000 0.963220000000000 0.966280000000000 0.967420000000000 0.981620000000000 0.982760000000000 0.983840000000000 0.983860000000000 0.983900000000000 0.986320000000000 0.988360000000000
000000000011000000000100100000000000010000010000000101010001001000000000101000110000000
000000000001000000000100100000000000010000010000000101010001001000000000101000110000000
000001011000001000000100100100000000000000000001000000100000100000000000101000110000000
000011011000001000000100100100000000000000000001000000100000100000000000101000110000000
000000000001000000000100100000000000010000011000110010000000010000001000000001100100000
000000000101000000000110100000000000010100010000000100010001001000000000000000000000100
000000000001000000010100100000000000010000010000000100010001001001000100101000100000000
000000000001000000000100100000000000010000010000000000000100010000001000000000100000000
000000000001000100001001000101000000010000010000000000001010001010100000000100000000010
000000000001000100001001000101000000000001001000110010000100010000001010000000000000100
000000000001000000001001000101100000000001001000111010000100010000000000000000100001000
000100000001000000000100101010001000000000100001000000100000100000000000000000101001000
000000000001010000000100100000000010110000010000000000001010001010100000000100000010010
000100000001000000000100101010001000000000000001000000100000100000000000000000100001000
000100000001000000000100101010001000000000000001000000100000100000000000000000100001000
000000000001000000000100100000000000010000010000000000000100010000001001000000100000000
000000000001000000001001000101000000001001001000110010000100010000001000000000000000100
000000000001000100001001000101000000000001001000110010000100010000001000000000000000100
000000000001000000000110100000000000010100010000000100010001001000000000101000000010010
000000000001000000000100100000000000010000010000000000001010001010100000000100000010010
000000000001000000000110100000000000010100010000000100010001001000000000101000100000000
000000000001000000000100100000000010010010010010000000001010001010100000001000000000100
000000000001000001000100100000000000010000010000000100010001001000000000101000100000000
000000000001000100001001000101000000000001011000110010000000010000011000000001100100000
000000000001000000000110100000000000010000010000000100010001001000000000101000100000000
000100000001000000000100101010001000000000100001000000100000100000000000000000101001000
110000100001000000000100100100000000000000000001000000100000100100000000101010110000000
001000000001000001000100110000000000010000010000000100010000010000001000000000000000100
000000000001000000001001000101000000000000010000000000001010001010100000000100000000010
000000000001000000000100100000000000010000010000000000000100010000001000000000100000000
000000000001000000000100100000000010010000010000000000000100010000001000000000100000000
000000000001000000000100100000000100010000010000000101010001001000000000101000110000000
000000000001000000000100100000000000010000011000110010000000010000001000000001100100000
000000000001000010010100100000000000010000010000000100010001001001000100101000100000000
000000000001000000000100100000000000010000011000110010000000010000001000000001100100000
000100000001000000000100101010001000000000000001000000100000110000001000000000100000000
000100000001100000000100101010001000000000000001000000100000100000000000000000100001000
000000000001000000000100100000010000010000010000000000000100010000001000000000100000000
000000000001000100101001000101000001000001001000111010000100010000001000000000000000101
000000000001000000000100100000000010010000010100000000001010001010100000010100000000010
