//
segsites: 96
positions: 0.030840000000000 0.035160000000000 0.039100000000000 0.042700000000000 0.043860000000000 0.047040000000000 0.049480000000000 0.059760000000000 0.064060000000000 0.067420000000000 0.078840000000000 0.085540000000000 0.094120000000000 0.119080000000000 0.145660000000000 0.149660000000000 0.151880000000000 0.175360000000000 0.217740000000000 0.225020000000000 0.233720000000000 0.244340000000000 0.264520000000000 0.273680000000000 0.298180000000000 0.300660000000000 0.310480000000000 0.315700000000000 0.321280000000000 0.323360000000000 0.324940000000000 0.325120000000000 0.326860000000000 0.340800000000000 0.346120000000000 0.347180000000000 0.350120000000000 0.350840000000000 0.371360000000000 0.376660000000000 0.394020000000000 0.409060000000000 0.425040000000000 0.436100000000000 0.444160000000000 0.479080000000000 0.485140000000000 0.491020000000000 0.494560000000000 0.498280000000000 0.511460000000000 0.513940000000000 0.522380000000000 0.536020000000000 0.546980000000000 0.561440000000000 0.566780000000000 0.587120000000000 0.599980000000000 0.602380000000000 0.613920000000000 0.629280000000000 0.636440000000000 0.641060000000000 0.644980000000000 0.646060000000000 0.646380000000000 0.648580000000000 0.665920000000000 0.673720000000000 0.680480000000000 0.684660000000000 0.700600000000000 0.704720000000000 0.717600000000000 0.757740000000000 0.787560000000000 0.791020000000000 0.804200000000000 0.806620000000000 0.818940000000000 0.819740000000000 0.828520000000000 0.840100000000000 0.855100000000000 0.858640000000000 0.859040000000000 0.859120000000000 0.873380000000000 0.878500000000000 0.929120000000000 0.934420000000000 0.946220000000000 0.949320000000000 0.964100000000000 0.999120000000000
000000110000100000101101000000011000001001000000010000110011000000001100000000110000000000001000
000000110100100000101101000000011000001001000000000000000100001000000000010101000010001000000000
000000110000100010000000100001111000001111000000100000010010000001001000010100000000000000010000
000000111000100010000000000001111000001111000000100000010010000000000001000000000000100000010000
000000111000100010000000000001111000001111000000100000010010000001001100100010110000010000001001
001100000000000000010000000100000000000000001001001000000000001000000000010100000000000000010000
000000110000100000101101001000011000001001010100000000010010000000001100000000110010000010010000
000000110000100010000000100001111000001111000000100000010010000001001000010100000000000000010000
001100000000000000010000000100000000000000001001001000001010000000011100001000101000000000000000
000000100000000000010000000100000000000000001001001000001010100000011100001000101000000000000000
000000110000100000101101000000011000001001000000010000000000001000000100000100000001000000010000
000000110000100000101101000000011000001001000010010000000000001000000000010100000000000000010000
000000110000100000101101001000011000001001010100000000010010000000001100000000000000000000010000
000000110000100000101101000000011001001001001001001100000010000000000010000000000000100000010000
000000111000100010000000000001111000001111000000100000010010000001001100001000101000000000000000
001100000000000000010000000100000010000000001001001000001010000000011100001000101000100000010000
000000110000100000101101000000011001001001000000010000000000001000000000010100000000000000010000
000000110000100000101101000000011000001001000000010000000000000000000000000000100000001000000000
010001000001000010000000000010000000100000100000000000000010000010000000000000100000001000001000
001100000000000000010000000100000000000000001001001000001010000000011100001000101000000000000000
000000110000100010000000100001111000001111000000100000010010000001101000010100000000000000010000
000000110000100010000000100001111000001111000000100000010010000001001000010100000000000000010000
000000110000100000101101000000011001001001001001001100000010000000000000000000000100100000010000
110000000000010010000000000001111000001111000000100010010011000100000000000000100000001000000000
000000110000100000101101000000011001001001001001001100000010000000000000000000000000100001010000
000000110000100000101101000000011000001001000000010000000000001000000100000100000001000000010000
001100000000000000010000000100000000000000001001001000001010000000011100001000101000000000000000
000000110000100010000000000001111000001101000010010000000000001000000000010100000000000000010000
000000110000100000101101010000011001001001000000010001000000001000000000010100000000000000010000
000000110000100000101111000000011000001001000000010000000000001000000000010100000000000000010100
000000110000100010000101000000011000001001000000010000000000001000000000010100000000000100010010
010010000000001101000000000000000100010000001001001000000010010000000000000000000000000000000000
001100000000000000010000000100000010000000001001001000001010000000011100001000101000100000010000
010001000000100000101101000000011001001001000000000000000010000000000000000000100000001000100000
001100000000000000010000000100000000000000001001001000001010000000011100001000101000000000000000
001100000000000000010000000100000000000000001001001000000000001000000000010100000000000000010000
010001000001000010000000000010000000100000100000000000000010000000000000000000100000001000000000
001100000000000000010000000100000000000000001001001000000000001000000000010100000000000000010000
000000110000100000101101000000011001001001001001001100000010000000000000000000000000100000010000
000000000010000010000000000001111000001111000000100000010010000000001100000000110000000000001000
