//
segsites: 105
positions: 0.005740000000000 0.011980000000000 0.018940000000000 0.019000000000000 0.021380000000000 0.047160000000000 0.055180000000000 0.098800000000000 0.110980000000000 0.121420000000000 0.122700000000000 0.126520000000000 0.129920000000000 0.138540000000000 0.143060000000000 0.147520000000000 0.164960000000000 0.168780000000000 0.169860000000000 0.180300000000000 0.211060000000000 0.211980000000000 0.236220000000000 0.246780000000000 0.248240000000000 0.253920000000000 0.258260000000000 0.260000000000000 0.266660000000000 0.277580000000000 0.294000000000000 0.297060000000000 0.304120000000000 0.321060000000000 0.325380000000000 0.327540000000000 0.337040000000000 0.345040000000000 0.357000000000000 0.370160000000000 0.375980000000000 0.381560000000000 0.403780000000000 0.408180000000000 0.425200000000000 0.459820000000000 0.471180000000000 0.480940000000000 0.483500000000000 0.493040000000000 0.494880000000000 0.504760000000000 0.505920000000000 0.509080000000000 0.541160000000000 0.555920000000000 0.560960000000000 0.563560000000000 0.576380000000000 0.598900000000000 0.609460000000000 0.615140000000000 0.618060000000000 0.619620000000000 0.631360000000000 0.642420000000000 0.648380000000000 0.648940000000000 0.667020000000000 0.674440000000000 0.686680000000000 0.703720000000000 0.707220000000000 0.709300000000000 0.718440000000000 0.721780000000000 0.741400000000000 0.743380000000000 0.747080000000000 0.753340000000000 0.762560000000000 0.766840000000000 0.787340000000000 0.798160000000000 0.801420000000000 0.825200000000000 0.836800000000000 0.849800000000000 0.855380000000000 0.858440000000000 0.874120000000000 0.878180000000000 0.882600000000000 0.885880000000000 0.886100000000000 0.890620000000000 0.892440000000000 0.895580000000000 0.911660000000000 0.917640000000000 0.938240000000000 0.947100000000000 0.959880000000000 0.966740000000000 0.996820000000000
001100110000010010110011000010000000100000111000000101000001000000000000000000000100000000000010110001100
001100010000010000110001000000110000100000000110000100000100010000100100100010000000000000000100001100010
001100010000110000100001001010000000100000111000000100000001000000000000000000000000001100001000000010000
101101010000010000100000100000010000000000010000100000000010010000100100100010000000000000000100001100000
001100010000010000110001000010000000100000111000000101000001000000000000000000100000000000000010010001101
001100010010010010100001000010000000100000111000000101000001000000000000000000000000000000000010010001100
001100010000010100110001000010000000100000111000000101000001000000000000000000000000000000000100001100000
001100010000010000100001010000000000100000111000010100000001000000000000000000010000001000000010000000000
001100010000010010101000100000000000100000111000010100000001000000000000000000010000001000000010000000000
001100010000010010100000100000010000000001010000100000000000011000100110100010000000000000000100001100000
001100010000010010100000100000011000000000010000100000010000010000100100100010000000000000000100001100000
001100010000110000100001000010000000100000111000000100000001000000000000000000000000001000001000000010000
001100010000010010100000100000010000000001010000100000000000010000100110100010000000000000000100001100000
001100010000010100110001000010000000100000111000000101000001000000000000000000000000000000000010010001100
001110010000010010100000100000010000000000010000100000000000110000100100100010000000000000000100001100000
001100010000110000100001000010000000101000111000010100000001000000000000000000010000001000000010000000000
001100010000010000110001000010000000100000111000000101000001000000000000000000000000000000000010010001100
001100010000010000100001010001000000100000111000000101000001000000000000000000000000000000000010010001100
001100010000010000100001010000000000100000111000010100000001000000001000000000010000001000000010000000000
011100010000010000100001000000110000100000000010000100000100000000000000100001000010001000011000000010000
001100010000010000100001010000000000100000111000000100000001000000000001000000010000001000001000000000000
001100010000010000100001010000000000100000111000010100000001000000000000000000010000001000000010000000000
001100010000010000100001010000000000100100111000000100000001000000000000000000010000101000000010000000000
000000000000001010100000100000000000100000111000000101000001000000000000000000000100000000000100001100000
000000010000010000100001000010000000100000111000000101000001000000000000000000000001001000001000000010000
001100010000010010110001000010000000100000111000010100000001000000000000000000010000001000000010000000000
001100010000010000100001010000000000100000111000000100001001000000000001000000010000001000000010000000000
000000010000010000100001010100000000101000111000010100000001000000000000010000010000001000000010000000000
001100010000010000100001000010000000100000000011000100100100000011000000100001000000010010000010010001100
000000001100000000000000000000000010100000110000000100000001000100000000001000001000001001101000000001000
001100010000010000110001000010000000100010111000000101000001000000000000000000000000001000001000000010000
000000001100000000000000000000000010100000110000000100000001000000000000001000001000001001101000000001000
001100010000010000110001000010000000100000111000000101000001000000000000000000000000000000000010010001100
000000000000001001000100000000000011110000110000100000000000010000100100100001000000000000000001000001100
001100010000010010101000100000010100000000010011000100000100000011000000100001000000010000000010010001100
101101010000010000100000100000010000000000010000100000000010010000100100100010000000000000000100001100000
000000000001001001000100000000000011100000110000100000000000010000110100100001000000000000000000000000000
001100010000010000110001000010000000100000111000000101000001000000000000000000000000001000001000000010000
001100010000010000100001010000000000100000111000010100000001000000000000000000010000001000000010000000000
000000000000001010100000100000010000000000010000001010000100000000000000100101000000000000000000000001000
