//
segsites: 81
positions: 0.007800000000000 0.012040000000000 0.027800000000000 0.081440000000000 0.081460000000000 0.098740000000000 0.126680000000000 0.127840000000000 0.134240000000000 0.140980000000000 0.154560000000000 0.193840000000000 0.262920000000000 0.279020000000000 0.289960000000000 0.291060000000000 0.292120000000000 0.301660000000000 0.301800000000000 0.305340000000000 0.328340000000000 0.334040000000000 0.335700000000000 0.339340000000000 0.339600000000000 0.349540000000000 0.360320000000000 0.366980000000000 0.382980000000000 0.389600000000000 0.389780000000000 0.424260000000000 0.428380000000000 0.446720000000000 0.454980000000000 0.455500000000000 0.457260000000000 0.461440000000000 0.469060000000000 0.470360000000000 0.476680000000000 0.476680000000000 0.478420000000000 0.492420000000000 0.496500000000000 0.512160000000000 0.515060000000000 0.518520000000000 0.521720000000000 0.534240000000000 0.564880000000000 0.580840000000000 0.614640000000000 0.619220000000000 0.628540000000000 0.664640000000000 0.674780000000000 0.717740000000000 0.725020000000000 0.787280000000000 0.787660000000000 0.814200000000000 0.817000000000000 0.826800000000000 0.843960000000000 0.846080000000000 0.879500000000000 0.887360000000000 0.890720000000000 0.918740000000000 0.919360000000000 0.932960000000000 0.948100000000000 0.948560000000000 0.956960000000000 0.962460000000000 0.981660000000000 0.987540000000000 0.991580000000000 0.997860000000000 0.999440000000000
000010000101000010000101000001100000011110001000000010100001000000100000000000000
100000000001000010000000001000000000011100001000000010000000011010100010000000000
100000000001010010000000010001100000001100001000001100010000011001000001000000000
000000100001000010000000001000000000011100001000000010000000011010100010000000000
000000000101000010000000010001100000001100101000001100010000011001000000000000000
000010000101100010000000010001100000001100001000001100010000011001000000000000000
000010000101000010001010010001100100001100001000001010000100011001000000001000010
000000000001000010000000001000000000011100001000000010000000011010100010000000000
000100000001001011000100100000001011000000010000000010010010011001000000000100010
000000000001000010000000001000000000011101001000000010000000011010110010000000000
000000000001000010000000010001100000001100001000001100010000011001000000000000000
000010000101000010000000010001100100001100001000001010000100011001000100000000001
000000000001000010000000001000000000011100001000000010000000011001000000000000000
000000000001000010000000001000000000011100001100000010000000011010101010000000000
000010000101000010000000010001100000001100001000001010000000011001000000000000000
000010000101000010000000010001110000001100001000001010000000011001000000000000000
000000000101000010000000010001100000001100101000001100010000011001000000100000000
001010000101000010000000010001100000001100001000101100010000011001000000000000000
000010000101000010000000010001100000001100001000001010000000011010100010000000000
000011000001001011000101010101100000001100001011001100010000011001000000000000000
000010000111000010000000001000000000011100001000000010000000011010100010000000000
000000000001000010000000001000000000011100001000000010000000011010100010000000000
000000000001000010000000001000000000011100001000000010000000011010100010000001000
000010000101000010000000010001100000001100001000011010001000011101000000000000000
000010000101000010000000010001100000001100001000001010000000111001000000000000000
000010000101000010010000010001100000001100001000001010000000011001000000000000000
000010000101000010000000010001100000001100001000101100000000011010100010010001000
000010000101000010000000010001100100001100001000001010000100011001000000000000000
000000011000000100000000001001100000001100001000000010000000011010110010000000000
000000000001000010000000001000000000011100001000000010000000011010100010000000000
000000000001000010000000001000000000011100001000000010000000011010100010000001000
000010000101000010100000001010000000111100001000000010000000011001000000000000000
000010000101000010000000010001100000001100001000001101010000011001000000000000000
000010000101000010000000010001100100001100001000001010000100011001000000000000000
000010000101000010000000010001100100001100001000001010000100011001000000000000001
000000000001000010000000001000000000011100001000000010000000011010100010000010000
000010000101000010000000010001100000001100001000001100010000011001000000000000000
010010000101000010000000010001100100001100001000001010000100011001000000000000000
100000000001000010000000001000000000011100001000000010000000011010100010000000100
000000000001000010000000001000000000011100001000000010000000011010100010000001000
