//
segsites: 126
positions: 0.012960000000000 0.042120000000000 0.042920000000000 0.047120000000000 0.049360000000000 0.050560000000000 0.057100000000000 0.075380000000000 0.080440000000000 0.088200000000000 0.090320000000000 0.092840000000000 0.097780000000000 0.102340000000000 0.126880000000000 0.128240000000000 0.143740000000000 0.151240000000000 0.154480000000000 0.165760000000000 0.180160000000000 0.183020000000000 0.186020000000000 0.198600000000000 0.201620000000000 0.208300000000000 0.208780000000000 0.212460000000000 0.265240000000000 0.270900000000000 0.273140000000000 0.305120000000000 0.315620000000000 0.321780000000000 0.326180000000000 0.327920000000000 0.334060000000000 0.349000000000000 0.364240000000000 0.364260000000000 0.365560000000000 0.386680000000000 0.390640000000000 0.397640000000000 0.401420000000000 0.405920000000000 0.406140000000000 0.424600000000000 0.428640000000000 0.443240000000000 0.445980000000000 0.454020000000000 0.458620000000000 0.466580000000000 0.471720000000000 0.473420000000000 0.484400000000000 0.488400000000000 0.493740000000000 0.516840000000000 0.518420000000000 0.529740000000000 0.537940000000000 0.561840000000000 0.569200000000000 0.591060000000000 0.595180000000000 0.595740000000000 0.624480000000000 0.625320000000000 0.633080000000000 0.634380000000000 0.640460000000000 0.647380000000000 0.653480000000000 0.681120000000000 0.686620000000000 0.693300000000000 0.699120000000000 0.704180000000000 0.705460000000000 0.706480000000000 0.710800000000000 0.721860000000000 0.724440000000000 0.729480000000000 0.731880000000000 0.736400000000000 0.757900000000000 0.769520000000000 0.773480000000000 0.773880000000000 0.777520000000000 0.789280000000000 0.795220000000000 0.801600000000000 0.811340000000000 0.817940000000000 0.841160000000000 0.842760000000000 0.846600000000000 0.847420000000000 0.854700000000000 0.870040000000000 0.885440000000000 0.890920000000000 0.891280000000000 0.905160000000000 0.918600000000000 0.918840000000000 0.919580000000000 0.925680000000000 0.929740000000000 0.932100000000000 0.937280000000000 0.937560000000000 0.940920000000000 0.941260000000000 0.941760000000000 0.943240000000000 0.952400000000000 0.954860000000000 0.956400000000000 0.969020000000000 0.977340000000000 0.980460000000000
000000000101000000010100000000001000000001110010000000000001000000001000000000000000011110000000000000010000000010000000000010
000000000000000000100011100000000000000000001000000001010000001010000000000000000000000000000000100001001000001000000000000000
000000000101000000010100000000001000000001110010000000000000000000000010000010000000100000000000000100000000010010100000000010
000000001000000000000000000000110000010000001000000000100000010000000001000100000000000000100010000000000000000000000000000001
000000000000000000100000100000000000000000001000000001010000001010000000000001000000000000001000000000000000000000001000010000
000000000000000000100000100000000000000000001000000001010000001010000000000001000000000000001000000000000000000100000000000000
000000000000000000010000010000000110000010000000000100000000010000000010000010000000100000000000000100000000110010100000000010
000000000101000000010100000000001000000001110010000000000000000000001000100000001100011010000000000000010100000010000000000010
000000000000000000100001100000000000000000001000000001010000001010000100000000000000000000000000100001001000001000000000000000
000000010101000010010100000000001000000001110010000000000000000000001000000000000000010010000100010000100000001000000000000001
000001000000000000100000100000000000000000001000000001010000001010000000000001000000000000001000000000000000000100000000000000
000000000000000000100000100000000000000000001000000001010000001010000000000000100000000000000001000000000010001000000110100000
000000000110011000010000010000000000000001110110000010000000000100010000010000010000000000000100010000100000001000000000000001
000000000000000000100000100000000000000000001001000001011000001010000000000000000010000000000000000000000010001000000010100000
000000001000000000000000000000110000011000000000010100000000010000000010000010000000100000000000000100000000010010100000000010
000000000000000000100001100000000000000000001000000001010000001010000000000000000000000000010000100001001001001000000000000000
010000000101000000010100000000001000000001110010000000000000000000001000000000001100011010000000000000010000000010000000000010
000000101000000000000000000000110000010000001000000000100000010000000001000100000000000000100010000000000000000000001000010000
000000000000000000100000100000000000000001110110000010000000000100010000010000010000000000000100010000100000001000000000000001
000000001000000000000000000000110000010000001000000000100000010000000001000100000000000000100010000000000000000000001000010000
000000000100011000010000010000000000000001110110000010000000000100010000010000010000000000000100010000100000001000000000000001
000000001000000000000000000000110000010000001000000000100000010000000001000100000000000000100010000000000000000000001000010100
101010000000000000000000000010000000000001110010000010000100010000000001000100000001000001000000000000000000000101000000001000
000000000000000000100000100000000110000010000000000100000000010000000010000010000000100000000000000100000000010010100000000010
000100000100010000010000001001000001100001110010101010000010010000000010000010000000100000000000001000000000000000001000010000
000000000100011001010000010000000000000001110110000010000000000100010000010000010000000000000100010000100000001000000001000000
000000000000000000100000100000000000000101110110000000000000000000001000000000000000010010000000000000010000000010000000000010
000000000100011000010000010000000000000001110110000010000000010000100010000010000000000000000000100001001000001000000000000000
000000000100100000010000001000000000000000001000000001010000001010000000000000000000000000000000100001001000001000000000000000
000000000000000000100001100000000000000000001000000001010000001010000000000000000000000000000000100001001000001000000000000000
000000001000000000000000000000110000010000001000000000100000010000000001000100000000000000100010000010000000000000001000010000
000000000000000000100000100000000000000000001000000001010000001010000000000000000000000000000000000000000010001000000010100000
000000000101000000010100000000001000000001110010000000000000000000001000100000001100011010000000000000010100000010000000000010
000000001000000000010000010000000000000001110110000010000000000100010000010000010000000000000100010000100000001000000000000000
000000001000000000001000000000110000010000000000000100000000010001000010001010000000100000000000000100000000010010110000000010
000000001000000100001000000000110000010000000000000100000000010001000010000010000000100000000000000100000000010010100000000010
000000001000000000001000000000110000010000000000000100000000010001000010000010000000100000000000000100000000010010100000000010
000100000100010000010000001100000001100001110010101010000010110000000010000010000000100000000000001000000000000000001000010000
101010000000000000000000000010000000000001110010000010000100010000000001000000000000011110000000000000010000000010000000000010
000000000000000000100000100000000000000000001001000001011000001010000000000000000010000000000000000000000010001000000010100000
