//
segsites: 108
positions: 0.012660000000000 0.018300000000000 0.020760000000000 0.037900000000000 0.042500000000000 0.049780000000000 0.055540000000000 0.058200000000000 0.061300000000000 0.070420000000000 0.071500000000000 0.089540000000000 0.093900000000000 0.096540000000000 0.097420000000000 0.108080000000000 0.129740000000000 0.209520000000000 0.212060000000000 0.242600000000000 0.244440000000000 0.259700000000000 0.262800000000000 0.276240000000000 0.286080000000000 0.288060000000000 0.294320000000000 0.308660000000000 0.326700000000000 0.337860000000000 0.340660000000000 0.365220000000000 0.366560000000000 0.370680000000000 0.382280000000000 0.402580000000000 0.405540000000000 0.410940000000000 0.412560000000000 0.416560000000000 0.417300000000000 0.424220000000000 0.425420000000000 0.430380000000000 0.441760000000000 0.480520000000000 0.486160000000000 0.490880000000000 0.503360000000000 0.510220000000000 0.530440000000000 0.533360000000000 0.535500000000000 0.544060000000000 0.549420000000000 0.556080000000000 0.559060000000000 0.579460000000000 0.582780000000000 0.609420000000000 0.617580000000000 0.621920000000000 0.625360000000000 0.627700000000000 0.633240000000000 0.633260000000000 0.657560000000000 0.658120000000000 0.665160000000000 0.679340000000000 0.691200000000000 0.704220000000000 0.710560000000000 0.715720000000000 0.719980000000000 0.727540000000000 0.731920000000000 0.733260000000000 0.743140000000000 0.770020000000000 0.770820000000000 0.774980000000000 0.775300000000000 0.783960000000000 0.793320000000000 0.801860000000000 0.802400000000000 0.809340000000000 0.816980000000000 0.823720000000000 0.833820000000000 0.851900000000000 0.860840000000000 0.867420000000000 0.881240000000000 0.886080000000000 0.906560000000000 0.931260000000000 0.940040000000000 0.943340000000000 0.965060000000000 0.967220000000000 0.967680000000000 0.971180000000000 0.976600000000000 0.986640000000000 0.996580000000000 0.999220000000000
000100100000010000000000100000000010000000000010000010100000000001000000011000000100100100100000000010000001
000011000000000000111000000010001000010000110000000000000010010010000000011000000100100100100000000010000001
001000000000000000000000100000000111000000000000000010100000000001000000011000000100100100100000000010000001
001000000000000000000001100000001000010101000100000000000000000000000001000000110001000000001000000000100000
001000000000001000000000100000000111000000000000000000000010010010000000000000000100100100100000010100010010
000000000000000000110000000000100010000000000000000010100000000001000000011000000100100100100000000010000001
001000000000000000000000100000000111000000000000000000000010010010000000000000000100100100100000010100011010
000100100000010001000110000000100010000000000000000010100000000001000000000000000100100001100000000010000100
000000000100000100000001100010001000110000000000000100000000111000000000000000000000100000110000001000000000
000000000001000000110000000011000000001000000000001001000000000100011000000010001000000010000001000000010000
010000000000000000000000100000010111000000001000000000000101000000000100111001000000000010000001000010000001
001000000000000000000001100000001000010101000100100000000000000000000001000000110001000000001000000000100000
000000000001000100000001100010001000110000000000000100000000111000000000000000000000100000110000001000000000
001000000000000000000001100000001000010101000100000000000000000000000001000000110001000000001000000000100000
000100100000010000000000100011000000010000000000001001000000000100010000000010000000001000000110000010000001
000000000100000100000001100010001000110000000001000100000000111000000000000000000000100000110000001000000000
000100100000010001000110000000100000010000100000000000000010010010000010011000000100100100100000000010000001
001000001000000001000110000000100000010000100000000000000010010010000000011000000100100100100000100010000001
000100100000010001000110010000100010000000000000000010100000000001000000011000010001000000000100010101010010
001000000000100000000000100100000010000000000000000010110000000001000000011000000110100100100000000010000001
001000010000000010010000001010001000010000000000010000000010010010000000000000000100100001100000000010000100
001000000000000000000000100000000111000010000000000000000010010010000000000100000100100100100000010100011010
001000001000000000000000100000000010000000000000000010100000000001000000011000000110100100100000000010000001
001000000000000000000001100000100010000000000000000010101000000001000000011000000100100100100000000010000001
001000000000000000000000100000000111000000000000000000000010010010000000000100000100100100100000010100011010
000000000000000000110000000010001000010000000000000000000010010010000000000000000100100100100000000010000001
000100100000010001000110000000100010000000000000000010100000000001000000011000000100100100100000100010000001
001000000000000000000000100000000111000000000000000000000010010010000000000000000100100100100000010100010010
001000000000000000000001100000001000010101000100000000000000000000000001000000110001000000001000000000100000
000011000010000000110000000010001000010000100000000000000101000000000100111001000000000010000001000010000001
001000000000000000000000100000000111000000000000000000000010010010000000000100000100100100100000010100011010
001000000000000000000000100000000111000000001000001001000000000000100000011001000000010010000100010000010000
000000000100000100000001100010001000110000000000000100000000111000000000000000000000100000110000001000000000
000100100000010001000110000000100010000000000000000010100000000001000000011000000100100100100000000010000001
000100100000010001000110000000100010000000000000000010100000000001000000011000000100100100100000000010000001
101000000000000000000000100000000010000000000000000010100000000001000100111001000000000010000001000010000001
000000000001000000110000000011000000001000000000001001000000000100011000000010001000000010000001000000010000
000000000100000100000001100000001000010101000100000000000000000000000001000000110001000000001000000000100000
000100100000010000000000100000000010000000000010000010100000000001000000011000000100100100100000000010000001
000100100000010001000110000000100010000000000000001001000000000100011000000010000000000000000100010100010010
