//
segsites: 102
positions: 0.003380000000000 0.005600000000000 0.006300000000000 0.012900000000000 0.015780000000000 0.026880000000000 0.029160000000000 0.029780000000000 0.031160000000000 0.032400000000000 0.033740000000000 0.037060000000000 0.042340000000000 0.050200000000000 0.050440000000000 0.052840000000000 0.061220000000000 0.071820000000000 0.082680000000000 0.086520000000000 0.089800000000000 0.111940000000000 0.124000000000000 0.124060000000000 0.139520000000000 0.173120000000000 0.175400000000000 0.175740000000000 0.208180000000000 0.217140000000000 0.225240000000000 0.234400000000000 0.240160000000000 0.241280000000000 0.278480000000000 0.299520000000000 0.303240000000000 0.324500000000000 0.328060000000000 0.355320000000000 0.369860000000000 0.370120000000000 0.370500000000000 0.381860000000000 0.392560000000000 0.408160000000000 0.409260000000000 0.411500000000000 0.423820000000000 0.425340000000000 0.446040000000000 0.462720000000000 0.468900000000000 0.492740000000000 0.501000000000000 0.501680000000000 0.535480000000000 0.535780000000000 0.564040000000000 0.564360000000000 0.580820000000000 0.582340000000000 0.592780000000000 0.607900000000000 0.624640000000000 0.641280000000000 0.644700000000000 0.651500000000000 0.654180000000000 0.662840000000000 0.673540000000000 0.674020000000000 0.694560000000000 0.702160000000000 0.720420000000000 0.725080000000000 0.739860000000000 0.757560000000000 0.820700000000000 0.832480000000000 0.834320000000000 0.839900000000000 0.861240000000000 0.866900000000000 0.880340000000000 0.885100000000000 0.889020000000000 0.898600000000000 0.907140000000000 0.916640000000000 0.918300000000000 0.922620000000000 0.937160000000000 0.939120000000000 0.951020000000000 0.956680000000000 0.966400000000000 0.969760000000000 0.971380000000000 0.977860000000000 0.991560000000000 0.997860000000000
010000000011000100000010000001001000000000000000010001000000010010010100000000000001000000000001000000
011000000011000100000000000000100000000000000000010001000000010010010100000000000001000000000001000000
010000000011000100000100000000100000100000101000111000000110010000100100000000000001000000000001000000
000100001000000001000000000001001000000000000110000010000001110001000100001001000000000000000000000000
000100001000000001000000000001001000000000000110000010000001110001000100000010000000000101010010000000
100000000100110000100001010000100000100000101000011000000110010000100100000000000001000000000001000000
100000000100110000101001010000101000000000000110000001000000010010010100000000000001000000000001000000
100000000100110000101001010000101000000000000110000010000001110001000100000010001000000101010001000000
100000000100110000101001010000101000000000000110000010000001110001000100000010001000000101010001000000
010000000011000100000000010000101000000000000110000010000000000100000000001001000000000000000000000000
100000000100110000100001010000100000100000101000011000001110010000000100010000000000010111000110000010
010000000011000100000100000000100000100000101000111000000110010000100100000000000001000000000001000000
010000000011000100000000000001001000000010000000010001000000010010010100001001000000000000000000000000
000100001000000001000000000001001000000100000101000010000000010010010110000000000001000000000001000000
010000000011000100000000000000100000100000101000011000000110010000100100000000000001000000000001000000
000100001000000001000000000001001000000000010110000010000001110001000100000010100000000101010010000000
000001100011001010010000000000000000000000000000010000000001010000000000000000010100000000000001000000
000100001000000001000000000001001000000001000000010000010000010000000100010000000000000101000110000010
000000000100110000101001010000101000000000000110000010000000000100000000001001000001001000100001000000
100000000100110000100001010000100000100000101000011000000110010000100100000000000001000000000001000000
000100001000000001000000000001001000000000000110000010000001110001000100100010000000000101010010000000
010000000011000100000000000101001000000000000000010001000000010010010100000000000001000000000001000000
000110001000000001000000000001011000000000000110000010000000000100000000001001000000000000000000000000
100000000100110000101001010000101010000000000110000010000001110001000100000010000000100101010010000000
000100011000000001000000000001001000000000000110000010000001110001000100000010000000000101011010000000
000100001000000001000000000001001000000000000110000110000000001100000001000000000001000000000001000001
100000000100110000101001010000101000010000000110000010000001110001000100000010001000000101010010000000
000100001000000001000000000001001000000000000110000010000001110001000100000010001010000101010001100100
010000000011000100000000000011001001000000000000010000000000000100000000001101000000000000000000000000
010000000011000100000000100001001000000000000000010001000000010010010100001001000000000001010010000000
010000000011000100000000000001001000000000000000010001000000010010010100001001000000000000000000000000
000110001000000001000000000001011000001000000110000010100001110001000100000010000000000101010010000000
100000000100110000100001010000100000100000101000011000001100000100000000001001000000000000000000001000
000100001000000001000000001001001000000100000000010001000000010010011100000000000001000000000001000000
100000000100110000101001010000101000000000000110000010000001110001000100000010001000000101010001000000
100000000100110000101001010000101000000000000110000010000001110001000100000010001000000101010001000000
100000000100110000101001010000101000000000000110000010000001110001000100000010001000000101010001000000
100000000100110000100001010000100000100000101000011000000110010000100100000000000001000000000001000000
000100001000000001000000000001001100000000000110000010000001110001000100000010000000000000000000000000
100000000100110000101001000001001000000000000110000010000001110001000100000010000000000101010010010000
