//
segsites: 79
positions: 0.000040000000000 0.004680000000000 0.018140000000000 0.028060000000000 0.030440000000000 0.045800000000000 0.071120000000000 0.073640000000000 0.074680000000000 0.076200000000000 0.107160000000000 0.110040000000000 0.160040000000000 0.166380000000000 0.176040000000000 0.181280000000000 0.182580000000000 0.190180000000000 0.191640000000000 0.200060000000000 0.213440000000000 0.215120000000000 0.239020000000000 0.287640000000000 0.293400000000000 0.295900000000000 0.320020000000000 0.326240000000000 0.363160000000000 0.451980000000000 0.460920000000000 0.464920000000000 0.522280000000000 0.543720000000000 0.577280000000000 0.604640000000000 0.617260000000000 0.617380000000000 0.627920000000000 0.656000000000000 0.687420000000000 0.689960000000000 0.725100000000000 0.731820000000000 0.755200000000000 0.778740000000000 0.796020000000000 0.800200000000000 0.801080000000000 0.807100000000000 0.810080000000000 0.815220000000000 0.817540000000000 0.817860000000000 0.821540000000000 0.822260000000000 0.823120000000000 0.823860000000000 0.843780000000000 0.861400000000000 0.863660000000000 0.864540000000000 0.869580000000000 0.891660000000000 0.892960000000000 0.902360000000000 0.908440000000000 0.909520000000000 0.909620000000000 0.939000000000000 0.941900000000000 0.945760000000000 0.949100000000000 0.956420000000000 0.987700000000000 0.988020000000000 0.990860000000000 0.991660000000000 0.997540000000000
0000000000100100000100001000000000100010000100000000000000100000000001000100000
0000000000000100000100000000100011000000001000011000010010010100010000000000000
0000000000100100000100001000000000100010000000100000000000110100010000000000000
1000001110101011000010010000100011000100000000011000011010000110010000000000001
0000000000100100000100001000000000110010000000100000000000101000001000000010010
1000001010101011101010010000100011000000010001000010000000000000100100000100000
0000001010100100000100001000000011000000000000011000011010000100010000001000000
0000000000000100000100000000100001000000000000011000010010000100010000010000000
0000000000100100000100010000100011000000000000011000011010000100010000000000000
0000000000101011000010010000100000100010000100000000000000100000000000000100000
1000001110101011010010010001100010100010000000100000000000100000001000000010010
0000000000100100000100001000000000100010000100000000000000100000000000000100000
0000000001100100000100001000000010101010000000100000000000100000001000000011010
0000000000101011000010010000100000100010000100000000000000100000000000000100000
0000000000000100000100000000100011000000001000011000010010010100010000000000000
0001000000000100000100000000100011000000000000011000010010000100010000000000000
0000000000101011000010010000100100100010000100000000000000101001001000000010010
0000000001100100000100001000000010100010000000100000000001100000001000000010010
0000000000100100000100001000000011000000000000011000011010000100010010000000000
0000000000000100000100000000100011000000001000011000010010010100010000000000000
0000000000000100000100000000100011000000001000011000010010010100010000000000000
1000001110101011000010010001100010100010000000100000100000100000001000000010010
0010000000000100000100110000100001000000000000011000010010000100010000010000000
1000000000101011000010010000000000100010000000100000000100101000001000000010010
0000000000000100000100000000100010100010000100000000000000100000000000000100000
0000000000110100000100000000100011000000000000011000010010000100010000000000000
0000000000100100000100001000000000100010000000100100000000110100010000000000000
0000000000000100000100000000100011000000001000011000010010010100010000000000000
0000010000100100000100001000000000100010000100000000000000100000000000000100000
0000000000000100000100000000100011000001001000011000010010010100010000000000000
0000000000100100000100001010000000100010000000100000000000101000001000000010010
0000001010100100000100001000000011000000100000011000011010000100001000000010010
0000000000100100000100001000000000100010000000011001010010000100010000000000000
1000001010101011000010010100100011000000001000000000000000100000000000000100100
0000000001101011000010010000100000100010000100000000000000100000000000000100000
0100000000100100000100001000010000100010000000100000000000100000001000000010010
0000100000101011000010010000100001000000000100000000000000100000000001000100000
0000100000101011000011010000100001000000000100000000000000100000000001000100000
0000000000101011000010010000101011000000001000011000010010010100010000000000000
0000000000101011000010010000100001000000000010011000010010000100010000100000000
